Nodes: 100
Protection radius: 1.000000
Disaster radius: 0.500000
0: 0.167354 3.556281
1: 0.292598 12.637065
2: 0.312515 43.056746
3: 0.432340 0.649596
4: 0.625646 20.474988
5: 0.907921 26.338385
6: 4.116170 48.307745
7: 4.205877 19.950190
8: 4.301428 5.950253
9: 5.573144 3.158774
10: 5.698994 18.562705
11: 6.187843 49.736317
12: 7.766716 37.877270
13: 8.315152 12.860042
14: 9.187043 45.890794
15: 10.093090 4.787136
16: 11.551257 48.478631
17: 11.976850 0.304687
18: 13.174574 26.987789
19: 13.347816 4.591938
20: 13.918613 11.246570
21: 14.009884 18.478200
22: 14.863092 1.952705
23: 14.883535 44.238855
24: 14.901844 46.459047
25: 15.000997 28.735264
26: 15.396020 24.248035
27: 15.594279 5.519386
28: 16.051626 9.458780
29: 16.344410 16.194898
30: 16.788338 36.328706
31: 17.453871 24.366778
32: 17.659418 0.672073
33: 17.677913 3.360486
34: 19.410739 47.774747
35: 19.606751 6.854553
36: 19.882363 41.647611
37: 20.199356 36.591222
38: 21.186654 11.302763
39: 21.466293 0.919250
40: 21.466629 49.637487
41: 21.494836 24.727955
42: 21.665669 22.361482
43: 22.318821 3.187468
44: 23.410280 7.096469
45: 24.025689 41.408231
46: 25.002160 2.657976
47: 26.545058 52.559268
48: 27.024754 4.171604
49: 27.907028 50.723715
50: 29.035171 1.525114
51: 29.369934 4.551105
52: 30.493881 26.906208
53: 30.819382 29.908085
54: 31.433199 19.243778
55: 31.838059 3.794853
56: 31.942179 6.355197
57: 32.408511 44.251438
58: 32.587255 46.522686
59: 32.744603 13.151584
60: 33.694886 33.212597
61: 33.760761 14.963368
62: 33.914973 30.806396
63: 34.852782 42.456031
64: 35.249409 52.096713
65: 35.434136 16.874690
66: 35.825223 20.575586
67: 36.256148 9.845126
68: 36.530169 50.100632
69: 36.600482 3.011044
70: 37.024551 26.032246
71: 38.733597 45.421560
72: 39.487480 22.291314
73: 39.567795 1.200519
74: 39.908300 29.985823
75: 39.951708 47.675016
76: 40.008031 10.617041
77: 40.211308 25.489110
78: 40.500310 14.309168
79: 40.647553 37.200264
80: 41.672746 40.703324
81: 42.148890 35.147445
82: 42.449762 10.357403
83: 42.608750 26.623003
84: 45.185708 51.909918
85: 45.233376 14.098921
86: 45.643499 43.813092
87: 47.342824 21.992741
88: 47.555417 15.280075
89: 48.046291 25.895462
90: 48.494310 6.362447
91: 49.078325 30.750934
92: 49.555903 40.948404
93: 49.617821 51.895340
94: 50.760202 8.533406
95: 50.871038 35.005055
96: 51.269694 0.991305
97: 52.581991 36.568663
98: 52.637027 28.579584
99: 52.901871 33.496965
Edges
(0,1)
(1,3)
(1,7)
(1,10)
(1,21)
(1,26)
(1,29)
(1,41)
(2,4)
(2,5)
(2,6)
(2,30)
(2,36)
(3,13)
(3,27)
(4,18)
(5,12)
(5,37)
(6,34)
(8,9)
(8,15)
(8,28)
(11,16)
(13,20)
(13,29)
(14,23)
(14,45)
(15,27)
(16,49)
(17,33)
(17,61)
(17,73)
(17,96)
(18,31)
(18,41)
(19,35)
(21,29)
(22,61)
(24,81)
(25,45)
(27,41)
(28,29)
(32,44)
(32,73)
(32,87)
(32,98)
(34,40)
(34,63)
(35,45)
(36,37)
(38,42)
(39,43)
(39,50)
(39,69)
(40,63)
(42,61)
(43,56)
(44,59)
(45,53)
(45,54)
(45,61)
(45,77)
(45,91)
(46,48)
(46,51)
(46,55)
(46,56)
(47,49)
(47,64)
(48,56)
(49,75)
(51,69)
(51,96)
(52,62)
(56,82)
(56,96)
(57,63)
(58,71)
(58,79)
(58,81)
(58,95)
(59,65)
(59,89)
(59,98)
(60,77)
(60,83)
(60,89)
(61,62)
(62,70)
(62,77)
(63,81)
(64,68)
(64,84)
(64,93)
(65,70)
(65,72)
(65,89)
(66,70)
(67,82)
(68,75)
(68,86)
(70,72)
(72,83)
(74,89)
(75,92)
(75,95)
(76,82)
(78,85)
(78,88)
(78,90)
(78,94)
(80,98)
(80,99)
(81,91)
(82,90)
(92,97)
(94,96)
