Nodes: 60
Protection radius: 1.000000
Disaster radius: 0.500000
0: 0.049415 25.197515
1: 1.192864 0.772218
2: 1.790607 30.390340
3: 2.822838 27.354753
4: 3.273125 8.051178
5: 3.538521 19.940512
6: 3.661513 16.535341
7: 4.528126 23.357999
8: 6.013855 25.531671
9: 6.982658 10.922378
10: 7.154639 2.586769
11: 8.350280 19.005323
12: 8.414169 30.441633
13: 8.668551 16.304517
14: 10.213582 33.131804
15: 11.842220 17.744898
16: 11.860592 15.337490
17: 11.945638 3.231504
18: 13.977713 26.596292
19: 14.408673 19.356503
20: 14.513910 3.442230
21: 15.952580 6.203656
22: 15.954291 28.974606
23: 16.312230 23.910540
24: 16.778501 2.656325
25: 17.459565 31.321407
26: 17.993815 11.866783
27: 18.341904 17.076203
28: 19.953478 29.287856
29: 19.976921 10.911302
30: 20.128720 27.000003
31: 21.578890 32.264811
32: 21.630655 17.297154
33: 22.245798 21.977334
34: 22.294731 6.386595
35: 22.808255 12.432609
36: 22.948932 28.806268
37: 23.790168 0.827877
38: 23.887805 15.568808
39: 24.614295 31.213953
40: 25.364946 23.702811
41: 26.151768 18.505839
42: 26.523915 2.081301
43: 26.903112 9.774087
44: 27.779005 7.206719
45: 29.471677 4.409156
46: 29.714599 6.676990
47: 30.513706 30.596078
48: 31.054110 14.913199
49: 31.110705 11.243664
50: 31.164538 32.592653
51: 32.262821 26.507299
52: 32.957566 28.555486
53: 33.048248 3.947293
54: 33.082389 7.760051
55: 33.091670 24.433715
56: 33.220998 15.601536
57: 33.383199 21.420500
58: 33.816178 33.129365
59: 33.987034 13.126313
Edges
(0,9)
(0,10)
(1,4)
(1,17)
(2,5)
(2,9)
(2,13)
(2,17)
(3,17)
(6,9)
(7,17)
(8,12)
(8,18)
(11,13)
(11,16)
(12,14)
(12,22)
(14,28)
(14,40)
(14,50)
(15,19)
(17,19)
(17,53)
(19,22)
(20,23)
(20,27)
(21,27)
(22,38)
(23,34)
(24,37)
(24,42)
(25,36)
(26,29)
(28,30)
(29,34)
(31,51)
(31,56)
(32,34)
(33,41)
(33,59)
(34,38)
(35,38)
(36,56)
(38,41)
(38,43)
(39,51)
(41,46)
(42,53)
(43,44)
(45,48)
(47,50)
(48,49)
(49,59)
(52,56)
(54,59)
(55,56)
(56,57)
(56,58)
(58,59)
