Nodes: 100
Protection radius: 1.000000
Disaster radius: 0.500000
0: 0.014837 12.093264
1: 0.411421 49.652671
2: 1.763231 38.494152
3: 2.835536 45.005078
4: 2.890743 57.922900
5: 3.191012 13.793669
6: 3.874911 53.719908
7: 4.140845 21.707356
8: 4.358523 19.065382
9: 4.871096 48.632303
10: 5.032156 51.560286
11: 5.056923 4.820004
12: 6.249662 38.007638
13: 6.672799 40.928753
14: 7.017239 31.059136
15: 7.133961 48.088015
16: 7.740512 18.391001
17: 8.268531 21.588580
18: 8.949383 39.623836
19: 9.320842 43.092923
20: 10.029072 9.605323
21: 10.810042 3.751866
22: 10.849998 14.242589
23: 11.441111 20.130884
24: 12.377961 27.446739
25: 13.545801 21.658775
26: 13.689169 33.881102
27: 15.699172 55.638732
28: 16.249863 50.276581
29: 16.369591 29.576143
30: 18.130876 47.456052
31: 18.313752 19.840018
32: 19.346087 8.365914
33: 19.693932 31.612424
34: 20.557937 20.312406
35: 20.837008 3.265373
36: 21.581675 17.988499
37: 21.973264 31.510519
38: 22.022315 37.511442
39: 23.398992 24.524240
40: 23.414521 44.920384
41: 23.431409 3.574503
42: 24.206771 53.313244
43: 24.244628 8.456897
44: 25.301216 19.965939
45: 25.433737 27.622519
46: 25.574296 41.745161
47: 25.869695 16.689895
48: 26.188005 36.085854
49: 29.068614 52.242080
50: 29.957139 13.379485
51: 30.220592 57.371608
52: 30.288499 33.162280
53: 30.770733 8.725797
54: 31.703947 25.803241
55: 32.640346 39.324836
56: 32.906798 45.127669
57: 32.975482 53.809914
58: 33.678272 23.247050
59: 34.191147 57.970579
60: 34.583720 8.368905
61: 35.637821 24.562771
62: 35.686163 52.164946
63: 35.881192 37.401052
64: 36.630251 54.100758
65: 37.465068 2.151304
66: 37.760293 40.797106
67: 37.871117 30.368560
68: 38.352875 44.916871
69: 38.565364 26.706236
70: 39.786985 6.231533
71: 40.636912 56.136457
72: 41.125688 37.419257
73: 42.239786 54.205730
74: 42.463246 6.315348
75: 43.342326 32.669767
76: 43.603782 56.858232
77: 43.896294 19.533473
78: 44.223569 3.114495
79: 44.969260 15.840856
80: 45.286949 33.939347
81: 45.875331 27.935564
82: 45.893989 13.220084
83: 46.844790 9.577775
84: 47.370200 54.725172
85: 47.981670 43.409582
86: 48.052162 22.623229
87: 48.475510 35.691534
88: 49.357170 0.359675
89: 50.111075 7.877767
90: 50.909746 5.900263
91: 51.235732 16.317845
92: 51.777934 53.862029
93: 52.890370 28.080580
94: 52.982173 36.806040
95: 53.428542 2.488842
96: 54.105635 55.596502
97: 55.414147 35.827656
98: 56.136664 42.227640
99: 57.022882 55.589958
Edges
(0,8)
(1,2)
(1,4)
(1,6)
(1,10)
(2,3)
(2,13)
(5,11)
(5,16)
(5,20)
(7,17)
(8,16)
(8,17)
(9,15)
(10,27)
(12,26)
(13,18)
(13,19)
(14,17)
(14,26)
(15,27)
(16,22)
(17,24)
(21,32)
(22,31)
(23,31)
(24,25)
(26,29)
(27,42)
(28,30)
(28,42)
(29,33)
(30,38)
(31,32)
(31,34)
(31,36)
(32,43)
(33,39)
(35,41)
(35,88)
(37,45)
(37,48)
(38,46)
(40,42)
(41,65)
(42,49)
(43,47)
(43,50)
(43,53)
(44,58)
(48,55)
(49,51)
(49,56)
(49,62)
(50,77)
(50,79)
(51,59)
(52,54)
(52,63)
(53,60)
(54,61)
(55,63)
(55,66)
(57,64)
(58,61)
(59,71)
(61,67)
(62,73)
(64,73)
(67,69)
(67,75)
(68,72)
(69,77)
(70,78)
(70,82)
(72,80)
(72,85)
(73,76)
(73,84)
(74,83)
(76,96)
(76,99)
(77,86)
(80,81)
(82,83)
(82,91)
(84,92)
(85,98)
(86,91)
(87,93)
(88,95)
(89,90)
(89,91)
(91,93)
(91,95)
(92,98)
(93,94)
(95,97)
(95,98)
