Nodes: 20
Protection radius: 1.000000
Disaster radius: 0.500000
0: 0.211528 9.339072
1: 0.436529 12.173819
2: 1.124917 0.247222
3: 2.380747 2.597680
4: 3.055990 5.693034
5: 3.072480 8.814262
6: 3.299648 13.924911
7: 4.826249 4.165953
8: 5.003331 10.321797
9: 5.286819 6.714343
10: 5.938960 1.877627
11: 6.454328 11.754124
12: 7.784065 5.560314
13: 8.611745 11.225779
14: 8.776061 1.678296
15: 10.059666 3.963136
16: 10.096358 13.779391
17: 11.953210 2.091031
18: 12.000093 10.532888
19: 13.407567 5.471895
Edges
(0,1)
(0,2)
(0,4)
(3,7)
(4,7)
(5,9)
(6,8)
(6,11)
(6,16)
(7,9)
(8,13)
(9,12)
(10,14)
(12,13)
(12,14)
(12,15)
(12,18)
(12,19)
(15,17)
(15,19)
(17,19)
(18,19)
