Nodes: 20
Protection radius: 1.000000
Disaster radius: 0.500000
0: 0.625199 9.867701
1: 1.206046 4.516725
2: 2.407410 12.148008
3: 2.805884 1.386394
4: 3.262448 4.224305
5: 3.547341 6.451392
6: 5.146835 14.290828
7: 5.189394 0.313251
8: 6.110554 9.425894
9: 6.764643 11.395813
10: 8.212197 7.014467
11: 8.425854 1.915218
12: 8.703022 13.567039
13: 10.723430 4.490784
14: 11.050393 0.407104
15: 11.063863 7.728674
16: 11.618394 11.014295
17: 13.935219 12.477704
18: 14.201058 4.188498
19: 14.294351 8.323820
Edges
(0,1)
(0,2)
(2,3)
(3,4)
(3,5)
(3,7)
(4,6)
(6,7)
(6,8)
(6,16)
(6,17)
(8,11)
(9,11)
(9,14)
(9,15)
(10,14)
(12,17)
(13,17)
(13,19)
(15,16)
(18,19)
