Nodes: 60
Protection radius: 1.000000
Disaster radius: 0.500000
0: 0.875937 15.234448
1: 1.686239 1.267110
2: 1.864886 18.551680
3: 2.533938 22.660550
4: 3.221566 36.074879
5: 3.305695 11.333675
6: 3.850709 32.825980
7: 3.932987 18.957811
8: 3.947501 1.781228
9: 3.994144 6.448393
10: 4.843401 16.665542
11: 5.612460 31.211352
12: 6.529786 3.758891
13: 7.471141 17.998747
14: 7.499597 35.694572
15: 7.867564 12.570244
16: 9.013505 4.074258
17: 9.464892 22.036333
18: 10.820435 5.402886
19: 11.871310 12.340563
20: 11.892196 28.333811
21: 12.092452 19.324257
22: 12.532800 6.707957
23: 12.568216 8.960212
24: 15.273000 20.275217
25: 15.390379 24.265973
26: 15.399398 29.680702
27: 15.855991 3.170314
28: 16.423873 13.288246
29: 17.513376 4.507070
30: 18.703902 20.037247
31: 18.860267 34.902810
32: 19.371385 31.805685
33: 20.403885 4.433732
34: 20.698768 20.597893
35: 21.367604 31.998917
36: 22.135684 17.086511
37: 22.366585 36.098832
38: 23.083149 4.136937
39: 23.222707 6.363339
40: 23.598391 9.815410
41: 24.304521 21.915414
42: 24.652151 14.474199
43: 25.971853 4.208674
44: 25.983724 24.549478
45: 26.198920 17.806937
46: 26.229680 30.293781
47: 27.972960 0.386179
48: 28.372673 19.148449
49: 29.803981 13.957338
50: 31.139742 24.716614
51: 32.385096 35.094017
52: 32.845461 3.223004
53: 32.934276 14.245362
54: 33.676826 16.383510
55: 34.282610 8.565042
56: 34.460304 11.355156
57: 35.948796 13.397879
58: 36.226109 23.861349
59: 36.764748 4.884563
Edges
(0,10)
(1,5)
(1,9)
(2,10)
(3,4)
(3,17)
(4,14)
(4,37)
(5,15)
(6,11)
(7,13)
(8,16)
(8,47)
(9,12)
(10,15)
(11,20)
(13,21)
(15,18)
(17,20)
(18,22)
(18,27)
(19,21)
(19,28)
(23,28)
(24,28)
(25,26)
(25,34)
(27,29)
(28,29)
(28,30)
(28,40)
(29,33)
(30,34)
(31,32)
(31,37)
(32,35)
(34,36)
(36,41)
(36,42)
(37,46)
(37,51)
(38,39)
(39,40)
(39,43)
(41,44)
(43,47)
(43,49)
(45,49)
(47,52)
(48,50)
(49,53)
(49,54)
(50,51)
(50,54)
(50,58)
(52,55)
(53,56)
(55,57)
(57,59)
