Nodes: 60
Protection radius: 1.000000
Disaster radius: 0.500000
0: 0.108926 25.678447
1: 1.359669 34.292827
2: 1.436238 30.359801
3: 1.731557 2.769390
4: 2.707553 10.015397
5: 2.816406 16.356438
6: 3.861084 2.201470
7: 5.333718 35.285268
8: 5.838289 0.056164
9: 6.049990 17.128706
10: 6.724136 8.011723
11: 7.481164 32.326952
12: 8.360723 28.599444
13: 9.107923 18.420122
14: 10.109420 36.067097
15: 10.561358 14.529185
16: 10.943546 3.054998
17: 12.334381 23.826161
18: 12.814453 5.132883
19: 14.423049 0.093766
20: 14.424440 26.163479
21: 15.421556 35.467832
22: 15.712950 12.219452
23: 15.904595 4.793987
24: 16.849519 33.062347
25: 16.905396 0.604019
26: 17.430327 29.083827
27: 17.431395 26.367748
28: 18.415648 15.895076
29: 19.196668 9.684005
30: 19.293233 29.989861
31: 19.411436 33.956453
32: 19.572318 6.196196
33: 19.819318 26.776371
34: 21.267306 20.364263
35: 21.348052 24.516750
36: 21.589306 12.365091
37: 23.265726 21.534051
38: 23.363972 15.324536
39: 23.717235 3.951095
40: 24.507371 9.505401
41: 24.777030 26.014015
42: 25.335953 2.447272
43: 26.718220 13.372780
44: 26.964022 17.391954
45: 28.959045 12.475714
46: 29.545773 27.653956
47: 29.629543 7.425000
48: 30.389737 34.805196
49: 30.506458 22.279491
50: 31.248900 13.759953
51: 32.090619 28.595395
52: 32.561271 32.027013
53: 32.573834 7.380601
54: 34.893141 16.682242
55: 35.195286 25.209136
56: 35.816236 11.497783
57: 36.071851 22.280955
58: 36.403725 5.972018
59: 36.739720 9.181271
Edges
(0,2)
(0,5)
(1,5)
(3,9)
(4,9)
(5,7)
(5,11)
(6,8)
(7,30)
(8,9)
(8,19)
(8,23)
(8,25)
(8,39)
(8,47)
(8,53)
(9,10)
(9,11)
(9,13)
(9,16)
(11,18)
(12,30)
(14,24)
(15,18)
(17,26)
(20,26)
(21,24)
(22,26)
(22,32)
(24,31)
(26,27)
(26,34)
(26,45)
(28,43)
(28,58)
(29,40)
(30,31)
(31,33)
(33,35)
(33,37)
(33,41)
(34,38)
(35,44)
(36,40)
(38,43)
(39,42)
(40,47)
(41,48)
(46,51)
(46,55)
(46,57)
(48,51)
(49,50)
(50,58)
(52,55)
(54,57)
(56,57)
(56,58)
(57,59)
