Nodes: 100
Protection radius: 1.000000
Disaster radius: 0.500000
0: 0.226670 56.921526
1: 1.724056 17.665014
2: 2.006286 1.891731
3: 4.229186 0.938435
4: 4.938029 30.190354
5: 5.346630 42.899341
6: 6.126267 9.309446
7: 6.347587 53.273588
8: 6.745913 21.724715
9: 7.000901 29.369499
10: 7.007053 14.157644
11: 7.497637 1.093796
12: 7.938632 24.150912
13: 8.184297 16.102789
14: 8.574090 37.307257
15: 10.242423 2.930029
16: 10.756160 59.308928
17: 12.264911 54.617459
18: 12.754738 32.250325
19: 13.848389 26.177950
20: 13.982242 28.653305
21: 14.213081 2.999185
22: 15.594108 19.915601
23: 15.936301 12.213994
24: 16.291655 14.897564
25: 16.394628 45.282338
26: 16.987268 8.126616
27: 18.024646 23.420295
28: 18.462888 14.204259
29: 18.487006 28.293046
30: 19.170211 5.050402
31: 19.170897 31.967028
32: 20.185333 48.222917
33: 20.340610 53.321872
34: 20.664214 27.888711
35: 20.795409 8.037070
36: 21.096381 44.866262
37: 21.441350 17.369093
38: 21.820210 13.771581
39: 21.912397 26.113300
40: 21.975177 31.425393
41: 22.068945 41.698452
42: 23.225243 19.215556
43: 23.729131 8.945238
44: 23.749953 22.537689
45: 24.295967 54.246958
46: 24.353272 49.380834
47: 24.423864 43.071558
48: 25.269771 31.426646
49: 26.285597 38.286851
50: 26.614368 21.385560
51: 28.422888 41.472995
52: 28.621060 1.512067
53: 29.571919 32.923569
54: 29.760401 27.774509
55: 30.334415 23.140541
56: 30.930073 15.917434
57: 31.071757 45.259299
58: 32.729742 2.328069
59: 33.089179 40.347216
60: 35.964136 34.322852
61: 36.452489 54.963008
62: 37.420337 49.124370
63: 38.187694 3.343547
64: 39.181399 52.373706
65: 39.692167 54.894577
66: 40.108796 12.880177
67: 40.177585 15.191929
68: 41.327418 4.380366
69: 42.208270 22.179938
70: 43.291402 6.761048
71: 43.823229 50.707848
72: 43.961935 57.446182
73: 45.150521 29.319747
74: 45.344327 36.518378
75: 46.124673 40.887602
76: 47.104267 1.768248
77: 47.610407 7.754752
78: 48.143799 36.331364
79: 48.716948 3.127082
80: 49.405004 0.372689
81: 49.873515 47.339347
82: 50.398124 25.366983
83: 50.473700 41.281714
84: 50.892901 17.064990
85: 52.369429 25.779061
86: 54.020288 17.291554
87: 54.389437 13.269425
88: 54.430263 19.743892
89: 55.244780 52.974332
90: 55.413627 58.440265
91: 55.461258 50.101011
92: 55.717253 28.938987
93: 56.433979 4.455857
94: 56.786308 17.482572
95: 57.232032 27.593754
96: 57.662544 54.475192
97: 57.859961 20.729946
98: 58.702815 12.073042
99: 59.081386 3.040567
Edges
(0,1)
(0,4)
(0,5)
(0,7)
(1,6)
(1,8)
(2,6)
(3,6)
(3,11)
(4,5)
(4,8)
(5,7)
(6,10)
(6,15)
(7,16)
(7,17)
(7,25)
(8,22)
(9,12)
(9,14)
(9,20)
(10,23)
(11,15)
(11,21)
(13,22)
(13,23)
(14,18)
(14,25)
(15,21)
(16,17)
(16,61)
(17,32)
(17,33)
(18,31)
(19,20)
(19,29)
(20,31)
(21,52)
(22,37)
(23,24)
(23,28)
(23,35)
(24,28)
(26,30)
(27,29)
(27,37)
(27,39)
(27,42)
(28,35)
(28,38)
(30,43)
(30,52)
(31,40)
(31,41)
(32,33)
(32,36)
(32,46)
(34,39)
(36,41)
(38,42)
(39,44)
(40,48)
(41,49)
(42,56)
(43,52)
(44,50)
(44,54)
(45,57)
(45,61)
(46,47)
(47,49)
(47,51)
(48,53)
(49,51)
(49,59)
(50,54)
(51,59)
(52,58)
(52,80)
(55,69)
(56,58)
(56,66)
(57,61)
(57,62)
(58,63)
(58,66)
(58,80)
(60,69)
(60,73)
(60,74)
(62,64)
(63,66)
(63,68)
(64,65)
(64,71)
(65,71)
(65,72)
(66,67)
(66,70)
(66,84)
(67,69)
(67,84)
(69,84)
(70,76)
(71,81)
(72,90)
(73,74)
(73,82)
(73,92)
(75,81)
(76,80)
(77,79)
(77,84)
(77,87)
(77,93)
(78,83)
(79,80)
(79,93)
(80,93)
(80,99)
(81,83)
(82,84)
(82,88)
(84,86)
(84,88)
(85,95)
(85,97)
(86,88)
(87,98)
(88,94)
(89,96)
(91,92)
(91,95)
(94,97)
(94,98)
(96,97)
(97,98)
