Nodes: 60
Protection radius: 1.000000
Disaster radius: 0.500000
0: 0.942409 23.597104
1: 1.254034 2.083868
2: 2.079443 29.885915
3: 2.295855 9.101444
4: 2.734399 20.595558
5: 3.793267 7.404310
6: 4.181190 12.956913
7: 4.510152 25.143829
8: 4.740041 16.473589
9: 6.118898 5.237530
10: 6.867581 29.016504
11: 7.907361 0.794601
12: 8.907078 5.584804
13: 9.422074 18.244135
14: 9.445539 28.434147
15: 10.388046 10.191619
16: 10.804880 16.440666
17: 11.412600 5.220077
18: 11.700624 20.319678
19: 12.014504 11.482339
20: 12.047109 23.295594
21: 13.898192 10.684751
22: 14.005284 21.995087
23: 14.220031 7.499954
24: 15.700429 23.676487
25: 15.931966 3.887384
26: 15.984073 17.097014
27: 16.330542 6.739757
28: 17.304132 14.191424
29: 18.267585 10.071501
30: 18.486024 0.299181
31: 19.025715 27.998176
32: 19.726236 4.239045
33: 19.760756 13.817012
34: 20.583783 2.270938
35: 21.691378 17.696094
36: 22.236003 27.603610
37: 23.621476 21.192926
38: 23.717809 31.524162
39: 23.923995 16.138344
40: 24.294082 11.525761
41: 24.799525 0.041322
42: 25.533578 6.527666
43: 25.704725 29.465162
44: 26.216340 13.074421
45: 26.632285 27.414743
46: 27.267271 22.663226
47: 27.772841 5.084733
48: 28.522753 25.567588
49: 28.597236 19.165862
50: 29.410373 13.073160
51: 29.599430 9.092912
52: 29.955357 23.343731
53: 30.099250 0.628401
54: 30.567720 5.508246
55: 31.193237 31.339440
56: 31.490995 3.301798
57: 31.787289 12.136162
58: 32.061147 15.535940
59: 32.872176 6.968508
Edges
(0,1)
(0,4)
(1,3)
(1,11)
(2,38)
(3,6)
(4,8)
(5,6)
(5,9)
(6,15)
(7,10)
(10,38)
(11,12)
(11,30)
(13,18)
(13,20)
(14,38)
(15,17)
(15,19)
(15,23)
(16,18)
(16,19)
(16,26)
(21,28)
(22,24)
(24,26)
(24,37)
(25,27)
(26,28)
(27,29)
(27,32)
(29,42)
(30,32)
(30,34)
(30,41)
(31,36)
(33,35)
(33,39)
(36,37)
(36,38)
(37,39)
(38,55)
(39,44)
(40,44)
(40,51)
(41,47)
(41,53)
(43,45)
(45,46)
(45,48)
(47,56)
(48,52)
(49,50)
(49,58)
(50,51)
(51,57)
(52,58)
(54,56)
(57,59)
