Nodes: 100
Protection radius: 1.000000
Disaster radius: 0.500000
0: 0.102262 0.726223
1: 0.157196 26.663095
2: 1.410313 37.102280
3: 2.135732 54.438839
4: 3.024174 12.892183
5: 3.744652 35.623771
6: 4.111641 22.007221
7: 4.286866 10.668570
8: 4.501104 4.538063
9: 6.901172 17.129577
10: 7.196395 29.346287
11: 7.347878 6.992533
12: 7.873079 1.182530
13: 7.892525 43.633896
14: 9.951020 12.179041
15: 10.300666 54.707461
16: 10.667201 33.647932
17: 11.177113 7.798865
18: 12.462407 22.587068
19: 12.679866 12.884175
20: 14.668170 46.590044
21: 14.996841 50.863219
22: 16.141000 9.565353
23: 16.308554 12.109013
24: 16.412233 1.099888
25: 16.557886 56.233884
26: 17.537704 15.894542
27: 19.315217 53.783512
28: 19.562545 16.678693
29: 19.878992 29.750806
30: 19.965330 36.708051
31: 20.110523 13.814033
32: 20.832389 19.925647
33: 21.503511 11.279877
34: 21.639188 23.457331
35: 21.904959 35.519585
36: 22.428565 5.327880
37: 22.544259 52.024153
38: 23.493411 40.583053
39: 24.028184 20.106485
40: 24.342472 54.312776
41: 24.545558 3.736339
42: 24.707648 36.955795
43: 27.730749 30.874586
44: 28.069383 6.272461
45: 28.841006 3.984037
46: 30.002502 49.671476
47: 30.479752 10.039882
48: 30.994930 12.647982
49: 31.240962 46.053815
50: 31.884211 52.774382
51: 32.990660 17.637810
52: 33.764868 57.287835
53: 33.863205 52.039135
54: 33.914654 27.130577
55: 34.078106 14.838565
56: 34.136421 9.767359
57: 34.383751 45.425693
58: 34.554331 30.341767
59: 34.636845 7.436711
60: 35.189281 40.530177
61: 35.674403 17.551471
62: 35.689119 21.918051
63: 36.595705 26.495715
64: 36.975704 11.886615
65: 37.725290 37.801258
66: 37.799127 45.711451
67: 38.106212 35.752428
68: 39.260948 31.856835
69: 39.889244 7.317348
70: 40.036611 10.075357
71: 40.754546 3.921039
72: 41.738469 52.301333
73: 42.088940 27.346148
74: 42.173794 57.733540
75: 42.941119 20.572392
76: 43.666824 3.243464
77: 44.405487 38.604733
78: 44.465100 42.540770
79: 45.786466 35.502911
80: 46.167974 56.692792
81: 47.111555 43.024497
82: 47.535744 47.227985
83: 49.008794 0.570853
84: 49.776092 11.065029
85: 50.007476 15.567918
86: 50.151974 19.333931
87: 51.810054 6.253938
88: 52.009966 27.144427
89: 52.134434 30.521404
90: 52.199071 33.136982
91: 52.743711 10.665063
92: 54.479951 0.310425
93: 54.664984 13.485640
94: 55.182200 51.601882
95: 55.672479 16.035660
96: 56.076687 23.488878
97: 56.426332 28.364385
98: 57.280442 31.508731
99: 57.828508 3.952040
Edges
(0,24)
(1,2)
(1,4)
(1,5)
(2,3)
(2,13)
(3,15)
(3,25)
(4,6)
(4,9)
(5,10)
(5,13)
(6,9)
(6,18)
(7,14)
(8,11)
(9,14)
(11,12)
(11,14)
(13,16)
(13,20)
(15,21)
(15,25)
(16,18)
(16,29)
(17,22)
(18,19)
(18,26)
(18,32)
(19,22)
(19,23)
(20,21)
(20,30)
(20,38)
(21,37)
(24,36)
(24,41)
(24,83)
(24,92)
(25,27)
(25,52)
(26,32)
(28,32)
(28,39)
(29,34)
(29,35)
(29,43)
(31,33)
(33,36)
(33,47)
(35,42)
(35,43)
(36,41)
(37,46)
(38,49)
(39,51)
(40,46)
(40,50)
(41,44)
(42,49)
(42,60)
(43,58)
(45,59)
(45,71)
(45,83)
(46,49)
(46,50)
(48,55)
(48,56)
(49,57)
(49,60)
(50,52)
(52,72)
(52,74)
(53,72)
(54,58)
(55,64)
(56,59)
(56,64)
(57,66)
(58,67)
(59,64)
(59,70)
(59,71)
(61,75)
(62,75)
(63,68)
(64,70)
(65,67)
(68,73)
(69,71)
(69,76)
(69,84)
(70,75)
(72,82)
(73,88)
(73,89)
(75,88)
(77,81)
(78,81)
(79,90)
(80,94)
(81,82)
(82,94)
(83,87)
(84,91)
(85,86)
(85,93)
(85,95)
(87,91)
(87,99)
(88,89)
(89,90)
(91,93)
(94,98)
(95,96)
(96,97)
(97,98)
