Nodes: 20
Protection radius: 1.000000
Disaster radius: 0.500000
0: 0.175857 2.913864
1: 0.786301 5.858521
2: 0.795971 0.513555
3: 1.056999 8.109019
4: 2.783055 1.959562
5: 3.300409 9.756756
6: 3.321785 13.302555
7: 4.928595 7.411835
8: 5.789485 10.847138
9: 6.297177 2.508407
10: 7.484987 0.805157
11: 8.435851 4.984328
12: 8.482228 9.585477
13: 9.381631 2.122801
14: 10.170078 13.453435
15: 10.300573 11.265282
16: 11.333418 3.747762
17: 12.005239 0.862216
18: 12.822391 8.678264
19: 13.748157 4.732880
Edges
(0,3)
(1,3)
(1,4)
(1,9)
(1,17)
(2,9)
(3,6)
(5,6)
(5,11)
(6,8)
(7,11)
(8,12)
(8,18)
(9,10)
(13,18)
(13,19)
(14,15)
(15,18)
(16,18)
