Nodes: 20
Protection radius: 1.000000
Disaster radius: 0.500000
0: 0.479848 3.673511
1: 0.862048 14.218864
2: 1.406777 10.178670
3: 1.733391 1.666483
4: 2.128341 5.725855
5: 3.118516 3.382208
6: 3.436206 14.634327
7: 3.764939 7.433787
8: 5.486493 11.759979
9: 5.580984 5.436381
10: 8.857947 10.657522
11: 10.402673 9.337794
12: 10.687287 3.221385
13: 12.301094 5.591994
14: 12.563327 14.978352
15: 13.426462 9.032264
16: 13.712254 1.305595
17: 13.997525 3.780500
18: 14.331032 6.089960
19: 14.617269 13.069762
Edges
(0,1)
(0,2)
(0,3)
(3,4)
(3,16)
(5,6)
(5,16)
(5,17)
(6,14)
(7,9)
(7,13)
(7,15)
(7,17)
(8,15)
(10,19)
(11,15)
(12,17)
(17,18)
(17,19)
