Nodes: 20
Protection radius: 1.000000
Disaster radius: 0.500000
0: 0.222158 3.728540
1: 0.436307 10.484427
2: 0.479002 12.684134
3: 0.586461 6.565964
4: 2.135662 0.882065
5: 3.100793 3.062863
6: 3.199098 11.228802
7: 3.803669 13.685723
8: 4.028591 7.188723
9: 4.319872 0.340033
10: 5.498853 11.732683
11: 6.086718 4.199377
12: 6.966566 13.372253
13: 8.101269 9.858377
14: 8.147626 0.186746
15: 9.890481 12.551857
16: 10.671173 7.280842
17: 12.206134 4.888990
18: 13.034272 8.770999
19: 13.743985 12.153584
Edges
(0,2)
(0,3)
(1,12)
(3,4)
(4,12)
(4,13)
(4,14)
(4,18)
(5,12)
(6,8)
(7,12)
(8,10)
(8,12)
(9,14)
(11,13)
(12,16)
(12,19)
(13,16)
(15,16)
(16,19)
(17,18)
