Nodes: 20
Protection radius: 1.000000
Disaster radius: 0.500000
0: 0.286733 4.959006
1: 0.306070 1.833208
2: 1.550439 8.304713
3: 2.409225 5.584665
4: 3.065157 13.405264
5: 4.431380 7.592510
6: 4.910641 11.944193
7: 5.849112 1.232136
8: 7.157211 9.293801
9: 7.648796 3.701950
10: 7.693631 13.253193
11: 9.323676 9.275447
12: 9.326793 6.807589
13: 9.920655 11.822688
14: 10.289399 3.602603
15: 11.087635 0.065861
16: 11.154485 10.175172
17: 12.400120 4.367787
18: 12.947123 11.848489
19: 13.681697 8.841133
Edges
(0,1)
(0,3)
(0,15)
(1,7)
(2,4)
(2,5)
(2,9)
(2,15)
(2,17)
(4,5)
(4,18)
(5,6)
(5,8)
(6,17)
(6,18)
(8,12)
(9,14)
(10,18)
(11,16)
(13,19)
(16,17)
(16,19)
