Nodes: 100
Protection radius: 1.000000
Disaster radius: 0.500000
0: 0.249131 47.103431
1: 0.291531 9.186446
2: 2.099733 13.845729
3: 2.627527 1.958402
4: 3.125798 49.957960
5: 3.261546 41.429978
6: 3.554813 20.230247
7: 4.726143 32.164139
8: 6.015440 52.733783
9: 6.140338 10.066601
10: 7.845571 38.707437
11: 8.339795 8.190434
12: 8.638488 44.086601
13: 9.139326 1.361945
14: 10.105196 21.237774
15: 11.025191 38.975480
16: 11.144849 3.779842
17: 11.185279 19.410342
18: 11.445231 13.985909
19: 11.493833 28.341935
20: 11.890453 9.580468
21: 11.942228 52.943151
22: 13.611777 16.873947
23: 13.745337 8.227041
24: 14.132211 42.517373
25: 14.140724 55.072725
26: 15.793724 7.240596
27: 16.537398 47.974034
28: 16.806429 36.129637
29: 17.770902 41.090213
30: 18.100847 51.213944
31: 18.321122 16.911655
32: 18.418224 28.855504
33: 19.234219 25.630835
34: 19.698569 37.761513
35: 20.376277 13.285013
36: 21.451886 31.612471
37: 21.526021 20.468134
38: 22.448654 1.189720
39: 22.913713 4.739349
40: 24.247976 31.962076
41: 24.375847 9.141238
42: 24.787122 46.157423
43: 25.064381 51.280737
44: 25.852870 2.919057
45: 26.965968 9.276986
46: 27.016499 13.188497
47: 27.075751 42.494323
48: 27.301968 40.098538
49: 27.855459 55.512840
50: 28.685206 10.390313
51: 28.695175 15.355950
52: 28.700530 32.670870
53: 29.120112 46.804891
54: 29.335527 8.295305
55: 30.102943 34.414132
56: 30.285129 23.186126
57: 30.307683 38.712855
58: 30.552095 2.873787
59: 30.686889 31.165244
60: 32.109040 1.462238
61: 33.256071 3.176527
62: 33.722851 32.870476
63: 33.926972 0.342489
64: 35.083503 47.438738
65: 36.214377 3.427796
66: 36.360285 24.519882
67: 36.370950 16.360431
68: 36.531470 19.543968
69: 37.535400 21.951571
70: 38.163761 51.341815
71: 38.800250 12.204930
72: 39.231228 23.974788
73: 39.245817 42.917960
74: 40.285938 2.143511
75: 41.239063 0.264608
76: 42.181819 42.835283
77: 42.655420 35.271358
78: 42.668829 47.006328
79: 44.024613 13.954766
80: 45.259154 5.672951
81: 45.916715 20.281062
82: 46.058974 34.098992
83: 46.555759 3.657287
84: 47.318027 30.043075
85: 47.384005 1.405763
86: 47.952568 25.426756
87: 48.157096 32.557089
88: 48.393844 7.187779
89: 48.774039 23.425176
90: 50.272877 4.204635
91: 50.615264 25.781473
92: 50.760718 12.365929
93: 50.950867 46.845082
94: 51.215297 28.310552
95: 53.417368 19.051157
96: 53.429709 40.072411
97: 53.714962 28.326727
98: 54.555084 10.923045
99: 55.816939 18.393778
Edges
(0,1)
(0,5)
(0,6)
(0,7)
(1,2)
(1,6)
(2,6)
(3,9)
(3,13)
(4,8)
(4,12)
(6,7)
(6,17)
(6,18)
(7,10)
(7,15)
(8,21)
(8,25)
(9,18)
(9,20)
(10,12)
(11,16)
(12,15)
(13,38)
(13,63)
(14,33)
(15,24)
(15,28)
(16,20)
(16,23)
(16,26)
(17,18)
(17,22)
(19,32)
(19,33)
(21,27)
(22,35)
(23,35)
(24,28)
(26,38)
(26,39)
(26,41)
(27,29)
(28,29)
(29,34)
(30,42)
(30,49)
(31,35)
(31,37)
(32,36)
(33,40)
(33,56)
(34,36)
(34,40)
(34,48)
(35,41)
(36,40)
(37,51)
(37,56)
(38,44)
(39,44)
(39,45)
(40,48)
(40,56)
(41,45)
(42,43)
(42,53)
(43,49)
(44,45)
(44,58)
(44,60)
(45,46)
(45,50)
(46,50)
(47,53)
(47,57)
(48,55)
(49,53)
(50,67)
(51,67)
(51,68)
(52,55)
(53,57)
(54,65)
(54,71)
(55,59)
(55,62)
(56,59)
(57,62)
(59,62)
(59,66)
(60,61)
(61,63)
(63,65)
(63,75)
(64,73)
(66,72)
(67,71)
(67,79)
(68,79)
(69,72)
(69,81)
(70,78)
(70,93)
(71,74)
(72,77)
(73,76)
(74,83)
(75,83)
(75,85)
(76,77)
(76,96)
(78,93)
(79,80)
(79,88)
(80,83)
(81,86)
(81,95)
(82,84)
(82,96)
(83,85)
(83,88)
(84,94)
(85,90)
(86,91)
(87,94)
(88,98)
(89,91)
(89,95)
(92,98)
(92,99)
(93,96)
(95,97)
(95,99)
(97,99)
(98,99)
