Nodes: 100
Protection radius: 1.000000
Disaster radius: 0.500000
0: 0.626743 41.027236
1: 0.749382 36.041995
2: 1.048889 16.072243
3: 2.183623 33.226713
4: 2.556951 4.105308
5: 2.808572 49.468814
6: 3.928650 23.042088
7: 5.702800 27.359150
8: 6.011945 30.637718
9: 6.304342 23.539858
10: 6.718999 47.010936
11: 7.213522 32.962597
12: 7.600315 49.310163
13: 7.624270 2.753040
14: 8.814346 31.000813
15: 9.675919 23.519294
16: 9.720171 54.333236
17: 9.911633 11.824733
18: 10.178102 17.146011
19: 11.426839 44.879960
20: 13.069288 46.262252
21: 13.511094 4.208953
22: 13.860685 40.242382
23: 15.578554 35.020530
24: 15.910527 53.229043
25: 16.176810 23.953621
26: 16.479671 20.140732
27: 16.783089 11.226991
28: 17.030143 7.699931
29: 17.638979 32.768138
30: 18.810854 28.410748
31: 19.810195 25.911132
32: 20.481984 4.034308
33: 21.103905 38.533553
34: 22.216382 23.569487
35: 22.678450 34.648306
36: 23.523231 39.803430
37: 23.739973 18.773157
38: 23.819095 12.353240
39: 24.045526 43.845983
40: 24.451614 1.168623
41: 25.181018 21.892945
42: 25.464265 45.735955
43: 26.292897 43.158156
44: 27.082961 14.231235
45: 27.670073 10.516938
46: 27.982835 30.204268
47: 28.777430 33.387047
48: 29.583902 3.646984
49: 30.657670 21.513187
50: 31.101374 37.293332
51: 31.590532 23.580855
52: 32.038172 28.785232
53: 32.067232 40.256478
54: 32.369699 17.156387
55: 32.804997 7.345743
56: 33.097687 1.566736
57: 33.482237 13.928612
58: 33.851252 27.556224
59: 34.555670 44.110609
60: 35.121545 34.428290
61: 35.691348 22.028359
62: 35.998208 31.015538
63: 36.929391 6.366844
64: 37.246478 13.299090
65: 37.447906 46.103092
66: 38.337648 48.434655
67: 38.575618 55.636059
68: 39.571906 45.136520
69: 40.342185 34.221795
70: 40.662244 53.612498
71: 40.990051 18.802997
72: 40.991813 4.246461
73: 41.270279 39.921737
74: 41.744817 9.508739
75: 41.821838 44.149744
76: 42.488341 51.269902
77: 43.341633 17.576252
78: 44.068430 54.077157
79: 44.506005 6.199096
80: 45.168953 14.978519
81: 45.373567 50.857233
82: 45.622002 37.146027
83: 46.142301 34.790955
84: 46.295533 25.706854
85: 46.735367 20.242661
86: 48.395234 11.664066
87: 48.468113 51.076367
88: 50.358286 31.971403
89: 50.458538 8.153435
90: 50.771716 29.589356
91: 50.940005 13.676992
92: 50.963299 49.467538
93: 51.275919 5.365523
94: 51.973195 40.563016
95: 53.574121 27.343151
96: 54.152972 24.568476
97: 54.916886 34.146576
98: 54.931687 37.946385
99: 55.494331 45.636254
Edges
(0,1)
(0,2)
(0,10)
(1,2)
(2,3)
(2,6)
(2,17)
(2,18)
(3,8)
(3,11)
(4,17)
(5,12)
(7,9)
(7,14)
(7,15)
(8,11)
(8,14)
(9,18)
(10,12)
(10,19)
(11,22)
(12,20)
(13,21)
(13,40)
(14,25)
(15,18)
(15,25)
(15,26)
(16,20)
(17,28)
(21,28)
(21,40)
(22,23)
(22,33)
(23,33)
(24,39)
(24,42)
(25,26)
(25,31)
(26,27)
(26,34)
(27,38)
(28,32)
(28,38)
(29,35)
(30,31)
(30,46)
(31,46)
(32,40)
(33,35)
(33,36)
(33,39)
(34,37)
(34,41)
(34,46)
(35,47)
(36,43)
(36,50)
(37,41)
(38,44)
(39,43)
(40,45)
(40,56)
(41,49)
(41,51)
(42,43)
(42,59)
(44,45)
(44,54)
(44,57)
(45,55)
(45,57)
(47,50)
(47,52)
(48,56)
(49,51)
(50,53)
(52,62)
(53,59)
(54,64)
(55,56)
(55,63)
(55,64)
(56,93)
(58,62)
(59,65)
(59,66)
(59,68)
(59,73)
(60,73)
(61,62)
(61,71)
(61,84)
(62,69)
(63,64)
(63,72)
(65,66)
(65,68)
(66,70)
(67,70)
(68,73)
(68,75)
(68,76)
(69,73)
(69,82)
(69,84)
(70,76)
(70,78)
(71,85)
(72,79)
(72,93)
(73,75)
(73,82)
(74,79)
(74,80)
(74,86)
(75,81)
(75,92)
(77,80)
(80,85)
(81,87)
(83,84)
(84,88)
(84,96)
(88,97)
(89,91)
(89,93)
(90,95)
(91,96)
(92,99)
(94,98)
(95,96)
(95,97)
(97,98)
(97,99)
(98,99)
