Nodes: 180
Protection radius: 1.000000
Disaster radius: 0.500000
0: 0.268435 51.955393
1: 0.815466 29.159853
2: 1.431128 19.693777
3: 1.987214 39.810310
4: 2.304439 10.906669
5: 2.348059 68.839419
6: 2.466016 53.582004
7: 2.846238 30.536291
8: 2.846795 1.853580
9: 3.690350 20.064817
10: 3.718987 41.840532
11: 4.423006 91.038869
12: 4.426763 47.118797
13: 5.183134 64.577619
14: 5.184449 52.418159
15: 5.428866 76.259824
16: 5.435647 16.537093
17: 5.572680 43.185748
18: 6.371133 11.362367
19: 6.495202 34.987621
20: 8.584029 71.842714
21: 8.713057 52.628076
22: 9.213412 32.453293
23: 9.809545 54.865352
24: 10.138890 2.902221
25: 11.013568 12.274379
26: 11.758794 37.999512
27: 12.003908 70.821684
28: 12.335922 88.418442
29: 13.472419 24.164376
30: 14.987973 60.921798
31: 15.270771 11.545160
32: 15.856892 63.403101
33: 16.067292 43.261780
34: 16.181994 93.972265
35: 16.204955 67.621842
36: 16.538459 90.140138
37: 17.868685 3.773123
38: 18.239530 37.235959
39: 18.633688 85.319791
40: 18.646161 1.486368
41: 19.213223 11.845623
42: 19.257309 73.310618
43: 19.503959 62.497014
44: 20.628857 51.026976
45: 21.116461 6.565225
46: 22.677590 63.692911
47: 22.846547 38.513849
48: 22.931178 24.467733
49: 22.975245 34.026076
50: 23.643721 18.901910
51: 24.686772 22.056082
52: 24.793146 1.561716
53: 26.697705 68.580065
54: 27.208141 33.697988
55: 27.891826 71.800665
56: 28.846496 89.231257
57: 29.271225 35.410761
58: 29.670543 52.248723
59: 30.181193 7.731816
60: 30.402701 47.859423
61: 30.680238 90.346300
62: 32.074432 73.195435
63: 32.503187 14.112485
64: 33.241688 17.761620
65: 33.259428 21.673899
66: 33.497884 3.480183
67: 33.733339 35.607488
68: 36.179756 20.416839
69: 36.515024 7.586826
70: 38.405741 41.640359
71: 38.856499 90.068691
72: 40.040119 53.032838
73: 40.208955 34.851247
74: 41.217431 67.773149
75: 42.256962 65.989268
76: 42.745751 72.436193
77: 43.083914 91.751605
78: 43.181622 11.774345
79: 43.433721 59.609973
80: 43.621400 13.740854
81: 44.742010 9.291667
82: 44.910651 38.266628
83: 45.877590 6.506318
84: 46.178498 65.582273
85: 46.488381 62.820162
86: 46.741963 33.878488
87: 46.919074 13.619968
88: 47.528630 90.502602
89: 48.095870 82.721616
90: 48.142628 29.770117
91: 48.630656 56.222113
92: 49.443339 64.577619
93: 50.391855 21.757772
94: 52.096862 65.832061
95: 52.287658 14.173464
96: 52.559624 49.565177
97: 53.291842 17.464245
98: 54.426838 68.475949
99: 54.875240 88.372031
100: 55.573546 84.073681
101: 56.608274 20.228809
102: 56.990481 75.821497
103: 57.449290 81.689969
104: 57.708481 5.924176
105: 58.026670 11.999102
106: 58.758791 90.141264
107: 59.790438 84.803038
108: 60.100271 70.481530
109: 60.530037 46.641555
110: 61.433488 23.919103
111: 61.502763 49.685152
112: 61.725047 59.708115
113: 63.199464 66.917725
114: 63.533041 79.420185
115: 64.002054 90.704713
116: 64.574743 72.802477
117: 64.899972 33.829875
118: 65.016595 41.475894
119: 66.591623 19.762949
120: 67.613878 40.527462
121: 67.774391 12.604906
122: 68.102581 18.375040
123: 68.953870 62.721163
124: 69.269390 23.755590
125: 69.510912 86.579543
126: 69.594589 75.887600
127: 70.228830 46.942650
128: 70.411585 35.879768
129: 70.458734 79.465223
130: 70.623763 6.052736
131: 70.635746 42.353897
132: 70.931889 61.146226
133: 71.482460 20.543969
134: 71.506450 65.288483
135: 71.878000 67.999025
136: 71.945462 54.492898
137: 72.376822 18.337859
138: 72.687037 73.757147
139: 72.745584 41.703294
140: 74.144435 69.463626
141: 74.505343 4.939933
142: 75.233726 36.124664
143: 75.318864 27.297420
144: 76.004313 92.374027
145: 76.119768 82.477899
146: 76.596271 48.581208
147: 76.862597 10.768633
148: 79.439887 35.571251
149: 80.010382 65.904202
150: 80.521261 57.472106
151: 80.896785 6.651480
152: 81.718646 49.200671
153: 82.184051 34.632617
154: 82.529559 27.476576
155: 82.951904 73.942295
156: 83.343893 47.924740
157: 83.833374 45.728436
158: 84.049404 0.490299
159: 84.113526 36.351930
160: 84.196331 17.844106
161: 84.257035 10.764210
162: 84.942162 76.392830
163: 85.026279 65.858472
164: 85.136428 58.500757
165: 85.256403 81.987624
166: 86.575752 30.897198
167: 87.242223 7.309056
168: 87.307920 89.652294
169: 87.532371 86.294784
170: 87.688809 77.728701
171: 87.799536 54.546487
172: 88.973807 41.456631
173: 89.307164 60.850343
174: 89.829231 6.639239
175: 89.933934 43.285303
176: 90.513319 10.171232
177: 91.221398 89.421989
178: 91.907530 66.587114
179: 91.922271 6.637410
Edges
(0,1)
(0,3)
(0,5)
(0,11)
(0,12)
(1,3)
(1,9)
(2,8)
(3,10)
(4,8)
(4,16)
(5,6)
(6,14)
(6,23)
(7,9)
(7,22)
(7,29)
(8,18)
(8,24)
(8,40)
(9,29)
(11,15)
(12,21)
(13,20)
(13,23)
(13,27)
(13,32)
(14,21)
(14,23)
(15,20)
(15,28)
(15,39)
(16,29)
(17,19)
(17,21)
(17,33)
(18,24)
(19,26)
(20,27)
(21,23)
(21,33)
(21,44)
(23,30)
(24,25)
(24,37)
(24,40)
(26,33)
(27,32)
(27,35)
(27,42)
(28,34)
(29,31)
(29,41)
(29,50)
(30,44)
(31,45)
(32,35)
(33,47)
(34,36)
(34,56)
(34,61)
(34,77)
(34,144)
(35,42)
(36,39)
(37,45)
(38,47)
(38,49)
(39,42)
(39,55)
(40,45)
(42,46)
(42,55)
(43,44)
(43,46)
(44,46)
(44,60)
(46,53)
(47,54)
(47,60)
(48,49)
(48,54)
(50,59)
(51,54)
(51,64)
(52,59)
(52,66)
(53,55)
(53,62)
(53,74)
(54,57)
(56,61)
(58,75)
(59,66)
(60,67)
(60,72)
(61,62)
(63,69)
(63,78)
(64,65)
(64,80)
(65,67)
(65,68)
(65,73)
(66,104)
(68,73)
(68,90)
(70,72)
(70,73)
(70,82)
(71,76)
(71,77)
(72,96)
(74,75)
(74,84)
(75,85)
(76,89)
(76,98)
(76,102)
(77,88)
(78,80)
(78,87)
(79,85)
(80,87)
(81,83)
(81,87)
(82,86)
(82,96)
(82,109)
(83,87)
(83,95)
(84,85)
(84,94)
(84,98)
(85,91)
(85,92)
(86,118)
(87,93)
(87,97)
(89,99)
(90,93)
(90,110)
(90,117)
(91,92)
(91,94)
(93,101)
(93,110)
(94,112)
(95,104)
(96,112)
(97,101)
(98,108)
(98,112)
(99,100)
(99,107)
(100,107)
(101,105)
(101,119)
(102,103)
(103,107)
(103,114)
(104,121)
(105,119)
(106,107)
(107,115)
(108,113)
(108,116)
(109,118)
(110,117)
(110,119)
(111,112)
(112,123)
(112,132)
(113,135)
(116,126)
(117,118)
(117,124)
(117,128)
(118,127)
(119,122)
(119,124)
(120,128)
(121,122)
(121,130)
(121,147)
(122,133)
(122,137)
(123,132)
(124,133)
(125,145)
(127,131)
(127,146)
(128,139)
(129,145)
(130,147)
(132,134)
(132,149)
(133,143)
(135,138)
(136,146)
(138,140)
(139,148)
(140,149)
(141,158)
(142,148)
(143,148)
(143,160)
(144,168)
(144,177)
(145,165)
(146,150)
(146,152)
(147,151)
(147,161)
(148,153)
(148,154)
(148,159)
(149,155)
(151,167)
(152,156)
(152,171)
(153,154)
(153,159)
(154,160)
(155,162)
(156,171)
(156,175)
(157,175)
(158,167)
(158,174)
(158,179)
(160,161)
(160,176)
(161,167)
(162,178)
(163,164)
(163,173)
(164,171)
(165,170)
(166,175)
(169,170)
(170,178)
(172,175)
(173,175)
(173,178)
(174,176)
(174,179)
(175,176)
(178,179)
