Nodes: 100
Protection radius: 1.000000
Disaster radius: 0.500000
0: 1.323564 9.920926
1: 1.704289 28.768511
2: 2.051770 19.092157
3: 2.639492 31.859500
4: 3.221351 25.602701
5: 4.793353 33.712837
6: 5.993455 46.630339
7: 6.622753 44.003499
8: 7.164340 10.122846
9: 7.353184 29.501895
10: 7.684184 4.735759
11: 7.687907 53.485592
12: 8.020546 26.221594
13: 10.156881 21.738131
14: 10.428207 52.969055
15: 10.637757 11.903825
16: 10.741630 35.705148
17: 11.051018 46.179820
18: 11.488798 43.900755
19: 11.633717 17.800912
20: 13.071094 4.681180
21: 13.127956 14.938816
22: 13.154907 53.731465
23: 13.313457 32.878423
24: 15.520285 25.531376
25: 16.483078 11.673967
26: 16.872472 3.641088
27: 17.414251 46.325609
28: 17.456853 54.613517
29: 17.602041 49.924430
30: 18.307081 19.206746
31: 18.347056 40.755696
32: 19.282804 1.763601
33: 19.551487 45.216256
34: 20.109373 36.632646
35: 20.174151 50.002661
36: 21.460814 29.088686
37: 21.460843 9.462042
38: 21.904857 21.292516
39: 23.094679 19.305360
40: 23.237583 23.267657
41: 24.207812 39.843739
42: 24.334165 35.282259
43: 25.143848 50.260514
44: 25.707213 4.902452
45: 26.224234 29.697830
46: 26.240469 1.870334
47: 26.575953 43.842509
48: 26.884968 41.802724
49: 27.066147 32.775960
50: 27.666885 25.023037
51: 27.684601 16.779634
52: 30.493787 2.137331
53: 30.561378 48.973714
54: 30.971353 21.670074
55: 31.402403 18.927965
56: 31.866306 15.534657
57: 32.219792 53.572721
58: 33.433064 32.864944
59: 33.721834 5.286563
60: 33.828487 49.676645
61: 34.006884 18.146665
62: 35.271565 43.759942
63: 36.350191 30.571399
64: 36.664607 16.376258
65: 36.796474 34.585483
66: 36.812823 6.347154
67: 37.002514 20.152640
68: 37.154407 49.019016
69: 37.816223 27.288550
70: 37.963302 36.652441
71: 38.456520 46.431011
72: 39.161269 1.922196
73: 39.881076 18.924241
74: 40.382893 36.525696
75: 40.451434 9.865857
76: 40.872296 12.104053
77: 40.934606 16.685135
78: 41.261263 4.953323
79: 42.059735 49.318913
80: 42.731247 9.537937
81: 42.979800 16.027575
82: 43.001228 21.792648
83: 43.120804 18.211002
84: 43.742378 11.637137
85: 44.968997 48.801891
86: 45.013474 35.781605
87: 47.621022 43.249873
88: 48.776093 38.245562
89: 49.003189 32.028733
90: 49.524299 51.608925
91: 49.858356 42.965551
92: 49.874742 21.718393
93: 50.881334 48.345811
94: 51.264766 9.194791
95: 51.794763 21.100252
96: 53.186238 10.230890
97: 53.617652 1.930824
98: 53.709473 24.269880
99: 53.801497 46.520808
Edges
(0,1)
(0,10)
(1,2)
(1,4)
(1,6)
(3,5)
(4,13)
(5,9)
(6,14)
(7,16)
(8,10)
(8,19)
(8,20)
(9,16)
(11,14)
(12,23)
(15,25)
(16,18)
(16,31)
(17,27)
(19,30)
(20,25)
(21,25)
(22,28)
(23,34)
(24,40)
(25,26)
(25,37)
(26,32)
(27,29)
(28,43)
(29,35)
(31,33)
(32,72)
(33,35)
(33,41)
(33,43)
(34,36)
(36,42)
(38,39)
(38,40)
(39,54)
(40,50)
(42,45)
(42,48)
(42,49)
(43,53)
(44,51)
(44,59)
(45,50)
(46,52)
(47,48)
(51,54)
(51,55)
(52,59)
(52,72)
(53,62)
(54,69)
(56,61)
(56,64)
(57,68)
(57,79)
(57,90)
(58,63)
(58,70)
(59,66)
(60,68)
(61,67)
(62,68)
(62,71)
(62,74)
(63,65)
(67,82)
(69,89)
(70,74)
(72,97)
(73,77)
(73,82)
(74,86)
(75,76)
(75,80)
(78,97)
(80,84)
(81,83)
(81,84)
(81,92)
(82,92)
(85,90)
(87,88)
(87,91)
(88,89)
(88,99)
(89,92)
(90,93)
(90,99)
(92,95)
(92,98)
(94,96)
(96,98)
