Nodes: 20
Protection radius: 1.000000
Disaster radius: 0.500000
0: 0.290881 8.057160
1: 0.888887 5.108768
2: 2.886270 11.607338
3: 3.022468 8.340321
4: 3.028316 5.336537
5: 3.753009 0.210912
6: 4.453170 13.623903
7: 4.606658 6.784841
8: 5.606140 9.989039
9: 6.004758 1.674363
10: 6.451427 14.926622
11: 6.493960 4.267123
12: 7.369808 8.424928
13: 8.268073 0.992199
14: 11.022779 9.066241
15: 11.047846 4.285408
16: 12.082154 0.918060
17: 13.463299 13.584467
18: 14.331779 1.777453
19: 14.797755 7.546938
Edges
(0,1)
(0,2)
(0,6)
(1,3)
(1,7)
(1,8)
(1,10)
(1,12)
(1,17)
(4,9)
(4,14)
(5,16)
(7,14)
(8,17)
(10,17)
(11,15)
(13,15)
(13,16)
(13,18)
(13,19)
(14,15)
