Nodes: 60
Protection radius: 1.000000
Disaster radius: 0.500000
0: 0.172472 14.764899
1: 1.081976 10.231133
2: 1.338514 27.190750
3: 1.569724 3.340837
4: 1.927053 1.160707
5: 2.002323 20.430446
6: 2.004101 5.546120
7: 2.331104 24.115641
8: 6.327772 20.601168
9: 7.528880 12.686728
10: 7.938513 35.586995
11: 8.073661 9.131117
12: 8.437681 19.595898
13: 9.183149 6.408607
14: 9.702582 1.449774
15: 10.393245 29.222849
16: 10.621196 15.062343
17: 11.231774 3.786696
18: 12.605166 30.203438
19: 13.072288 16.600697
20: 13.200525 23.743906
21: 13.241003 9.355621
22: 13.398466 14.248887
23: 13.492619 26.115635
24: 15.012763 19.868850
25: 15.860621 36.823492
26: 18.432808 14.065585
27: 19.347489 5.283245
28: 21.173506 1.545603
29: 21.754758 26.312483
30: 21.800867 28.729559
31: 22.188588 36.536373
32: 22.204221 15.944556
33: 22.328926 30.771255
34: 22.671217 8.827679
35: 23.747331 33.535443
36: 24.051360 23.816672
37: 25.264211 8.966622
38: 25.304600 35.544408
39: 25.884413 22.663538
40: 26.021210 16.338785
41: 28.394368 3.417106
42: 28.844203 13.852057
43: 29.287425 25.675261
44: 29.456472 30.384523
45: 30.010141 35.992116
46: 30.106001 8.614189
47: 30.376113 19.263252
48: 30.477736 1.779056
49: 30.714524 16.983034
50: 31.331687 23.583736
51: 31.661755 33.161793
52: 31.799831 27.617929
53: 32.550358 18.830926
54: 34.539925 1.028575
55: 34.642891 21.999729
56: 34.891162 11.364633
57: 34.948369 27.882145
58: 35.371936 7.423689
59: 36.915763 4.419336
Edges
(0,1)
(1,3)
(2,5)
(2,10)
(3,4)
(4,54)
(5,7)
(6,11)
(7,8)
(8,12)
(8,20)
(9,11)
(9,12)
(13,17)
(14,28)
(15,18)
(15,20)
(16,22)
(17,21)
(17,28)
(18,25)
(19,26)
(20,29)
(21,26)
(22,26)
(23,29)
(23,30)
(24,32)
(26,27)
(26,32)
(26,34)
(30,33)
(30,36)
(31,45)
(32,40)
(33,35)
(36,39)
(37,40)
(37,41)
(38,44)
(39,47)
(40,49)
(41,46)
(42,46)
(43,44)
(43,50)
(45,51)
(46,58)
(47,49)
(47,50)
(48,58)
(49,56)
(51,57)
(52,57)
(53,55)
(54,58)
(55,57)
(55,59)
(56,59)
