Nodes: 100
Protection radius: 1.000000
Disaster radius: 0.500000
0: 0.338806 44.731209
1: 0.905023 50.591798
2: 2.224189 25.729569
3: 2.791737 9.048538
4: 3.203698 33.607077
5: 3.589521 46.332891
6: 3.863250 30.584317
7: 4.057334 11.902774
8: 4.136386 39.439748
9: 4.710565 23.476810
10: 5.459017 37.457444
11: 6.803472 13.223756
12: 7.251255 22.722984
13: 7.298612 49.168032
14: 7.523431 18.616005
15: 7.525876 52.094477
16: 7.887731 35.364949
17: 9.789367 39.368444
18: 9.981988 29.581007
19: 10.958106 46.187275
20: 11.022189 34.415216
21: 11.421473 43.801931
22: 11.580313 30.841049
23: 11.995627 41.154121
24: 12.366008 23.733610
25: 13.037314 21.520185
26: 13.498630 16.197569
27: 13.683091 39.071792
28: 14.346218 51.210593
29: 14.782930 3.497800
30: 14.968995 46.275631
31: 15.841758 49.730302
32: 16.482356 4.884821
33: 16.580341 1.819355
34: 18.179094 3.514091
35: 18.500645 6.793220
36: 18.502877 49.876474
37: 18.921896 29.617654
38: 19.437367 22.519728
39: 19.445061 42.820913
40: 20.887711 25.951882
41: 21.297718 35.133681
42: 21.344450 3.270414
43: 21.622048 37.112712
44: 22.457481 20.072515
45: 22.587621 13.868589
46: 22.732363 29.185449
47: 22.939967 33.469640
48: 23.339540 42.735278
49: 23.813382 8.082514
50: 24.253142 38.596312
51: 24.331590 49.280481
52: 24.671765 2.872322
53: 25.544884 36.269704
54: 26.790335 21.292382
55: 27.607805 55.370729
56: 27.859435 14.475638
57: 28.748559 38.982207
58: 28.863043 43.470217
59: 31.276488 19.421762
60: 31.599722 44.889722
61: 31.720229 9.750417
62: 31.765531 56.571254
63: 31.816641 51.450664
64: 32.831904 48.202125
65: 33.031546 31.977774
66: 33.233130 17.527841
67: 33.489626 40.973320
68: 33.509385 7.751775
69: 34.501136 21.226517
70: 36.509224 50.323885
71: 36.973215 44.012478
72: 37.119111 16.581385
73: 37.391852 25.280230
74: 37.700168 47.592681
75: 38.523714 35.464047
76: 38.959995 15.013340
77: 40.103293 11.386680
78: 40.559733 8.089347
79: 41.728191 52.954446
80: 42.392167 32.525312
81: 43.071932 56.224827
82: 43.661087 14.403652
83: 45.316687 5.041409
84: 46.781886 35.810649
85: 48.502173 22.433787
86: 48.522330 28.484866
87: 49.127571 34.697899
88: 49.200321 19.612516
89: 50.465206 23.521908
90: 50.572689 56.074410
91: 50.808281 4.594878
92: 52.707357 17.361879
93: 53.061016 23.850038
94: 53.068850 55.771871
95: 54.059704 39.764952
96: 54.762021 11.910608
97: 55.081349 56.142252
98: 55.423166 33.459124
99: 55.569536 27.910196
Edges
(0,2)
(0,5)
(1,5)
(1,13)
(2,3)
(2,4)
(2,6)
(4,6)
(4,8)
(5,8)
(5,21)
(6,18)
(7,9)
(7,11)
(7,14)
(8,17)
(10,16)
(10,17)
(11,14)
(11,26)
(11,29)
(12,25)
(13,15)
(16,17)
(16,20)
(17,20)
(17,21)
(17,23)
(18,22)
(19,21)
(19,28)
(19,30)
(20,37)
(20,41)
(21,30)
(22,24)
(23,30)
(24,25)
(24,38)
(25,38)
(27,41)
(27,43)
(28,30)
(28,31)
(29,32)
(29,33)
(31,36)
(32,35)
(34,42)
(35,42)
(35,49)
(37,46)
(37,47)
(38,40)
(39,43)
(42,49)
(43,50)
(44,45)
(44,54)
(45,49)
(45,56)
(46,54)
(47,53)
(47,65)
(48,51)
(48,57)
(49,52)
(50,53)
(51,63)
(51,64)
(52,61)
(52,68)
(52,83)
(52,91)
(53,57)
(53,65)
(55,62)
(56,59)
(56,61)
(56,66)
(57,58)
(57,65)
(57,67)
(59,66)
(59,69)
(60,64)
(60,71)
(61,66)
(61,68)
(62,63)
(62,70)
(62,79)
(62,81)
(63,64)
(63,70)
(64,71)
(64,74)
(65,67)
(65,69)
(65,73)
(65,75)
(66,72)
(67,75)
(69,72)
(69,73)
(71,74)
(71,75)
(72,76)
(72,82)
(74,79)
(74,84)
(74,95)
(75,84)
(76,77)
(77,82)
(78,82)
(78,83)
(79,95)
(80,87)
(82,85)
(82,91)
(82,92)
(82,96)
(83,91)
(84,95)
(85,88)
(86,99)
(87,98)
(88,89)
(90,95)
(91,96)
(92,93)
(92,99)
(94,95)
(97,98)
(97,99)
(98,99)
