Nodes: 100
Protection radius: 1.000000
Disaster radius: 0.500000
0: 0.521640 0.782198
1: 0.823334 28.845871
2: 0.887513 51.166536
3: 1.510215 25.408254
4: 1.727131 20.724523
5: 2.011246 56.866595
6: 2.306085 31.154097
7: 3.767655 35.952560
8: 3.851500 21.531664
9: 4.211080 4.055388
10: 4.223544 14.245849
11: 5.510848 18.587507
12: 5.634268 8.362827
13: 5.927640 28.414956
14: 6.425389 52.764470
15: 6.666190 46.817634
16: 7.637559 10.211952
17: 8.080423 2.682622
18: 8.146515 32.847462
19: 8.930846 0.401616
20: 9.181073 25.292875
21: 9.632896 54.997749
22: 10.645186 11.848639
23: 10.763158 4.641778
24: 11.140914 22.739291
25: 11.346761 44.365513
26: 11.576196 37.717359
27: 11.793677 27.456140
28: 11.889602 55.148309
29: 14.202451 38.373738
30: 14.267340 2.502628
31: 14.272505 12.946138
32: 15.792301 21.062426
33: 16.066186 5.384908
34: 16.109601 30.856666
35: 16.348610 12.216277
36: 17.232590 19.398144
37: 18.068425 29.064116
38: 20.482028 56.208290
39: 20.943697 42.601586
40: 21.271266 4.916818
41: 22.264136 31.354415
42: 22.441183 28.740302
43: 22.724330 2.898760
44: 24.024041 8.677436
45: 24.191411 39.128254
46: 24.929025 19.437981
47: 25.241919 55.893552
48: 26.622722 10.386508
49: 27.087375 1.344973
50: 27.448602 7.446267
51: 29.003045 22.899650
52: 29.230088 41.161118
53: 29.628069 54.535978
54: 30.881849 6.721761
55: 31.697213 28.831583
56: 31.747000 19.643801
57: 31.802782 45.517027
58: 32.789318 8.099317
59: 33.298868 12.580870
60: 33.705894 30.851948
61: 33.836719 14.721393
62: 33.846112 10.331295
63: 35.416287 47.692482
64: 35.802880 43.052285
65: 36.031192 40.367445
66: 36.510383 5.499995
67: 37.578568 10.807846
68: 39.569223 54.636522
69: 40.200594 28.414433
70: 40.498850 45.022389
71: 42.594090 9.778192
72: 42.634177 19.493276
73: 43.015570 49.924670
74: 43.403134 14.425508
75: 43.450496 7.085526
76: 45.225708 17.025607
77: 45.684229 46.748371
78: 45.816676 39.330058
79: 46.098671 5.405793
80: 47.675163 41.030293
81: 47.852937 11.483705
82: 48.478065 1.081757
83: 48.551513 29.009574
84: 49.857442 47.661576
85: 50.033131 22.598390
86: 50.998146 18.387940
87: 51.324015 21.070676
88: 53.246570 34.981347
89: 53.358645 32.737374
90: 53.374103 12.593830
91: 53.461897 39.915481
92: 54.009501 30.271448
93: 54.383337 23.143259
94: 55.309578 28.056633
95: 57.154735 18.843581
96: 57.198451 38.933137
97: 57.517900 45.282789
98: 57.838731 7.359654
99: 57.874060 29.890558
Edges
(0,2)
(0,23)
(0,49)
(1,6)
(1,7)
(1,20)
(2,18)
(2,36)
(3,8)
(3,20)
(3,24)
(3,35)
(3,36)
(4,9)
(4,11)
(4,12)
(4,35)
(5,15)
(5,21)
(5,29)
(7,13)
(7,27)
(7,32)
(10,58)
(10,79)
(14,62)
(15,36)
(16,22)
(17,30)
(17,33)
(19,82)
(21,28)
(21,55)
(22,23)
(25,62)
(26,29)
(29,37)
(30,50)
(31,35)
(34,36)
(36,46)
(36,48)
(38,39)
(38,53)
(38,63)
(38,69)
(38,78)
(38,95)
(40,50)
(41,56)
(41,59)
(42,59)
(43,50)
(44,54)
(45,55)
(47,68)
(48,62)
(48,71)
(48,79)
(49,82)
(50,66)
(50,82)
(51,61)
(52,60)
(54,66)
(55,61)
(57,78)
(59,67)
(59,74)
(60,61)
(61,69)
(61,87)
(64,65)
(64,95)
(67,71)
(68,70)
(68,93)
(72,87)
(73,77)
(74,75)
(76,82)
(77,96)
(77,97)
(78,93)
(80,89)
(80,91)
(81,87)
(82,86)
(83,93)
(84,97)
(85,87)
(86,98)
(88,93)
(90,98)
(91,93)
(91,99)
(92,93)
(94,95)
(96,99)
