Nodes: 100
Protection radius: 1.000000
Disaster radius: 0.500000
0: 0.498132 7.011619
1: 0.718765 28.975623
2: 0.967759 32.435585
3: 0.985477 52.811968
4: 1.953821 48.859483
5: 2.476480 25.198616
6: 2.734389 29.483324
7: 3.376610 43.822114
8: 4.190648 21.276160
9: 4.287632 26.414436
10: 4.444233 46.836405
11: 4.451555 4.850139
12: 6.383884 13.025356
13: 6.458110 5.215016
14: 6.567246 27.098774
15: 6.825056 40.309074
16: 7.896223 44.233452
17: 8.188096 0.673376
18: 9.868182 35.677018
19: 10.518276 49.891952
20: 10.823672 27.836193
21: 11.183920 32.124264
22: 11.197145 44.885511
23: 12.393996 10.944234
24: 12.985503 33.141266
25: 13.074164 4.344369
26: 13.409904 52.597518
27: 15.661605 1.672377
28: 15.735658 38.266442
29: 15.914853 27.259620
30: 16.954315 13.381674
31: 17.378414 8.126347
32: 18.434920 49.023407
33: 19.081074 25.562087
34: 19.627284 7.992484
35: 19.842528 35.573401
36: 19.857413 14.644748
37: 20.100424 32.375028
38: 20.997765 17.939792
39: 21.459349 8.846472
40: 21.518789 42.051786
41: 21.820275 52.404382
42: 22.183745 20.222903
43: 23.257699 45.081108
44: 23.303212 41.078661
45: 23.450965 3.540388
46: 23.920585 26.736581
47: 24.913178 28.601263
48: 25.695671 35.221522
49: 26.696292 51.686766
50: 27.021802 44.738396
51: 27.748166 32.486793
52: 27.898789 37.384240
53: 27.930795 48.918228
54: 28.405021 2.553854
55: 28.953417 20.144982
56: 30.006674 30.235526
57: 30.186866 52.306997
58: 30.331182 34.458229
59: 31.264575 45.121287
60: 31.810888 32.283020
61: 32.006944 37.650423
62: 32.154469 51.702620
63: 32.155790 18.622952
64: 32.313790 26.226412
65: 33.267700 8.428149
66: 34.829849 6.212081
67: 35.085666 11.255323
68: 36.037904 52.013202
69: 36.682665 18.043262
70: 36.753919 2.907729
71: 37.247942 42.781729
72: 37.497955 26.242734
73: 39.232374 34.126883
74: 39.818196 2.678961
75: 40.597879 48.044913
76: 40.945403 4.783766
77: 41.027246 25.440362
78: 41.468495 45.396502
79: 41.499063 31.704772
80: 41.785482 37.180394
81: 41.994792 20.736547
82: 42.288454 1.141282
83: 42.754633 6.918621
84: 42.833565 49.153763
85: 43.197416 13.350241
86: 43.724163 51.653664
87: 44.269486 17.162132
88: 45.302882 19.977149
89: 45.777153 45.931805
90: 47.326148 21.673704
91: 47.397658 34.521830
92: 47.988838 42.492924
93: 48.598757 47.975395
94: 49.827140 20.919177
95: 50.478847 45.416847
96: 50.649327 39.925377
97: 51.081058 31.628561
98: 52.327498 15.778759
99: 52.359799 47.885353
Edges
(0,11)
(1,5)
(1,11)
(1,20)
(1,37)
(1,45)
(1,56)
(1,60)
(1,68)
(2,3)
(2,22)
(2,41)
(4,7)
(4,10)
(4,15)
(6,58)
(8,12)
(9,14)
(9,29)
(9,34)
(9,47)
(10,19)
(10,26)
(11,25)
(12,23)
(12,31)
(12,45)
(13,25)
(16,26)
(16,41)
(17,54)
(17,82)
(18,32)
(18,53)
(18,68)
(21,28)
(21,48)
(21,52)
(21,68)
(24,59)
(24,75)
(25,27)
(25,82)
(29,46)
(30,60)
(32,41)
(33,42)
(34,70)
(34,91)
(35,75)
(36,64)
(38,64)
(39,70)
(40,68)
(42,47)
(43,68)
(44,59)
(48,92)
(49,53)
(50,86)
(51,58)
(51,60)
(53,57)
(53,62)
(55,80)
(60,80)
(61,75)
(61,89)
(63,76)
(63,77)
(63,94)
(64,80)
(65,66)
(66,76)
(67,76)
(69,88)
(71,78)
(71,84)
(71,89)
(71,93)
(72,80)
(73,80)
(74,76)
(76,88)
(79,80)
(80,91)
(81,90)
(82,83)
(82,94)
(82,98)
(85,88)
(86,93)
(87,88)
(90,95)
(91,95)
(93,99)
(94,97)
(94,99)
(95,96)
