Nodes: 60
Protection radius: 1.000000
Disaster radius: 0.500000
0: 0.014655 31.566725
1: 0.213679 6.992202
2: 0.229503 2.983773
3: 0.741347 22.538187
4: 2.314008 4.035548
5: 3.534656 12.476469
6: 4.081337 2.813408
7: 4.968818 26.881416
8: 5.189750 0.313572
9: 6.453531 30.148342
10: 7.095886 2.464103
11: 7.299454 19.639056
12: 8.168703 23.889501
13: 8.649534 31.093980
14: 8.914078 14.848154
15: 8.925603 26.067668
16: 9.978471 18.009363
17: 10.907008 3.967319
18: 11.790350 26.378058
19: 12.088881 9.913851
20: 12.457596 21.142540
21: 13.429524 5.257189
22: 13.535830 17.032622
23: 13.611730 0.824997
24: 15.482809 29.821245
25: 16.112373 12.628104
26: 16.192146 6.203135
27: 17.501469 9.644188
28: 18.030894 4.276003
29: 18.233270 17.844752
30: 18.416608 28.803136
31: 19.507617 23.776802
32: 20.772781 3.078024
33: 20.913037 21.582806
34: 21.965650 18.103036
35: 21.967537 7.799849
36: 22.759329 28.553373
37: 22.843403 3.006341
38: 23.563123 5.096679
39: 23.792168 16.170036
40: 25.392901 28.569969
41: 25.406234 24.652723
42: 25.954484 20.365524
43: 26.387969 16.962687
44: 26.447018 32.439856
45: 26.715067 3.810095
46: 27.545258 9.409894
47: 27.880617 26.892899
48: 28.421934 0.800015
49: 29.444279 12.929552
50: 29.814417 19.025592
51: 30.317785 34.783235
52: 30.413607 24.692285
53: 30.654061 15.497465
54: 30.731140 11.165682
55: 31.647992 29.501785
56: 32.753428 1.011281
57: 33.770645 14.959480
58: 34.046944 12.773705
59: 34.692748 34.868562
Edges
(0,2)
(0,13)
(1,2)
(1,4)
(3,5)
(4,6)
(4,10)
(5,19)
(7,15)
(8,10)
(8,23)
(9,13)
(10,19)
(11,16)
(12,15)
(13,15)
(13,18)
(14,16)
(14,19)
(16,20)
(17,23)
(19,22)
(21,26)
(21,28)
(23,28)
(23,48)
(24,44)
(25,27)
(25,29)
(25,39)
(30,31)
(30,44)
(31,41)
(32,38)
(33,41)
(34,39)
(35,46)
(36,44)
(37,48)
(38,45)
(39,42)
(39,49)
(40,44)
(40,47)
(42,43)
(42,52)
(43,53)
(44,55)
(45,48)
(45,56)
(46,54)
(46,56)
(50,52)
(51,55)
(51,59)
(53,58)
(56,58)
(57,58)
(58,59)
