Nodes: 100
Protection radius: 1.000000
Disaster radius: 0.500000
0: 0.202404 9.508211
1: 0.540644 57.722818
2: 0.737454 17.763107
3: 0.997610 12.025804
4: 1.209409 51.040420
5: 1.376972 29.411448
6: 2.291564 6.119217
7: 2.731132 33.515513
8: 3.384587 27.859759
9: 3.805920 52.477162
10: 4.422723 56.461289
11: 4.635416 14.387469
12: 4.755149 32.539808
13: 5.003776 35.472512
14: 5.108964 17.721843
15: 5.275073 43.531200
16: 5.924672 48.348413
17: 6.705082 33.894273
18: 6.941563 57.770850
19: 7.030040 4.647462
20: 7.463797 26.428532
21: 9.234104 22.464684
22: 9.734240 48.603586
23: 9.927079 33.029463
24: 10.157614 11.376119
25: 11.643417 15.078227
26: 12.084439 20.613028
27: 13.577465 7.702692
28: 14.375712 4.170296
29: 14.549368 41.426132
30: 15.462222 1.773129
31: 16.437407 24.117942
32: 16.862610 44.942213
33: 17.076476 10.920890
34: 17.087901 50.940915
35: 17.631704 22.447787
36: 17.996816 4.892575
37: 18.436981 48.399584
38: 19.335846 10.600046
39: 19.936763 42.313938
40: 21.579231 51.710906
41: 21.738907 20.860387
42: 22.263714 30.214044
43: 22.454176 25.843181
44: 22.822673 0.903408
45: 23.615965 50.327245
46: 25.250713 24.836087
47: 25.566539 37.680432
48: 26.408124 11.158254
49: 26.982567 0.875297
50: 27.063376 8.301158
51: 27.165283 42.794700
52: 27.452108 13.617870
53: 28.530950 15.778519
54: 29.007500 30.557528
55: 30.439209 19.806267
56: 31.577800 57.025546
57: 31.602709 7.458248
58: 31.820054 30.782253
59: 32.056804 33.030336
60: 33.560597 48.619755
61: 34.431773 12.625084
62: 35.168273 18.977625
63: 35.285546 57.355956
64: 35.446315 44.256686
65: 36.417279 31.398156
66: 36.422357 40.615389
67: 36.782748 10.364090
68: 36.861950 46.657530
69: 36.967592 0.029908
70: 37.110636 14.345804
71: 37.171555 51.853950
72: 38.101450 18.093418
73: 40.169630 17.631380
74: 42.243593 46.709827
75: 43.393553 6.066266
76: 43.565241 56.563985
77: 44.665039 16.618477
78: 45.893696 37.909009
79: 45.920076 9.300269
80: 47.122402 55.105035
81: 47.613235 52.627656
82: 47.668309 16.734438
83: 48.977743 26.185870
84: 49.431249 50.475066
85: 49.648813 22.740668
86: 49.976329 35.204641
87: 50.838016 0.418868
88: 51.123754 31.517088
89: 51.526879 47.727692
90: 52.258286 26.334380
91: 52.447745 50.637073
92: 53.240472 55.727393
93: 53.342084 42.188155
94: 53.494196 11.860996
95: 54.722803 22.736517
96: 55.588377 10.717669
97: 56.160037 56.988889
98: 58.365156 36.363881
99: 58.642011 26.261875
Edges
(0,1)
(0,2)
(0,11)
(0,19)
(0,36)
(1,4)
(1,18)
(2,3)
(2,5)
(2,21)
(2,26)
(2,27)
(2,53)
(4,5)
(4,7)
(4,22)
(4,34)
(5,8)
(5,20)
(6,30)
(7,16)
(7,32)
(7,45)
(7,63)
(9,10)
(9,18)
(9,56)
(12,29)
(13,32)
(13,40)
(14,53)
(15,40)
(16,22)
(17,20)
(17,21)
(17,26)
(18,56)
(19,36)
(22,40)
(23,26)
(24,36)
(25,36)
(25,48)
(26,29)
(26,35)
(26,41)
(27,36)
(28,36)
(29,31)
(30,36)
(31,39)
(31,47)
(32,37)
(33,36)
(33,44)
(35,41)
(37,40)
(38,44)
(39,47)
(39,63)
(40,45)
(40,63)
(41,46)
(41,60)
(41,63)
(42,43)
(42,63)
(43,63)
(44,49)
(44,52)
(44,55)
(45,63)
(46,54)
(46,71)
(47,63)
(48,52)
(49,69)
(49,75)
(50,61)
(50,75)
(51,63)
(52,53)
(53,54)
(54,62)
(54,65)
(54,70)
(55,75)
(56,63)
(57,75)
(58,75)
(59,64)
(59,65)
(64,71)
(64,75)
(64,79)
(65,73)
(66,75)
(67,75)
(68,71)
(69,75)
(69,87)
(69,96)
(71,74)
(71,79)
(72,75)
(74,77)
(74,79)
(76,79)
(76,81)
(76,82)
(76,84)
(76,86)
(76,88)
(76,89)
(76,90)
(76,94)
(77,79)
(78,82)
(78,94)
(80,97)
(81,91)
(81,92)
(83,85)
(84,89)
(84,91)
(85,94)
(86,88)
(91,93)
(91,94)
(91,96)
(92,93)
(92,95)
(92,97)
(96,99)
(97,98)
(97,99)
