Nodes: 20
Protection radius: 1.000000
Disaster radius: 0.500000
0: 1.369941 11.301580
1: 1.390201 15.110096
2: 1.866279 6.462519
3: 3.027230 12.502517
4: 3.570477 3.963877
5: 3.888888 1.969565
6: 5.264754 0.270278
7: 5.893908 7.149170
8: 7.864251 11.603306
9: 8.372938 15.586792
10: 8.597422 5.124431
11: 9.298353 2.235447
12: 9.722813 8.142569
13: 11.771823 1.884380
14: 12.030289 14.119607
15: 14.083324 5.516720
16: 14.403346 15.524409
17: 14.568772 0.237189
18: 14.609002 2.616814
19: 15.564949 10.814965
Edges
(0,1)
(0,2)
(0,4)
(0,5)
(0,13)
(1,3)
(1,8)
(4,7)
(5,6)
(5,11)
(5,17)
(9,19)
(10,13)
(12,19)
(13,15)
(13,18)
(13,19)
(14,16)
(16,19)
