Nodes: 180
Protection radius: 1.000000
Disaster radius: 0.500000
0: 1.937980 81.394341
1: 2.450362 44.535962
2: 2.660741 41.166250
3: 3.388997 88.829175
4: 3.562484 17.252687
5: 3.965656 52.680422
6: 4.405886 47.706008
7: 4.625666 8.925224
8: 5.016805 45.611772
9: 5.971929 55.206527
10: 6.597535 10.130352
11: 6.973169 31.264413
12: 7.021092 78.418792
13: 7.282577 70.834649
14: 10.076668 84.299661
15: 10.145612 92.383704
16: 10.334678 21.556984
17: 11.617680 71.677577
18: 13.236004 14.702335
19: 14.295995 83.454377
20: 14.891664 54.025544
21: 15.195346 92.390009
22: 15.260471 20.849939
23: 16.553880 67.617052
24: 17.202125 87.621809
25: 17.584991 21.864037
26: 18.256890 1.582827
27: 18.301553 18.826486
28: 19.109427 23.857144
29: 19.760018 87.249005
30: 20.235160 71.022757
31: 21.010781 5.390342
32: 21.510842 69.333122
33: 21.730266 65.763333
34: 21.813609 78.205444
35: 21.817308 89.119291
36: 21.901139 34.389189
37: 22.053146 43.653713
38: 23.649273 18.730700
39: 23.697052 53.012039
40: 24.354838 48.130235
41: 24.658355 15.889791
42: 25.270851 93.479368
43: 25.327523 8.654547
44: 25.787752 6.489958
45: 25.853593 23.368502
46: 26.117942 63.377040
47: 26.129295 55.649472
48: 27.813464 65.846357
49: 28.090482 84.582396
50: 28.657201 49.432249
51: 29.915751 62.869304
52: 30.415843 86.823970
53: 30.581770 54.762471
54: 30.631207 26.331755
55: 31.658579 28.297726
56: 34.132998 57.496441
57: 34.146300 65.791577
58: 35.234273 13.282375
59: 35.388513 92.815260
60: 35.399407 37.699710
61: 35.519868 83.960967
62: 35.933226 28.473754
63: 36.033925 60.294351
64: 36.079173 75.637310
65: 37.413635 93.204557
66: 38.143363 55.040149
67: 38.215106 27.931330
68: 39.717061 82.199260
69: 40.441095 44.124426
70: 40.910533 2.346496
71: 41.179479 10.104808
72: 41.850679 51.326636
73: 41.995509 72.916119
74: 42.114060 58.697985
75: 42.597982 62.373881
76: 43.203827 4.606604
77: 43.689648 93.928013
78: 43.848732 37.890133
79: 43.874276 28.484011
80: 44.338736 65.426204
81: 44.582599 25.036745
82: 45.707253 30.174647
83: 46.368196 74.947352
84: 46.445928 50.737786
85: 47.063515 25.322170
86: 47.185376 60.214496
87: 47.262090 11.993426
88: 47.659973 86.865435
89: 47.841214 69.367651
90: 49.184336 13.270784
91: 49.768222 28.568304
92: 49.814667 8.940410
93: 51.102510 87.424704
94: 51.917559 37.166839
95: 52.101730 52.234028
96: 52.592467 55.370902
97: 53.353492 29.560559
98: 53.471639 93.777213
99: 53.488557 63.596935
100: 54.310467 53.036953
101: 55.448729 90.951184
102: 56.146017 57.084736
103: 56.606338 83.444131
104: 56.990602 41.823349
105: 57.970284 64.972752
106: 58.052320 6.226444
107: 58.487085 85.891969
108: 58.696398 3.820751
109: 60.256076 49.324307
110: 60.342788 80.795759
111: 60.530734 63.667987
112: 60.535340 32.503553
113: 61.688749 28.257683
114: 63.563617 19.055587
115: 63.615648 33.953592
116: 64.503652 58.380520
117: 65.793497 86.412460
118: 65.805167 27.086049
119: 66.976635 49.744080
120: 67.189544 45.806906
121: 67.199954 69.943265
122: 67.739288 55.831223
123: 68.084062 53.364123
124: 68.111830 75.795811
125: 68.155104 32.397471
126: 68.807412 72.023427
127: 70.304452 40.901802
128: 70.545262 92.334215
129: 70.924472 66.170796
130: 72.053648 11.692965
131: 72.138661 75.898523
132: 72.289605 71.605840
133: 72.746995 78.681015
134: 74.369923 31.049814
135: 74.731987 27.314036
136: 75.206290 69.528240
137: 75.235147 15.717945
138: 76.702075 2.276014
139: 77.410001 26.250636
140: 77.428685 67.437519
141: 77.595824 16.120500
142: 77.808318 47.777014
143: 78.135018 35.535825
144: 78.142392 53.234019
145: 78.255127 59.227244
146: 78.945196 29.012843
147: 79.523059 8.513061
148: 81.164434 68.036595
149: 81.694611 60.565575
150: 81.924891 29.676737
151: 81.943261 13.736552
152: 82.060587 39.267671
153: 82.072345 51.386137
154: 84.207051 26.105806
155: 84.268691 37.313617
156: 84.798643 30.670328
157: 85.794168 87.634857
158: 85.800873 81.207076
159: 86.011818 53.678163
160: 86.223757 67.838647
161: 86.875007 0.531422
162: 87.214439 3.325496
163: 87.317715 11.944669
164: 87.555635 58.572952
165: 87.941079 91.856422
166: 88.715028 68.875603
167: 88.760407 51.048969
168: 89.773793 62.999808
169: 89.807693 5.888617
170: 90.757785 45.955276
171: 91.075808 32.858391
172: 91.231689 80.417909
173: 91.245455 0.968325
174: 91.697432 88.688014
175: 91.951799 60.606204
176: 92.762389 30.804557
177: 93.224885 67.546471
178: 93.400278 90.924558
179: 93.964065 84.340677
Edges
(0,1)
(0,3)
(0,12)
(0,13)
(0,14)
(1,2)
(1,5)
(3,15)
(4,7)
(4,10)
(4,16)
(4,18)
(6,8)
(6,20)
(7,26)
(8,11)
(9,20)
(10,26)
(12,17)
(12,19)
(13,17)
(13,23)
(14,19)
(15,21)
(15,42)
(16,18)
(16,22)
(16,28)
(17,23)
(18,22)
(18,26)
(18,27)
(18,31)
(18,41)
(19,24)
(19,34)
(20,23)
(20,37)
(20,40)
(20,47)
(23,32)
(24,35)
(25,27)
(26,161)
(27,28)
(27,41)
(28,45)
(29,34)
(29,35)
(30,32)
(31,44)
(32,34)
(33,48)
(36,37)
(36,60)
(37,50)
(37,60)
(38,41)
(38,45)
(39,40)
(40,50)
(41,43)
(42,77)
(46,47)
(46,51)
(47,50)
(48,51)
(49,52)
(50,53)
(50,66)
(51,56)
(52,59)
(52,61)
(53,56)
(53,66)
(54,55)
(54,58)
(54,67)
(55,62)
(56,63)
(56,66)
(57,75)
(57,80)
(58,70)
(58,71)
(58,81)
(59,65)
(60,78)
(61,64)
(61,68)
(62,67)
(63,66)
(65,77)
(66,69)
(67,79)
(67,81)
(68,77)
(69,72)
(69,78)
(69,84)
(70,71)
(70,76)
(71,76)
(71,81)
(73,83)
(73,89)
(74,84)
(74,86)
(76,87)
(76,92)
(76,108)
(77,88)
(78,79)
(78,84)
(78,94)
(79,81)
(79,82)
(79,85)
(80,99)
(82,85)
(82,94)
(83,88)
(83,103)
(83,110)
(84,86)
(84,95)
(84,104)
(85,90)
(85,91)
(85,114)
(86,96)
(86,99)
(87,90)
(87,92)
(88,103)
(89,99)
(89,105)
(90,106)
(91,94)
(91,97)
(93,98)
(93,101)
(93,103)
(93,107)
(94,104)
(95,96)
(95,104)
(96,100)
(96,102)
(97,114)
(98,101)
(98,128)
(100,109)
(101,128)
(102,109)
(102,111)
(102,116)
(104,112)
(104,120)
(105,110)
(105,111)
(105,121)
(106,108)
(108,130)
(108,138)
(109,120)
(109,123)
(110,117)
(110,121)
(110,124)
(112,113)
(112,115)
(113,114)
(113,115)
(114,137)
(115,118)
(115,125)
(116,129)
(118,125)
(119,123)
(120,142)
(121,124)
(121,129)
(122,144)
(122,145)
(124,126)
(124,133)
(125,135)
(126,132)
(127,134)
(127,143)
(128,157)
(129,136)
(131,132)
(132,136)
(133,136)
(134,143)
(135,146)
(137,139)
(138,161)
(139,141)
(139,154)
(140,145)
(140,148)
(142,144)
(142,152)
(143,146)
(144,145)
(144,149)
(144,153)
(145,149)
(146,150)
(146,154)
(147,162)
(148,158)
(149,153)
(149,168)
(150,156)
(151,154)
(152,170)
(153,170)
(154,163)
(154,176)
(155,170)
(155,171)
(156,171)
(157,172)
(157,174)
(157,179)
(159,164)
(160,166)
(161,162)
(161,173)
(162,163)
(162,169)
(162,173)
(164,175)
(165,174)
(165,178)
(166,172)
(167,170)
(167,175)
(168,175)
(171,176)
(173,176)
(174,179)
(175,176)
(176,177)
