Nodes: 20
Protection radius: 1.000000
Disaster radius: 0.500000
0: 0.759058 10.481893
1: 1.057009 4.943564
2: 1.224344 8.067065
3: 1.658791 2.522966
4: 2.156583 12.807623
5: 4.537596 13.978209
6: 5.458526 16.236731
7: 7.006416 5.978455
8: 7.160504 14.556444
9: 8.987694 6.733115
10: 9.568253 12.245889
11: 10.444817 2.062852
12: 10.738557 16.574669
13: 11.129325 5.793788
14: 12.603791 15.708058
15: 13.332100 10.413290
16: 14.328508 7.585835
17: 15.690664 1.961533
18: 16.501175 16.517046
19: 16.678279 12.879575
Edges
(0,1)
(1,2)
(1,7)
(3,7)
(4,6)
(4,7)
(5,8)
(6,12)
(8,12)
(9,10)
(9,11)
(9,13)
(10,15)
(12,14)
(13,17)
(14,15)
(15,16)
(15,19)
(18,19)
