Nodes: 100
Protection radius: 1.000000
Disaster radius: 0.500000
0: 0.255134 17.517148
1: 1.280571 45.074851
2: 1.534891 12.518187
3: 1.737944 6.990277
4: 2.064765 30.245064
5: 2.717415 47.990896
6: 2.903561 41.319840
7: 3.940121 32.601749
8: 5.412080 41.512202
9: 5.542633 34.236609
10: 5.544959 27.996531
11: 6.668497 36.139532
12: 7.124865 48.977435
13: 7.407841 40.494101
14: 7.428186 9.066713
15: 8.210997 34.017357
16: 8.808511 3.455434
17: 9.326974 26.822362
18: 10.007457 5.446812
19: 10.158975 12.743420
20: 10.627381 7.882773
21: 10.816844 32.327858
22: 10.916611 16.948100
23: 11.301628 24.871852
24: 12.986564 18.792507
25: 13.948827 12.406528
26: 14.210912 35.497711
27: 14.458844 41.109420
28: 14.750481 38.703410
29: 15.494583 49.932432
30: 16.731126 22.067224
31: 16.913182 12.256376
32: 16.997581 26.411287
33: 17.730280 36.106071
34: 18.313788 48.082898
35: 20.526478 50.171436
36: 20.755423 1.696307
37: 20.795922 17.793828
38: 20.907581 32.815612
39: 20.971692 36.171071
40: 21.009692 15.483718
41: 21.087474 12.539246
42: 21.387997 7.379999
43: 22.893038 32.524700
44: 23.597887 37.366306
45: 23.809613 11.532705
46: 23.823295 49.277598
47: 24.085274 1.125817
48: 24.464007 25.806091
49: 24.924716 6.041168
50: 25.432364 42.481755
51: 26.564610 35.455065
52: 27.090411 23.818099
53: 28.039333 32.388635
54: 28.544435 45.684766
55: 28.825598 14.090028
56: 29.233019 36.249208
57: 29.866721 28.404128
58: 30.042985 19.837014
59: 30.210575 17.783076
60: 32.069569 22.671367
61: 32.580609 9.802934
62: 33.299686 46.820361
63: 33.624054 32.783618
64: 33.774490 20.049555
65: 34.119215 48.782890
66: 34.742658 8.494880
67: 35.394691 41.919340
68: 35.963553 12.610371
69: 36.031476 49.751058
70: 36.091948 35.758252
71: 36.286900 3.427560
72: 37.635842 9.492951
73: 37.909896 19.755871
74: 38.614531 29.315722
75: 38.775432 45.076264
76: 38.968402 1.083698
77: 39.311777 7.391264
78: 39.533631 50.882605
79: 39.779899 21.608728
80: 41.586344 23.055593
81: 42.197274 42.155319
82: 42.654928 26.208002
83: 42.854948 46.548692
84: 44.316123 4.184133
85: 45.268121 26.896841
86: 45.316231 33.052013
87: 45.707233 46.597847
88: 45.752793 0.926519
89: 47.019719 8.650560
90: 47.603293 34.147690
91: 47.723664 12.457916
92: 47.970968 44.910769
93: 48.216168 26.450214
94: 48.244999 5.935245
95: 48.603217 19.901142
96: 48.781441 47.977823
97: 49.144661 3.017181
98: 50.523076 46.258196
99: 50.732825 5.366383
Edges
(0,2)
(0,3)
(0,4)
(0,10)
(0,23)
(1,4)
(1,5)
(1,6)
(1,8)
(2,19)
(3,14)
(4,7)
(4,10)
(5,12)
(6,9)
(6,11)
(7,9)
(8,13)
(9,11)
(11,13)
(11,26)
(12,13)
(12,29)
(13,28)
(14,16)
(14,18)
(15,21)
(16,18)
(16,36)
(17,23)
(18,20)
(18,36)
(19,20)
(19,22)
(21,32)
(22,23)
(22,24)
(23,24)
(24,31)
(24,37)
(25,31)
(26,28)
(26,33)
(27,28)
(27,33)
(27,34)
(28,33)
(29,34)
(29,35)
(30,32)
(30,37)
(30,48)
(31,37)
(32,48)
(33,38)
(34,46)
(34,50)
(35,69)
(35,78)
(36,42)
(36,47)
(36,49)
(37,40)
(37,52)
(37,55)
(39,43)
(39,44)
(40,45)
(41,42)
(43,51)
(43,53)
(45,49)
(45,55)
(46,50)
(46,69)
(47,71)
(47,88)
(48,57)
(49,71)
(50,54)
(50,56)
(52,57)
(52,58)
(53,57)
(55,59)
(55,61)
(56,63)
(56,67)
(57,74)
(58,60)
(59,68)
(60,64)
(60,73)
(60,79)
(61,66)
(61,68)
(61,71)
(62,65)
(63,70)
(64,68)
(65,69)
(65,75)
(66,71)
(66,72)
(67,70)
(67,81)
(69,78)
(70,81)
(70,86)
(71,76)
(71,77)
(72,77)
(74,80)
(74,82)
(76,77)
(76,88)
(77,91)
(78,83)
(79,80)
(81,86)
(81,90)
(82,85)
(84,89)
(85,93)
(85,95)
(87,92)
(89,94)
(90,93)
(92,96)
(92,98)
(93,95)
(94,97)
(94,99)
(95,98)
(95,99)
(96,98)
