Nodes: 20
Protection radius: 1.000000
Disaster radius: 0.500000
0: 0.337873 4.104989
1: 0.499339 11.880599
2: 0.706802 7.941304
3: 1.305375 0.056461
4: 2.108085 2.861186
5: 2.517569 15.837915
6: 2.921555 10.745740
7: 4.654521 5.903883
8: 5.152180 0.804786
9: 5.208068 3.025382
10: 5.245697 10.467695
11: 6.232803 12.297854
12: 7.052157 5.870179
13: 7.700324 15.341814
14: 8.971556 8.347361
15: 12.117465 11.897608
16: 12.342737 9.877958
17: 13.872186 7.330525
18: 14.124957 12.354845
19: 14.712070 4.350189
Edges
(0,1)
(0,4)
(0,7)
(1,5)
(1,6)
(2,7)
(3,7)
(6,11)
(6,13)
(6,14)
(6,18)
(7,8)
(7,9)
(7,16)
(10,14)
(10,15)
(11,18)
(12,17)
(12,19)
(13,18)
(15,17)
(17,18)
