Nodes: 60
Protection radius: 1.000000
Disaster radius: 0.500000
0: 0.296128 29.791714
1: 0.717039 9.455439
2: 0.807372 4.095913
3: 2.525549 6.967711
4: 2.808412 15.337401
5: 2.908223 19.356425
6: 4.613544 25.628580
7: 5.116194 20.631354
8: 5.117640 16.374875
9: 5.847877 0.581004
10: 6.497611 6.450526
11: 6.645251 11.719551
12: 7.116431 32.360629
13: 7.205080 29.741491
14: 7.919666 22.742388
15: 8.104056 15.436644
16: 9.372459 18.540773
17: 9.685886 8.277510
18: 10.386153 12.615322
19: 10.436717 22.176900
20: 11.675534 29.358817
21: 14.075619 11.076088
22: 14.076688 24.636195
23: 14.166600 21.701185
24: 15.097477 28.304344
25: 16.256121 7.159943
26: 16.407822 14.768441
27: 17.680380 32.767310
28: 17.916463 28.894216
29: 18.135638 2.327213
30: 18.906869 16.474987
31: 19.571787 11.502857
32: 19.763404 28.055986
33: 20.833061 4.308443
34: 20.958296 23.824740
35: 21.096176 16.722085
36: 21.631758 7.555932
37: 22.046960 10.179831
38: 22.208108 13.494615
39: 22.483907 21.192050
40: 23.597130 6.730302
41: 24.312684 27.427921
42: 25.353691 8.727038
43: 25.700716 4.909673
44: 26.122059 18.045089
45: 26.659196 32.870060
46: 26.838301 14.400651
47: 26.880217 26.051538
48: 27.074529 12.015854
49: 28.378752 8.241129
50: 28.819704 15.330167
51: 29.083192 25.483630
52: 29.134293 20.201935
53: 29.764640 13.500084
54: 30.086793 4.994964
55: 31.539704 15.583108
56: 31.570177 25.228706
57: 32.692993 21.180409
58: 32.784639 12.258398
59: 32.877324 5.833233
Edges
(0,5)
(0,12)
(1,4)
(1,5)
(2,3)
(2,4)
(5,9)
(6,10)
(6,12)
(7,11)
(8,10)
(9,29)
(10,18)
(10,21)
(10,25)
(11,12)
(11,13)
(13,24)
(14,15)
(14,22)
(14,23)
(14,38)
(16,26)
(16,38)
(17,21)
(18,58)
(19,23)
(20,27)
(20,28)
(21,43)
(27,30)
(30,32)
(30,34)
(31,36)
(33,54)
(34,41)
(35,38)
(35,39)
(36,40)
(36,42)
(36,48)
(37,48)
(38,53)
(38,58)
(39,46)
(40,58)
(41,45)
(44,47)
(44,52)
(44,58)
(45,56)
(45,58)
(47,55)
(49,54)
(49,58)
(50,53)
(51,56)
(51,57)
(58,59)
