Nodes: 140
Protection radius: 1.000000
Disaster radius: 0.500000
0: 0.306108 14.092499
1: 0.693702 30.567266
2: 2.091552 44.756382
3: 2.913838 39.325923
4: 4.349868 58.053143
5: 4.668125 20.444386
6: 4.804082 24.986496
7: 5.411356 37.691707
8: 6.051734 48.211018
9: 6.481100 3.608590
10: 7.604640 51.782497
11: 8.160965 61.712454
12: 8.177106 25.375891
13: 9.831693 40.656364
14: 10.110418 37.940179
15: 10.225394 55.987397
16: 11.083145 45.956600
17: 11.458119 13.237669
18: 11.666130 35.338563
19: 11.993284 71.530878
20: 12.685594 67.484223
21: 12.931182 33.629100
22: 12.969647 30.532089
23: 14.484567 56.297013
24: 15.332771 25.103247
25: 16.384466 6.382960
26: 16.891183 36.027860
27: 16.892362 74.363436
28: 18.408278 32.225134
29: 18.752262 3.103873
30: 18.862630 69.678324
31: 18.864514 0.237790
32: 19.165024 34.452402
33: 19.242254 10.182747
34: 20.479931 45.687873
35: 20.908456 40.528998
36: 21.283618 48.637044
37: 21.814929 28.336949
38: 23.478213 0.735543
39: 23.945106 5.020411
40: 24.466683 16.625760
41: 24.797139 59.124984
42: 24.890474 61.762167
43: 25.436264 29.878039
44: 26.044431 1.656145
45: 26.650023 32.355134
46: 27.167647 43.843558
47: 27.431134 10.631822
48: 27.755528 37.766332
49: 30.050888 47.342325
50: 30.585742 32.102608
51: 30.860749 3.147379
52: 31.285232 71.697518
53: 31.369456 52.566439
54: 31.481622 60.000135
55: 31.688534 66.836126
56: 31.791963 8.483214
57: 31.851754 74.523865
58: 32.610896 10.804120
59: 33.025418 68.802034
60: 33.586460 37.685873
61: 35.206481 47.509297
62: 35.654717 54.173098
63: 36.238918 16.779795
64: 36.380663 19.962831
65: 36.411479 57.789956
66: 36.495979 61.543313
67: 36.688612 31.407189
68: 37.281916 3.196806
69: 37.664358 63.896593
70: 38.303888 46.520305
71: 39.224666 14.464560
72: 39.468390 68.287942
73: 40.412676 28.612987
74: 40.992019 4.867580
75: 41.264542 12.015431
76: 42.172863 21.246852
77: 42.548643 40.416172
78: 44.790155 68.100013
79: 45.795397 17.761076
80: 46.085339 21.188548
81: 46.863832 71.686306
82: 47.502636 1.657285
83: 47.551590 36.760442
84: 47.585772 63.220173
85: 48.621593 57.083730
86: 48.975305 66.371693
87: 49.566298 34.283294
88: 49.626082 31.494689
89: 49.691112 27.406128
90: 50.979150 13.594295
91: 51.100978 36.333047
92: 51.318768 6.047920
93: 51.762054 73.755615
94: 52.701951 53.090827
95: 53.770036 67.354975
96: 53.809843 47.476925
97: 53.872668 43.400670
98: 54.317467 29.786132
99: 54.669381 20.485425
100: 54.974579 27.492821
101: 56.026930 2.101288
102: 56.491993 46.209396
103: 56.610731 5.717137
104: 57.044330 16.837530
105: 57.086297 11.992845
106: 57.437853 41.064928
107: 57.953158 53.933874
108: 58.253313 29.056554
109: 58.697402 48.464953
110: 60.020176 19.330818
111: 60.319958 2.889960
112: 60.692084 0.439541
113: 61.070021 55.101549
114: 61.330850 66.688104
115: 61.336971 69.025631
116: 61.704534 6.379646
117: 62.357742 10.719859
118: 65.282931 20.956066
119: 65.422999 49.338004
120: 66.110590 60.555419
121: 66.897933 0.053653
122: 68.130468 44.232842
123: 68.240584 28.377749
124: 68.507445 5.162486
125: 68.562292 3.146797
126: 68.655404 70.518707
127: 68.967663 46.412508
128: 70.026527 18.341058
129: 70.035841 48.942263
130: 70.295313 31.248993
131: 70.553912 21.398797
132: 72.432313 30.937320
133: 72.614771 67.715246
134: 72.736023 51.792861
135: 73.217483 47.124734
136: 73.715513 33.087030
137: 73.804508 2.769031
138: 74.479659 68.868336
139: 74.548676 24.597312
Edges
(0,1)
(0,5)
(0,15)
(0,23)
(0,25)
(0,27)
(0,29)
(0,58)
(1,7)
(2,11)
(2,20)
(2,27)
(3,15)
(4,19)
(6,14)
(6,16)
(6,23)
(6,40)
(6,58)
(6,75)
(7,15)
(8,10)
(9,31)
(9,38)
(10,27)
(11,19)
(11,20)
(11,27)
(12,23)
(12,71)
(13,23)
(17,58)
(18,22)
(18,35)
(19,27)
(21,35)
(22,24)
(24,26)
(24,28)
(24,35)
(24,63)
(25,33)
(25,47)
(25,56)
(26,35)
(27,34)
(27,41)
(27,42)
(27,48)
(27,52)
(27,57)
(27,59)
(28,35)
(28,37)
(28,64)
(28,76)
(28,79)
(30,41)
(30,46)
(30,50)
(31,38)
(32,35)
(32,45)
(34,35)
(34,45)
(34,50)
(36,50)
(37,63)
(38,39)
(38,44)
(38,68)
(38,104)
(38,121)
(39,56)
(39,75)
(39,104)
(41,42)
(42,50)
(42,53)
(42,55)
(42,81)
(43,45)
(43,67)
(44,74)
(44,104)
(47,56)
(49,61)
(49,76)
(51,90)
(52,59)
(53,54)
(53,65)
(53,66)
(53,69)
(53,72)
(60,67)
(61,73)
(62,70)
(62,76)
(63,79)
(65,66)
(66,70)
(66,81)
(68,82)
(68,92)
(68,121)
(70,77)
(74,90)
(75,99)
(76,77)
(76,78)
(76,84)
(76,85)
(76,99)
(78,84)
(79,99)
(80,85)
(80,89)
(81,86)
(81,93)
(82,112)
(82,121)
(83,89)
(84,106)
(84,107)
(84,113)
(84,117)
(84,119)
(84,121)
(84,128)
(85,100)
(85,117)
(87,100)
(87,121)
(88,89)
(88,121)
(89,99)
(90,92)
(90,101)
(91,98)
(91,100)
(93,115)
(93,133)
(94,107)
(94,109)
(95,113)
(95,115)
(95,119)
(95,129)
(95,133)
(96,106)
(97,106)
(98,100)
(101,104)
(102,109)
(103,104)
(103,105)
(104,111)
(105,111)
(106,124)
(106,137)
(108,124)
(109,128)
(109,131)
(110,121)
(111,116)
(113,119)
(114,120)
(114,134)
(115,133)
(118,124)
(118,137)
(119,127)
(119,129)
(119,132)
(119,135)
(119,136)
(119,139)
(120,134)
(120,138)
(121,125)
(122,136)
(123,130)
(125,137)
(126,133)
(126,138)
(129,135)
(130,137)
(134,135)
(136,138)
(138,139)
