Nodes: 180
Protection radius: 1.000000
Disaster radius: 0.500000
0: 0.255160 1.516141
1: 0.947087 51.558316
2: 1.101021 38.109437
3: 1.179198 49.556010
4: 1.979302 83.593529
5: 2.813895 14.768796
6: 3.587624 24.218328
7: 4.039826 34.469916
8: 4.312164 78.967192
9: 4.582080 69.262159
10: 4.752620 47.759705
11: 5.755523 11.147350
12: 6.366387 98.474255
13: 7.013917 17.600596
14: 7.599347 73.561141
15: 7.765161 1.421426
16: 8.034709 92.254480
17: 8.501853 50.110311
18: 9.071843 27.990760
19: 9.448929 82.138652
20: 10.455014 37.258694
21: 10.622800 75.183959
22: 11.091352 68.091932
23: 11.530170 40.574953
24: 13.426511 24.384161
25: 13.770026 39.450674
26: 14.459538 63.696336
27: 14.665787 34.185544
28: 15.527404 67.651833
29: 16.604462 59.053401
30: 17.154528 26.072635
31: 17.601666 70.170428
32: 18.395177 55.139060
33: 18.449072 32.382197
34: 19.775928 43.684924
35: 20.510230 84.721153
36: 21.891018 29.292441
37: 22.892594 41.208885
38: 23.125307 25.550890
39: 23.175504 55.262937
40: 23.851721 49.619500
41: 24.637427 5.657849
42: 24.727956 85.090666
43: 25.234125 26.626510
44: 25.519502 15.757430
45: 25.550712 51.828190
46: 25.560893 43.809983
47: 26.741635 97.506969
48: 27.171628 56.819116
49: 27.546098 19.096634
50: 27.700201 11.400610
51: 28.483058 28.808716
52: 28.718866 76.721241
53: 30.625510 87.510690
54: 30.788269 14.514767
55: 31.054766 56.476269
56: 31.317802 20.374878
57: 32.283456 90.954373
58: 33.273957 5.606034
59: 33.867745 87.893175
60: 35.264257 17.881924
61: 35.334974 85.344882
62: 36.081377 0.993407
63: 36.319631 63.166234
64: 36.570791 51.366209
65: 37.043188 71.980863
66: 37.397915 26.950925
67: 38.171596 76.401182
68: 38.243228 66.768938
69: 39.102844 38.751758
70: 39.154005 57.756015
71: 39.812648 92.962730
72: 39.844615 42.769961
73: 39.956066 55.669705
74: 40.802157 44.536285
75: 41.992669 27.412161
76: 43.053014 25.241797
77: 43.831794 53.096810
78: 44.240211 74.505807
79: 44.983825 25.994524
80: 45.366582 30.254377
81: 45.804873 79.271196
82: 46.805605 100.690742
83: 47.912426 20.935207
84: 47.973472 46.060034
85: 50.851284 100.726676
86: 51.350383 55.623203
87: 51.630490 68.347005
88: 51.795569 8.092016
89: 52.008455 17.814113
90: 52.616108 96.942456
91: 55.902927 91.055464
92: 56.486465 41.470227
93: 56.930167 54.449659
94: 58.058441 16.704904
95: 59.298471 30.287047
96: 59.565509 89.108130
97: 60.041175 95.236015
98: 61.812602 6.591549
99: 62.201110 60.134247
100: 63.528226 29.979242
101: 63.941958 61.849871
102: 64.193708 35.464037
103: 64.233742 41.336087
104: 65.720248 72.266178
105: 65.858264 15.766667
106: 67.398784 58.909469
107: 67.416785 18.245687
108: 67.526524 51.990711
109: 67.818608 38.101341
110: 68.035545 20.350893
111: 68.648396 61.080297
112: 68.821373 78.312301
113: 68.854241 97.666460
114: 69.555324 88.833247
115: 69.943729 18.204731
116: 70.137970 34.683054
117: 70.882742 9.626529
118: 70.924825 69.351295
119: 71.320640 54.508024
120: 71.897586 88.622080
121: 71.987467 32.154996
122: 72.156315 49.552804
123: 72.343421 30.111755
124: 72.361356 52.617876
125: 72.468901 61.642270
126: 72.957151 100.926141
127: 73.077050 2.791339
128: 74.174867 14.570851
129: 74.298450 54.269577
130: 74.419712 41.256945
131: 76.276127 77.660253
132: 77.411476 21.466692
133: 77.632996 1.678355
134: 78.378233 30.776852
135: 78.821332 73.264400
136: 78.978494 97.493160
137: 79.409058 24.340827
138: 79.481265 92.694170
139: 80.787337 83.237729
140: 80.795977 20.522120
141: 80.941097 40.536927
142: 81.670071 54.526684
143: 82.062535 36.211344
144: 82.318969 31.572962
145: 82.492508 67.472643
146: 82.494838 34.238581
147: 82.507716 16.227881
148: 83.982746 17.863981
149: 85.449969 30.628148
150: 86.481538 75.220628
151: 86.740784 5.199818
152: 87.087792 53.699000
153: 87.493527 98.606877
154: 87.507133 95.425795
155: 88.188603 24.112110
156: 89.211332 7.645001
157: 90.578395 27.119844
158: 90.987295 11.742381
159: 91.637120 98.773685
160: 92.389461 84.898038
161: 93.168539 26.763128
162: 93.958699 81.214421
163: 94.733859 95.013142
164: 94.967415 20.816512
165: 95.140715 51.339802
166: 95.193572 7.805195
167: 95.205679 44.313527
168: 95.466849 30.491941
169: 95.485509 73.290509
170: 96.925263 53.776329
171: 96.975095 39.826471
172: 96.990052 94.222489
173: 98.824669 83.906234
174: 98.892688 2.166198
175: 100.169703 79.817466
176: 100.310346 17.868351
177: 100.525632 45.580293
178: 100.580902 94.867783
179: 100.850511 92.666545
Edges
(0,5)
(0,11)
(1,2)
(1,4)
(3,4)
(3,5)
(3,6)
(4,12)
(4,45)
(4,73)
(4,77)
(4,86)
(4,99)
(4,123)
(4,143)
(4,168)
(5,6)
(6,8)
(6,13)
(6,18)
(7,8)
(7,20)
(7,24)
(8,27)
(8,29)
(9,17)
(10,20)
(12,57)
(12,59)
(12,67)
(12,106)
(12,136)
(12,153)
(13,15)
(14,25)
(14,32)
(14,34)
(15,18)
(16,19)
(17,23)
(17,24)
(17,41)
(19,99)
(21,39)
(21,64)
(21,92)
(21,95)
(22,45)
(24,30)
(25,27)
(25,37)
(26,40)
(27,72)
(28,45)
(28,95)
(31,92)
(31,123)
(33,38)
(33,89)
(33,100)
(33,127)
(33,148)
(34,37)
(34,40)
(35,42)
(36,54)
(37,40)
(37,74)
(38,44)
(40,45)
(41,62)
(41,98)
(42,52)
(43,60)
(44,49)
(44,88)
(45,46)
(46,48)
(47,91)
(47,118)
(50,88)
(51,66)
(51,79)
(51,83)
(51,107)
(52,65)
(52,67)
(52,87)
(52,99)
(52,106)
(53,59)
(53,61)
(54,88)
(55,92)
(55,100)
(56,60)
(58,127)
(59,61)
(59,81)
(59,106)
(59,111)
(59,177)
(60,127)
(61,78)
(61,101)
(62,127)
(63,121)
(63,137)
(63,149)
(68,124)
(69,95)
(70,123)
(71,91)
(72,74)
(74,95)
(75,80)
(75,140)
(76,79)
(81,111)
(81,125)
(81,152)
(82,85)
(82,126)
(82,153)
(83,105)
(84,92)
(85,153)
(86,122)
(86,124)
(86,141)
(86,171)
(88,98)
(89,94)
(90,97)
(90,154)
(90,172)
(91,114)
(91,165)
(91,172)
(92,123)
(93,108)
(94,105)
(94,133)
(94,151)
(96,112)
(96,120)
(96,131)
(102,132)
(103,116)
(103,134)
(103,149)
(104,165)
(105,151)
(106,119)
(107,151)
(108,171)
(109,137)
(110,147)
(111,124)
(111,142)
(112,131)
(112,165)
(113,136)
(115,174)
(117,133)
(120,145)
(120,165)
(123,137)
(124,129)
(124,167)
(125,167)
(126,153)
(126,159)
(128,151)
(129,142)
(130,168)
(132,137)
(133,151)
(135,145)
(136,178)
(137,144)
(138,169)
(138,172)
(138,179)
(139,165)
(140,148)
(140,149)
(140,161)
(143,146)
(143,157)
(147,148)
(150,170)
(154,172)
(155,156)
(155,166)
(156,158)
(156,166)
(159,178)
(160,169)
(161,166)
(161,174)
(162,175)
(162,179)
(163,178)
(164,177)
(168,177)
(170,175)
(170,177)
(172,178)
(173,175)
(173,179)
(174,176)
(174,177)
