Nodes: 180
Protection radius: 1.000000
Disaster radius: 0.500000
0: 0.229054 34.517282
1: 0.948910 10.160267
2: 1.383867 31.779971
3: 1.451700 50.555376
4: 1.650677 59.909672
5: 3.377581 86.697841
6: 3.590551 29.833445
7: 4.072288 45.764328
8: 4.270570 72.393022
9: 5.516186 42.914530
10: 6.461632 39.279833
11: 6.784312 21.777306
12: 7.114354 2.098193
13: 7.163246 61.861507
14: 7.279592 78.284353
15: 8.056625 5.193157
16: 8.179097 42.208119
17: 8.573156 71.353024
18: 8.661792 52.348263
19: 8.855469 57.465389
20: 9.009218 83.167977
21: 9.973932 68.223180
22: 12.135113 38.251793
23: 12.485519 78.332600
24: 12.669229 16.065604
25: 12.688023 7.374446
26: 12.764062 65.775207
27: 13.072057 10.663776
28: 13.612075 40.941936
29: 14.197677 68.434776
30: 14.663271 80.223781
31: 14.808767 46.349297
32: 15.018327 1.464955
33: 16.761388 48.916342
34: 17.625835 41.998191
35: 18.833206 59.671730
36: 19.375590 85.449818
37: 19.503150 5.307093
38: 19.722636 29.811381
39: 19.818141 50.299135
40: 20.131066 9.190698
41: 20.390870 16.387416
42: 20.947686 75.141518
43: 21.112094 6.690686
44: 21.359913 63.818942
45: 21.367441 51.976208
46: 22.390123 48.269559
47: 22.561069 85.895426
48: 22.619267 43.706053
49: 23.307168 61.231526
50: 23.978494 73.646238
51: 24.006724 36.759644
52: 24.784073 67.858046
53: 25.780340 79.690488
54: 26.991968 20.082708
55: 27.688232 71.133910
56: 28.145553 81.446058
57: 28.646176 26.698247
58: 28.766408 23.944875
59: 29.011603 77.218245
60: 29.157759 13.229448
61: 29.174189 75.044019
62: 29.251968 17.961080
63: 29.446838 6.927729
64: 29.778603 30.810517
65: 30.416292 50.979635
66: 30.823299 16.174284
67: 30.968004 8.976241
68: 31.173605 32.247787
69: 31.427160 53.058043
70: 31.436726 34.967824
71: 31.659820 0.663957
72: 33.095099 45.993856
73: 33.098829 84.479014
74: 33.212916 38.879924
75: 34.135971 75.785713
76: 35.090097 67.791232
77: 35.279668 55.913711
78: 35.287702 61.762200
79: 35.330922 47.606322
80: 35.613040 13.564484
81: 36.300290 25.770790
82: 37.509467 87.605249
83: 37.929755 21.397633
84: 39.602403 55.119497
85: 39.620246 2.162249
86: 40.788902 37.756901
87: 40.936726 40.518082
88: 41.263853 44.288005
89: 42.396886 63.026056
90: 42.616275 10.465404
91: 42.706848 49.190771
92: 42.941751 70.715329
93: 43.052932 86.568922
94: 45.051467 49.775829
95: 45.171966 41.770475
96: 45.213293 71.047405
97: 46.426338 81.727213
98: 46.594166 89.114860
99: 47.514449 26.915377
100: 47.848400 17.437394
101: 48.077693 32.625306
102: 48.961717 76.842630
103: 49.695544 11.408635
104: 51.188889 88.303351
105: 51.461792 76.696698
106: 51.544935 37.711701
107: 52.482633 85.130858
108: 53.239751 54.283516
109: 53.625957 20.217073
110: 54.170587 51.910201
111: 54.418272 87.719336
112: 54.506420 85.256047
113: 55.220292 11.269592
114: 55.805098 79.949128
115: 55.881457 5.157028
116: 56.056299 13.433054
117: 57.523653 48.051079
118: 58.383904 36.805225
119: 58.982968 38.787821
120: 59.418262 64.535555
121: 59.580118 19.648432
122: 59.594978 31.861109
123: 59.678949 29.006444
124: 61.047103 15.953457
125: 62.059460 11.235533
126: 62.070468 81.999289
127: 62.140804 19.181899
128: 62.426613 22.177743
129: 62.918590 16.764419
130: 63.288157 85.314568
131: 64.033294 67.360445
132: 65.641233 33.781051
133: 65.712541 81.160897
134: 67.126276 70.002774
135: 67.272664 82.414544
136: 67.929665 1.279388
137: 68.091469 20.764008
138: 68.200258 27.625210
139: 69.003956 15.393924
140: 69.912386 78.196627
141: 69.938731 29.553369
142: 70.877099 72.967988
143: 70.941321 48.106416
144: 71.214563 60.071775
145: 71.328599 11.924719
146: 73.056978 86.579588
147: 73.782418 22.077610
148: 73.797116 48.800325
149: 74.432942 24.211745
150: 74.460973 7.249160
151: 74.915702 80.500591
152: 75.889018 29.933069
153: 77.199422 49.225115
154: 77.431019 52.464926
155: 77.449108 87.740531
156: 77.713453 45.020130
157: 77.824595 15.233842
158: 77.917796 35.930390
159: 78.090944 29.384880
160: 78.595978 58.704731
161: 79.032573 22.548198
162: 79.735061 1.927739
163: 80.164825 31.437871
164: 80.445427 10.333584
165: 81.314234 67.666541
166: 82.386031 8.453044
167: 82.525338 33.500712
168: 82.803163 60.212806
169: 83.768149 47.242858
170: 84.178648 86.425438
171: 84.480459 74.053498
172: 85.324585 23.871033
173: 85.476528 55.480967
174: 85.570957 48.514753
175: 86.929419 27.860620
176: 87.190165 85.613984
177: 87.569441 44.872819
178: 88.044543 20.839722
179: 88.278653 88.075306
Edges
(0,3)
(0,4)
(0,6)
(1,2)
(2,12)
(3,4)
(3,10)
(3,11)
(3,12)
(5,7)
(5,13)
(5,18)
(5,36)
(7,10)
(7,28)
(7,37)
(8,18)
(9,43)
(9,51)
(10,24)
(11,25)
(11,27)
(14,20)
(14,21)
(15,37)
(16,51)
(17,18)
(19,21)
(19,26)
(20,47)
(20,53)
(20,61)
(20,92)
(22,40)
(22,41)
(22,57)
(22,62)
(22,63)
(22,66)
(23,45)
(23,57)
(24,27)
(26,28)
(26,29)
(28,34)
(29,31)
(29,48)
(29,51)
(30,42)
(30,70)
(30,74)
(32,63)
(32,90)
(33,51)
(35,64)
(37,43)
(37,63)
(38,58)
(38,66)
(39,57)
(43,63)
(44,70)
(45,46)
(46,64)
(47,59)
(48,57)
(49,52)
(50,55)
(51,57)
(52,65)
(52,69)
(52,74)
(52,76)
(52,78)
(52,92)
(54,62)
(54,63)
(55,92)
(56,75)
(57,58)
(57,64)
(58,64)
(58,81)
(59,75)
(60,63)
(60,81)
(63,80)
(64,70)
(65,77)
(67,86)
(68,120)
(68,140)
(69,77)
(69,96)
(69,102)
(71,115)
(72,102)
(72,133)
(73,75)
(74,79)
(74,88)
(74,91)
(74,94)
(76,78)
(79,91)
(79,133)
(80,139)
(80,157)
(81,86)
(82,92)
(82,98)
(82,112)
(82,135)
(83,121)
(84,133)
(85,90)
(86,87)
(86,101)
(87,127)
(89,126)
(90,103)
(90,115)
(90,136)
(91,146)
(93,102)
(95,108)
(95,110)
(95,120)
(95,127)
(96,102)
(97,126)
(98,135)
(98,179)
(99,101)
(100,124)
(101,109)
(102,105)
(102,114)
(104,130)
(104,155)
(106,127)
(107,135)
(108,131)
(110,122)
(110,128)
(111,130)
(111,146)
(113,136)
(116,125)
(116,145)
(116,164)
(117,152)
(118,141)
(119,141)
(119,152)
(120,134)
(121,139)
(122,127)
(122,128)
(123,127)
(124,129)
(124,139)
(125,136)
(125,164)
(125,166)
(126,135)
(128,137)
(131,143)
(131,152)
(131,153)
(131,171)
(132,152)
(134,142)
(136,150)
(137,138)
(139,147)
(139,152)
(141,152)
(142,146)
(142,151)
(142,155)
(143,148)
(143,152)
(144,153)
(144,154)
(147,149)
(148,152)
(149,157)
(150,162)
(152,154)
(152,157)
(152,158)
(152,159)
(156,158)
(158,163)
(158,164)
(158,174)
(159,161)
(159,164)
(160,165)
(160,169)
(160,173)
(164,167)
(166,178)
(167,172)
(168,173)
(169,174)
(170,175)
(170,176)
(170,178)
(171,173)
(174,175)
(176,177)
