Nodes: 140
Protection radius: 1.000000
Disaster radius: 0.500000
0: 0.030184 48.939036
1: 0.354626 2.076393
2: 0.843358 38.975083
3: 1.012303 25.719256
4: 1.319441 8.229719
5: 2.232529 58.757109
6: 2.457915 32.189154
7: 3.640928 42.586508
8: 3.681175 10.655190
9: 4.041614 50.671219
10: 4.349585 60.609039
11: 4.814824 56.323429
12: 5.062794 16.782443
13: 5.158354 66.830360
14: 5.245171 13.760156
15: 5.878267 3.218482
16: 6.226942 40.900581
17: 6.454443 30.372135
18: 7.996468 43.109703
19: 8.436301 35.166793
20: 9.298510 11.717649
21: 10.238537 55.924761
22: 10.723504 16.159171
23: 12.174547 61.702836
24: 12.747852 46.814822
25: 13.010789 52.398669
26: 13.416001 57.156506
27: 13.861136 45.016481
28: 14.324528 50.671982
29: 14.487749 31.111566
30: 14.668143 68.194860
31: 15.759012 13.772217
32: 15.836621 35.646436
33: 16.685541 49.836222
34: 16.753714 22.092001
35: 17.461788 57.633197
36: 17.695565 60.559284
37: 18.481253 42.686550
38: 21.123618 16.773916
39: 21.495651 66.578520
40: 21.581229 39.591863
41: 22.098408 34.103761
42: 22.958592 59.173940
43: 23.120097 36.491359
44: 23.158315 42.019284
45: 23.522772 25.898089
46: 23.752853 4.786894
47: 23.799990 9.869339
48: 23.985412 22.569377
49: 24.545077 28.173561
50: 24.795329 33.441837
51: 25.194388 19.935245
52: 26.708356 38.604619
53: 26.919128 0.275900
54: 26.927537 3.689571
55: 26.930598 49.831510
56: 27.876820 53.293807
57: 29.482335 33.166416
58: 29.485240 37.635383
59: 30.166390 10.596620
60: 30.880830 0.397899
61: 31.443187 36.805064
62: 33.206070 53.033013
63: 33.386212 31.755119
64: 33.939241 24.790552
65: 34.077210 63.664084
66: 34.468546 27.000206
67: 34.672732 4.080783
68: 35.387172 44.369483
69: 35.552843 48.607384
70: 35.850025 23.759976
71: 36.643262 16.358463
72: 37.516312 62.527522
73: 38.193535 65.534225
74: 39.151945 12.660017
75: 39.770158 9.613155
76: 39.953687 25.980687
77: 40.211916 33.117106
78: 40.545955 20.022015
79: 40.666340 42.206110
80: 40.844174 56.585451
81: 40.845159 28.546251
82: 41.574205 15.122073
83: 42.008089 54.400626
84: 42.467300 68.054824
85: 42.763129 2.948380
86: 43.713015 59.372584
87: 43.839888 36.253977
88: 45.074762 68.061485
89: 45.746320 64.924423
90: 46.427920 47.143727
91: 48.323092 52.230848
92: 48.452115 46.491759
93: 48.715790 56.955050
94: 48.886334 20.846567
95: 49.280793 65.585104
96: 49.998319 61.301362
97: 51.058471 52.672676
98: 51.278239 39.248818
99: 51.917623 11.840467
100: 52.152393 23.963455
101: 52.189655 66.668179
102: 53.573735 2.827676
103: 54.132111 53.515478
104: 54.638823 42.724324
105: 54.681017 11.269267
106: 54.732480 56.623284
107: 55.346567 8.774643
108: 55.833277 61.789958
109: 55.935857 17.059943
110: 56.016534 64.105631
111: 56.057459 40.311926
112: 56.346663 44.375406
113: 56.544482 29.088769
114: 57.101353 21.621692
115: 57.352949 10.052723
116: 58.087244 63.753677
117: 58.965737 48.054216
118: 58.980026 20.219489
119: 60.312855 60.647596
120: 60.446085 56.681780
121: 60.468581 46.444305
122: 60.624026 24.278033
123: 61.182758 29.769280
124: 63.077705 33.445878
125: 64.192687 16.241414
126: 64.588662 21.140934
127: 64.611906 9.671845
128: 64.699403 50.600234
129: 66.018503 65.389251
130: 66.546924 67.753976
131: 66.605425 45.799014
132: 66.645581 20.296289
133: 66.836837 33.121990
134: 66.938860 48.871369
135: 66.991182 4.699266
136: 67.053963 1.370914
137: 67.225752 23.248350
138: 67.403659 26.092572
139: 67.834461 42.304469
Edges
(0,2)
(1,3)
(1,15)
(1,53)
(1,85)
(1,102)
(2,5)
(3,8)
(4,38)
(4,46)
(4,59)
(4,67)
(5,6)
(5,14)
(7,12)
(7,16)
(7,18)
(9,11)
(9,24)
(10,13)
(10,28)
(11,24)
(12,14)
(13,25)
(14,29)
(14,92)
(15,46)
(15,54)
(17,18)
(17,28)
(17,40)
(17,41)
(17,50)
(17,57)
(18,24)
(19,37)
(19,44)
(19,80)
(19,88)
(19,91)
(19,119)
(20,22)
(21,25)
(22,34)
(22,38)
(22,45)
(22,48)
(22,49)
(22,51)
(22,63)
(22,66)
(23,26)
(23,28)
(23,35)
(23,36)
(27,28)
(27,65)
(28,33)
(30,65)
(31,59)
(32,43)
(32,57)
(32,79)
(33,39)
(33,42)
(38,74)
(38,82)
(40,52)
(41,50)
(43,58)
(43,61)
(43,79)
(47,75)
(51,64)
(51,71)
(52,91)
(52,97)
(54,102)
(55,62)
(55,80)
(56,65)
(56,73)
(56,84)
(57,61)
(59,107)
(60,102)
(61,92)
(62,86)
(62,89)
(64,99)
(64,103)
(64,107)
(64,112)
(64,126)
(64,130)
(64,133)
(64,137)
(67,102)
(68,91)
(69,80)
(69,86)
(69,93)
(70,114)
(70,118)
(70,127)
(70,136)
(71,82)
(72,84)
(73,84)
(75,107)
(76,133)
(77,119)
(78,99)
(80,86)
(81,133)
(83,95)
(83,130)
(86,95)
(87,120)
(90,97)
(92,106)
(93,108)
(93,130)
(94,127)
(95,96)
(96,101)
(96,116)
(96,130)
(98,104)
(98,111)
(98,124)
(100,113)
(101,110)
(101,130)
(102,107)
(104,112)
(105,115)
(105,127)
(109,127)
(112,120)
(112,121)
(113,133)
(114,118)
(116,130)
(117,120)
(117,121)
(118,127)
(118,132)
(120,121)
(120,128)
(120,139)
(121,124)
(121,133)
(122,133)
(122,138)
(123,133)
(125,135)
(125,136)
(128,139)
(129,139)
(131,134)
(131,139)
(133,139)
(135,137)
(136,139)
