Nodes: 60
Protection radius: 1.000000
Disaster radius: 0.500000
0: 0.108935 10.449529
1: 1.082217 6.334737
2: 1.574833 17.838197
3: 1.817037 12.370024
4: 2.703288 21.664993
5: 3.460232 9.224990
6: 4.742355 32.626766
7: 5.116506 34.827004
8: 5.181136 1.995971
9: 5.438463 17.410834
10: 6.375075 25.589459
11: 6.903108 11.431497
12: 7.380931 28.203822
13: 7.650671 0.620702
14: 9.051995 17.319190
15: 9.249022 9.225504
16: 10.738269 13.758226
17: 11.164071 19.819606
18: 12.067861 22.567021
19: 12.424685 7.616514
20: 12.774639 9.607297
21: 13.609135 12.943726
22: 14.008881 23.605874
23: 14.124608 15.218116
24: 14.135899 33.781769
25: 14.296416 30.455449
26: 14.977521 27.681959
27: 16.446568 23.818810
28: 16.755766 1.512765
29: 16.837374 17.874784
30: 18.356414 22.179133
31: 18.458899 8.599162
32: 19.405050 10.960508
33: 20.145643 5.071426
34: 20.423554 8.177472
35: 20.702396 23.092192
36: 21.074174 2.082821
37: 22.009975 32.125494
38: 22.214441 10.368040
39: 23.522594 25.916689
40: 23.736156 30.989864
41: 23.772422 2.648627
42: 24.915019 11.126529
43: 25.808728 14.841403
44: 27.520173 25.682362
45: 27.864083 21.396157
46: 28.030826 16.123223
47: 28.320098 6.361588
48: 29.138628 3.948068
49: 30.299327 26.004789
50: 30.623756 33.880982
51: 32.182612 23.348411
52: 32.203038 13.515197
53: 33.442413 18.256786
54: 33.859834 28.586655
55: 34.350140 4.853709
56: 34.431629 9.270899
57: 34.603951 24.817482
58: 34.937931 12.461130
59: 34.945339 33.758561
Edges
(0,1)
(1,5)
(2,7)
(2,9)
(3,9)
(4,9)
(5,8)
(6,10)
(7,24)
(8,15)
(10,12)
(11,14)
(11,15)
(12,18)
(13,19)
(13,28)
(14,17)
(15,20)
(16,21)
(17,29)
(18,26)
(18,29)
(19,20)
(19,31)
(21,23)
(21,32)
(22,26)
(24,25)
(24,37)
(24,50)
(25,26)
(27,29)
(29,32)
(29,35)
(29,43)
(30,35)
(31,33)
(31,34)
(33,36)
(37,40)
(38,42)
(39,44)
(41,47)
(41,48)
(42,47)
(43,52)
(44,45)
(45,49)
(45,51)
(46,53)
(47,56)
(49,54)
(49,57)
(52,58)
(53,58)
(55,56)
(55,58)
(57,59)
(58,59)
