Nodes: 100
Protection radius: 1.000000
Disaster radius: 0.500000
0: 0.069932 53.136771
1: 0.708877 18.795064
2: 3.673189 25.416844
3: 5.228852 20.816989
4: 5.970423 44.490442
5: 6.118491 52.589693
6: 6.574538 38.886317
7: 6.864370 57.977700
8: 7.142289 19.778363
9: 7.886056 14.028797
10: 7.887322 29.483479
11: 8.424573 44.427171
12: 9.030846 20.704994
13: 9.406213 32.014382
14: 10.242432 29.741503
15: 10.372150 56.548298
16: 11.226122 48.425509
17: 11.538805 32.024382
18: 11.646746 7.057635
19: 11.722594 18.384150
20: 12.710062 22.500355
21: 14.074356 20.142815
22: 15.104492 8.777718
23: 15.164588 53.651685
24: 15.457268 1.201413
25: 16.692787 49.172793
26: 17.128568 24.672429
27: 17.272409 51.596594
28: 17.604128 31.620374
29: 18.199275 15.395783
30: 19.044482 17.972203
31: 19.807630 55.052716
32: 20.317702 32.293156
33: 20.324114 2.000400
34: 20.665039 57.054294
35: 21.918150 34.148975
36: 24.083809 28.376312
37: 24.811962 7.310260
38: 26.749921 8.833028
39: 26.785530 18.892669
40: 27.059416 38.158165
41: 27.453076 33.633953
42: 27.561122 46.890506
43: 30.807679 46.545353
44: 30.883796 37.928242
45: 31.914111 18.301623
46: 32.973517 54.143022
47: 34.387677 12.592452
48: 34.930969 35.612737
49: 35.243760 0.828421
50: 35.456308 8.706600
51: 35.880867 10.788412
52: 36.282489 31.188205
53: 36.455179 48.080088
54: 36.541114 55.693797
55: 38.206809 15.782457
56: 38.524730 45.681869
57: 39.514036 30.942108
58: 39.618085 39.377547
59: 39.682698 56.590640
60: 39.709658 34.218175
61: 39.846444 9.009581
62: 40.141947 19.905186
63: 40.538187 23.747510
64: 40.610180 51.623757
65: 40.730104 49.263223
66: 40.914198 43.035534
67: 41.450006 26.612699
68: 42.112879 46.293320
69: 42.221509 8.881852
70: 42.233474 21.811162
71: 42.389520 0.791829
72: 42.493572 40.222913
73: 43.800994 51.172791
74: 43.839828 15.288943
75: 44.404871 55.562422
76: 44.467675 19.534067
77: 44.569910 33.509357
78: 44.790281 31.429537
79: 44.914878 8.084499
80: 45.250005 47.414960
81: 46.223388 21.991797
82: 47.018280 45.969857
83: 47.040017 35.089038
84: 48.519128 11.280925
85: 49.737172 38.317518
86: 49.937676 46.604360
87: 50.091644 29.811031
88: 50.469834 20.806544
89: 51.319446 44.325300
90: 52.753270 25.031759
91: 53.061241 31.705159
92: 53.230989 5.979392
93: 53.500023 37.263388
94: 53.823946 57.623531
95: 53.996538 11.887321
96: 54.120729 22.651308
97: 55.772648 36.831648
98: 56.914654 56.477345
99: 57.089669 14.056058
Edges
(0,2)
(0,5)
(0,6)
(0,10)
(0,35)
(1,18)
(2,14)
(2,78)
(3,9)
(3,24)
(3,87)
(4,11)
(5,15)
(5,27)
(5,48)
(5,52)
(7,34)
(7,53)
(7,59)
(8,22)
(8,24)
(11,13)
(12,22)
(12,29)
(12,70)
(12,81)
(12,87)
(13,17)
(13,35)
(13,52)
(16,41)
(17,41)
(18,24)
(19,22)
(20,26)
(20,36)
(20,87)
(21,45)
(22,37)
(22,38)
(22,74)
(23,27)
(23,43)
(23,53)
(25,27)
(25,43)
(28,57)
(29,30)
(29,45)
(29,62)
(29,76)
(29,88)
(31,34)
(31,53)
(31,94)
(31,98)
(32,52)
(33,38)
(33,49)
(33,61)
(33,92)
(38,47)
(38,51)
(39,62)
(39,81)
(39,88)
(39,96)
(40,44)
(42,48)
(44,57)
(46,53)
(46,54)
(46,65)
(47,95)
(48,53)
(48,57)
(48,97)
(49,71)
(50,51)
(51,95)
(53,65)
(53,72)
(54,75)
(55,88)
(56,65)
(56,85)
(56,86)
(58,97)
(60,83)
(60,97)
(61,69)
(63,67)
(63,87)
(64,73)
(64,98)
(66,72)
(68,98)
(72,93)
(74,99)
(75,98)
(76,88)
(77,83)
(78,87)
(79,84)
(80,86)
(81,87)
(82,85)
(82,93)
(84,95)
(85,93)
(86,89)
(86,93)
(86,98)
(87,91)
(89,93)
(90,91)
(96,99)
