Nodes: 100
Protection radius: 1.000000
Disaster radius: 0.500000
0: 1.021426 31.713558
1: 1.094067 44.470262
2: 1.137694 21.499208
3: 2.221445 49.413894
4: 2.603442 9.971741
5: 4.379191 13.071392
6: 4.536719 36.359215
7: 4.703170 41.692025
8: 4.954193 24.206247
9: 5.328998 17.342743
10: 5.790071 50.959110
11: 5.930851 34.004417
12: 6.412276 29.506366
13: 7.063038 47.167387
14: 7.637969 24.744597
15: 8.157551 4.422015
16: 8.784886 11.275263
17: 10.068788 51.226895
18: 10.423162 37.224287
19: 10.888511 5.585434
20: 11.023790 27.669166
21: 11.487821 0.671601
22: 12.082572 8.228971
23: 13.075608 45.079206
24: 13.485139 10.582930
25: 13.813378 31.917392
26: 15.121297 52.045356
27: 16.038219 4.169202
28: 16.478960 16.617499
29: 16.582929 10.893018
30: 16.819413 42.359097
31: 18.975223 33.887954
32: 18.991307 21.233159
33: 19.148392 15.755874
34: 19.344492 31.714469
35: 19.504234 54.991567
36: 19.952186 50.586255
37: 21.174738 15.788175
38: 22.354555 21.582303
39: 22.870901 46.293622
40: 24.483498 30.508871
41: 24.901142 42.809923
42: 25.034210 1.675274
43: 25.495039 19.877562
44: 25.934262 38.045721
45: 26.777442 35.571565
46: 27.484994 51.268571
47: 28.397670 28.239724
48: 28.418311 0.263402
49: 28.669582 47.561680
50: 29.474209 37.124401
51: 29.732385 5.120908
52: 31.808524 17.774203
53: 32.944064 3.373062
54: 32.948953 6.360660
55: 33.468491 22.108323
56: 33.701015 25.037295
57: 34.685703 19.212895
58: 35.219593 48.103277
59: 35.614453 8.393513
60: 36.086594 32.572624
61: 36.143597 4.905082
62: 36.236168 29.805937
63: 37.287383 15.482266
64: 37.329508 19.872673
65: 37.590589 23.685111
66: 37.850858 50.049545
67: 38.034489 41.102613
68: 38.037288 8.858962
69: 39.653080 5.003191
70: 40.070599 47.804530
71: 41.048329 29.792875
72: 41.081201 35.759252
73: 41.511182 45.383348
74: 42.185388 39.466107
75: 42.428704 43.435861
76: 42.607487 6.454975
77: 43.537979 31.292370
78: 44.010733 24.487539
79: 44.266525 38.927409
80: 44.361922 16.220636
81: 45.296044 5.648663
82: 45.921082 14.717911
83: 46.459250 0.830665
84: 47.857876 38.943493
85: 47.934195 18.319706
86: 48.579292 20.867458
87: 48.676270 32.652220
88: 49.501221 23.694477
89: 49.721766 29.851597
90: 49.934404 8.152296
91: 50.373824 45.438496
92: 50.501666 1.632480
93: 51.721253 47.742162
94: 52.115089 33.397159
95: 52.231689 18.637963
96: 52.825386 42.880449
97: 53.348306 26.359323
98: 53.765516 45.360592
99: 54.071832 35.324303
Edges
(0,6)
(0,8)
(1,7)
(2,5)
(2,9)
(3,10)
(4,5)
(4,16)
(4,21)
(5,9)
(7,13)
(7,18)
(8,12)
(8,14)
(9,16)
(10,35)
(11,18)
(11,25)
(13,17)
(13,23)
(14,20)
(15,19)
(15,21)
(16,22)
(16,24)
(16,28)
(17,26)
(17,35)
(20,32)
(21,27)
(21,48)
(22,24)
(22,27)
(22,29)
(26,36)
(27,42)
(28,29)
(28,32)
(29,42)
(30,31)
(30,41)
(30,44)
(31,34)
(32,34)
(33,37)
(34,40)
(35,66)
(37,52)
(38,40)
(39,46)
(39,49)
(41,49)
(41,50)
(43,47)
(43,55)
(45,50)
(46,49)
(47,60)
(47,62)
(48,53)
(49,50)
(49,67)
(51,54)
(52,55)
(52,59)
(52,63)
(53,61)
(54,59)
(55,57)
(56,62)
(58,70)
(59,63)
(59,68)
(60,62)
(60,71)
(60,72)
(62,65)
(63,68)
(64,65)
(65,78)
(66,70)
(67,70)
(67,75)
(68,80)
(69,83)
(70,93)
(71,72)
(72,74)
(72,79)
(73,75)
(74,75)
(75,79)
(75,91)
(76,81)
(76,82)
(77,78)
(77,79)
(77,89)
(78,86)
(78,88)
(79,84)
(81,90)
(81,92)
(82,85)
(83,92)
(84,91)
(84,99)
(86,95)
(87,89)
(87,94)
(88,95)
(89,97)
(91,98)
(92,95)
(94,97)
(94,99)
(96,99)
(98,99)
