Nodes: 180
Protection radius: 1.000000
Disaster radius: 0.500000
0: 0.236228 8.981650
1: 0.786481 13.387811
2: 1.621655 49.361475
3: 2.297887 85.510562
4: 2.980299 57.651069
5: 3.203208 75.380707
6: 4.363058 91.744727
7: 4.688439 28.812150
8: 5.131025 23.207492
9: 6.336038 60.640739
10: 7.456819 75.049361
11: 7.479355 3.710235
12: 7.775383 56.427531
13: 7.902362 39.854986
14: 8.302441 25.947249
15: 8.480782 8.604045
16: 8.892726 71.992680
17: 9.510406 92.251660
18: 9.642371 67.575940
19: 10.399576 48.486333
20: 10.610137 65.183989
21: 11.432293 29.698757
22: 12.225332 59.617617
23: 12.780416 32.583763
24: 13.013104 14.564013
25: 13.038215 84.672396
26: 13.195685 9.679207
27: 13.600862 74.479234
28: 15.377426 0.454730
29: 15.437338 14.762633
30: 15.500048 11.668522
31: 16.081419 49.729982
32: 16.213528 62.847584
33: 17.577119 66.314509
34: 17.862323 96.857697
35: 18.524844 8.752565
36: 19.784257 18.495144
37: 20.040184 29.894969
38: 20.077238 78.947374
39: 20.165087 39.362926
40: 20.331368 72.417774
41: 21.161811 59.290213
42: 21.585837 94.132031
43: 21.863940 24.967992
44: 22.104213 34.696996
45: 22.178188 90.411338
46: 23.083448 26.790474
47: 23.447584 11.554578
48: 23.725096 84.441217
49: 24.001608 64.516103
50: 24.344959 8.757535
51: 25.246502 22.549566
52: 25.592403 47.802930
53: 26.418990 55.931480
54: 27.245204 53.213888
55: 27.471562 2.915693
56: 27.619834 96.021584
57: 27.779343 10.517783
58: 29.182327 93.800201
59: 31.309862 23.538238
60: 31.374204 80.061892
61: 35.043041 0.715926
62: 35.354116 72.447688
63: 35.616009 93.708709
64: 36.802692 69.731625
65: 37.065039 27.702966
66: 37.177718 77.167034
67: 37.404647 86.154145
68: 37.495282 3.261601
69: 38.680407 79.891728
70: 39.835959 73.408596
71: 40.026591 89.678170
72: 40.432938 59.502648
73: 40.475652 82.883576
74: 40.631677 86.541998
75: 41.703546 55.075231
76: 42.283828 60.348566
77: 42.295939 19.098555
78: 42.330618 21.850011
79: 42.682497 36.972678
80: 42.731207 78.412495
81: 42.793468 9.812111
82: 42.871643 48.282217
83: 43.231061 2.391853
84: 44.295534 14.738593
85: 44.558208 26.949214
86: 45.838214 18.011058
87: 45.848048 7.219545
88: 46.166485 30.084037
89: 46.489544 78.161439
90: 46.493506 94.740264
91: 47.050976 54.677006
92: 47.996537 22.006243
93: 48.120414 88.463513
94: 48.332844 39.998053
95: 48.554243 83.296198
96: 48.959439 64.899137
97: 49.621933 53.599995
98: 50.014088 69.461499
99: 50.915241 34.746098
100: 51.209142 73.091523
101: 51.250724 0.652823
102: 53.290378 17.829664
103: 54.105440 96.931068
104: 54.220691 14.793850
105: 54.635129 2.487282
106: 54.844283 84.071899
107: 55.475360 65.858860
108: 55.580761 26.364921
109: 56.308282 89.922838
110: 56.383033 39.575308
111: 57.188986 50.250317
112: 57.382777 18.569895
113: 57.964572 96.236589
114: 59.186862 94.602410
115: 59.433897 44.450098
116: 59.482916 62.361066
117: 59.904018 79.523100
118: 61.224813 56.783541
119: 61.446083 89.889549
120: 61.537048 96.149798
121: 61.686116 0.761455
122: 61.918839 20.123556
123: 63.212883 88.680741
124: 64.391680 49.777561
125: 64.600600 25.346751
126: 65.125858 90.073278
127: 65.409639 30.166381
128: 66.336458 5.449629
129: 66.492632 0.477599
130: 67.471889 96.550780
131: 68.168852 48.768082
132: 68.338118 2.605046
133: 68.667136 72.687755
134: 70.067129 15.458079
135: 70.516251 44.022341
136: 71.679071 96.941173
137: 72.512737 57.735097
138: 73.990806 23.225241
139: 74.794598 33.095750
140: 76.207921 73.270405
141: 76.223081 38.460875
142: 76.335604 62.061576
143: 76.615080 59.355286
144: 76.849499 32.617821
145: 77.774625 7.540200
146: 77.898425 85.615696
147: 78.443149 72.689034
148: 79.615276 80.727992
149: 80.585689 17.825476
150: 82.338574 29.656529
151: 82.532786 84.653613
152: 82.609288 19.503260
153: 83.425468 25.079709
154: 83.954515 2.814486
155: 84.611142 96.555452
156: 85.380491 90.045183
157: 86.566831 10.063027
158: 86.870071 45.964253
159: 87.079200 92.935874
160: 87.525248 62.515463
161: 88.333204 49.129505
162: 88.665937 12.590801
163: 89.185182 59.400643
164: 89.609238 24.789045
165: 91.264059 90.787730
166: 92.256035 5.199957
167: 92.725452 47.912292
168: 92.955290 58.730079
169: 94.735423 46.132717
170: 95.658779 48.943477
171: 95.789438 53.707259
172: 95.943631 67.840779
173: 95.971038 56.653889
174: 96.242159 13.229122
175: 96.496625 41.201995
176: 96.671927 10.418780
177: 96.715894 6.746421
178: 96.808643 30.759642
179: 96.907639 18.145082
Edges
(0,11)
(0,15)
(1,8)
(2,5)
(2,19)
(3,6)
(3,10)
(4,12)
(5,10)
(5,16)
(5,18)
(7,23)
(8,14)
(8,24)
(9,12)
(9,20)
(10,25)
(10,27)
(11,26)
(12,19)
(13,19)
(13,23)
(14,24)
(16,18)
(17,34)
(18,27)
(19,31)
(19,39)
(20,22)
(20,33)
(21,36)
(21,37)
(21,43)
(22,31)
(22,41)
(23,37)
(24,29)
(24,30)
(24,36)
(25,27)
(25,38)
(26,35)
(28,35)
(28,101)
(29,30)
(29,36)
(31,39)
(31,41)
(31,53)
(31,54)
(32,33)
(32,41)
(33,40)
(33,49)
(34,45)
(35,47)
(35,55)
(36,43)
(36,51)
(37,43)
(40,49)
(40,60)
(40,62)
(42,56)
(43,46)
(43,51)
(44,52)
(45,58)
(46,59)
(47,50)
(47,51)
(47,57)
(48,60)
(49,62)
(49,72)
(51,57)
(51,59)
(52,54)
(52,79)
(54,75)
(54,82)
(55,61)
(55,68)
(56,63)
(56,90)
(57,68)
(58,60)
(58,63)
(59,65)
(59,77)
(60,66)
(61,101)
(63,67)
(63,71)
(64,70)
(64,96)
(65,78)
(65,85)
(66,69)
(67,73)
(67,74)
(68,81)
(69,80)
(70,89)
(73,80)
(75,76)
(75,82)
(76,91)
(76,96)
(77,78)
(77,84)
(77,86)
(78,85)
(78,86)
(79,82)
(79,88)
(80,89)
(83,101)
(84,87)
(85,88)
(85,92)
(86,92)
(86,102)
(87,104)
(88,99)
(89,95)
(89,98)
(91,97)
(93,106)
(93,109)
(94,97)
(94,99)
(95,106)
(97,116)
(97,118)
(98,100)
(98,107)
(100,106)
(100,107)
(100,117)
(101,105)
(101,121)
(103,109)
(103,120)
(106,117)
(106,119)
(107,133)
(108,110)
(108,112)
(108,125)
(108,127)
(109,113)
(109,114)
(110,111)
(110,115)
(111,124)
(112,122)
(112,128)
(114,119)
(114,120)
(115,124)
(115,127)
(115,131)
(115,135)
(116,118)
(116,133)
(117,133)
(118,137)
(119,120)
(119,123)
(119,126)
(122,125)
(122,134)
(123,146)
(124,131)
(124,137)
(125,127)
(125,134)
(125,138)
(126,130)
(126,136)
(127,135)
(127,139)
(128,134)
(129,154)
(131,135)
(132,145)
(133,148)
(135,158)
(136,155)
(137,143)
(138,139)
(138,144)
(138,152)
(138,153)
(139,141)
(139,144)
(140,142)
(140,148)
(141,144)
(141,150)
(141,158)
(142,143)
(142,147)
(142,160)
(143,160)
(143,161)
(143,163)
(144,150)
(145,157)
(146,148)
(146,155)
(146,156)
(147,148)
(148,172)
(149,157)
(149,162)
(150,164)
(150,175)
(151,156)
(151,165)
(152,162)
(154,166)
(155,156)
(156,165)
(157,162)
(157,166)
(158,161)
(158,169)
(158,175)
(159,165)
(160,168)
(160,172)
(162,166)
(162,174)
(162,176)
(162,179)
(166,176)
(167,169)
(167,170)
(168,171)
(168,172)
(169,170)
(169,175)
(171,173)
(176,179)
(177,179)
(178,179)
