Nodes: 180
Protection radius: 1.000000
Disaster radius: 0.500000
0: 1.125985 10.655874
1: 1.274675 50.762446
2: 1.873753 35.518962
3: 2.531586 24.406210
4: 3.574598 91.041181
5: 4.476105 84.457580
6: 4.530502 40.353133
7: 4.547288 49.137932
8: 5.829103 80.398114
9: 5.910202 88.441473
10: 6.333026 83.276341
11: 6.650392 27.538701
12: 7.253604 45.487841
13: 7.490104 15.090979
14: 7.686024 8.615420
15: 7.932270 47.724049
16: 8.713030 39.181806
17: 8.966206 75.420502
18: 9.155725 77.921412
19: 9.382243 28.112715
20: 10.512460 1.772055
21: 12.510704 38.569995
22: 13.190066 22.544134
23: 13.293774 55.704403
24: 13.629853 51.667111
25: 13.866861 31.649514
26: 17.109339 75.980339
27: 17.425094 7.654723
28: 17.695968 25.109403
29: 17.816402 73.798127
30: 18.678023 21.788168
31: 19.005902 58.415200
32: 19.673515 76.317574
33: 19.811083 84.447502
34: 20.551989 65.014076
35: 20.609382 79.888056
36: 20.623085 62.525148
37: 21.504329 92.659900
38: 22.328897 53.679443
39: 22.995705 1.505644
40: 23.834728 9.057458
41: 24.049778 77.777486
42: 24.253095 38.748278
43: 24.308680 33.457860
44: 25.460113 49.921654
45: 25.771836 11.993962
46: 26.078696 89.868568
47: 26.178265 73.021581
48: 26.693491 79.029815
49: 26.782448 52.812774
50: 27.004353 55.404940
51: 27.178778 31.135785
52: 27.267529 58.149423
53: 28.030434 2.287281
54: 28.991250 82.752136
55: 29.044345 72.417822
56: 29.603789 46.609931
57: 29.880121 78.746217
58: 30.279477 36.822455
59: 31.993596 30.976200
60: 32.738128 61.956551
61: 34.206525 38.368391
62: 34.629633 24.332017
63: 34.809954 21.478663
64: 35.766322 44.695066
65: 37.088468 68.366004
66: 38.629283 36.503604
67: 38.772766 25.642030
68: 38.822146 3.388700
69: 40.219414 34.476243
70: 40.303851 30.133923
71: 40.682643 4.450114
72: 40.732775 71.065800
73: 41.521619 60.019417
74: 41.629850 10.656918
75: 42.074550 38.679416
76: 42.627614 64.547588
77: 42.956027 26.782609
78: 43.247944 83.462837
79: 43.319258 14.067711
80: 43.319994 92.711307
81: 43.606065 52.871756
82: 43.904533 6.012456
83: 44.199149 43.971794
84: 44.812203 77.162552
85: 44.936085 57.283830
86: 46.626486 20.733534
87: 47.116617 0.850234
88: 47.742919 6.783816
89: 49.076155 76.948851
90: 49.246412 49.336604
91: 49.261743 17.734773
92: 50.004727 88.793833
93: 50.016315 63.417148
94: 50.021067 27.570777
95: 50.945701 47.764161
96: 51.263860 51.096750
97: 51.465292 14.322284
98: 52.335618 56.671458
99: 53.212807 8.340345
100: 53.776617 81.926571
101: 54.210656 25.212442
102: 54.290417 75.653973
103: 55.109477 48.849707
104: 55.218630 55.466731
105: 55.394130 15.003355
106: 55.579376 6.761554
107: 55.826822 88.023166
108: 56.195308 43.536601
109: 56.339469 4.229097
110: 57.754011 64.986500
111: 57.894082 53.257474
112: 58.051396 39.965095
113: 58.129556 47.209951
114: 58.499832 93.143692
115: 58.816525 36.404406
116: 59.208235 60.094211
117: 59.243389 41.628656
118: 59.819904 76.195800
119: 59.990029 50.573598
120: 60.830566 12.339832
121: 61.142421 63.293647
122: 62.767516 13.947182
123: 63.416824 1.411405
124: 63.510743 55.309580
125: 63.746235 84.846543
126: 64.262770 19.203980
127: 65.151000 6.030833
128: 65.452443 31.167423
129: 65.831868 53.094122
130: 65.968989 84.133829
131: 66.802524 91.971382
132: 67.874411 54.532572
133: 69.308964 63.870916
134: 70.070137 25.232042
135: 71.574130 87.890370
136: 72.650534 76.235235
137: 72.908010 6.413349
138: 72.928374 85.678610
139: 73.209447 45.682376
140: 73.920417 15.618295
141: 74.365280 49.235171
142: 74.989718 1.872898
143: 75.570733 18.810495
144: 75.903733 36.185771
145: 76.223576 88.873048
146: 77.193108 82.365172
147: 77.981765 3.610410
148: 78.508127 36.150055
149: 78.529799 40.313610
150: 78.793457 27.562139
151: 78.875162 59.325818
152: 79.395918 13.044046
153: 80.504831 33.218229
154: 82.743522 12.373849
155: 83.443343 15.396030
156: 83.776577 55.063902
157: 84.117153 89.295570
158: 85.639578 19.846483
159: 86.255679 41.538701
160: 86.317555 84.153822
161: 86.830797 57.506419
162: 86.871826 26.226647
163: 86.999295 63.011540
164: 87.625663 77.314984
165: 88.223981 8.893279
166: 88.800573 28.557538
167: 89.279897 2.383294
168: 90.346527 54.026549
169: 90.359030 25.921702
170: 90.514089 29.646097
171: 90.863498 75.635566
172: 91.510858 19.951973
173: 92.227395 24.145531
174: 92.871904 54.590806
175: 93.206965 62.897039
176: 93.633897 30.562019
177: 93.743437 84.489162
178: 93.832997 26.051418
179: 93.902826 5.072724
Edges
(0,13)
(0,14)
(0,20)
(1,6)
(1,17)
(2,11)
(2,16)
(3,11)
(3,13)
(4,5)
(4,9)
(6,7)
(6,16)
(7,23)
(8,10)
(8,17)
(8,18)
(9,10)
(9,33)
(9,37)
(11,19)
(12,15)
(13,27)
(14,20)
(14,27)
(15,21)
(15,23)
(16,19)
(17,18)
(17,26)
(17,29)
(18,33)
(19,22)
(19,25)
(19,28)
(20,27)
(20,39)
(20,87)
(21,42)
(22,28)
(22,30)
(23,24)
(24,31)
(25,28)
(25,42)
(27,30)
(27,39)
(29,32)
(29,47)
(30,45)
(30,62)
(30,63)
(31,38)
(32,41)
(32,47)
(34,47)
(34,52)
(34,55)
(35,48)
(36,52)
(37,80)
(38,44)
(39,53)
(39,87)
(40,45)
(42,44)
(43,58)
(45,63)
(45,68)
(45,74)
(46,80)
(47,48)
(48,54)
(48,57)
(49,50)
(49,56)
(51,58)
(51,62)
(52,60)
(53,68)
(54,78)
(54,80)
(55,57)
(55,65)
(56,64)
(57,78)
(57,84)
(59,62)
(59,70)
(60,73)
(61,64)
(62,63)
(63,67)
(63,74)
(63,79)
(64,75)
(64,81)
(65,72)
(65,73)
(66,69)
(67,70)
(67,77)
(67,86)
(68,71)
(68,87)
(69,94)
(70,94)
(71,74)
(72,84)
(72,89)
(73,76)
(73,81)
(73,85)
(74,88)
(75,112)
(76,85)
(77,86)
(77,94)
(78,80)
(78,92)
(78,100)
(79,86)
(79,88)
(80,114)
(81,83)
(81,90)
(82,87)
(86,91)
(86,94)
(87,88)
(87,123)
(88,97)
(88,99)
(90,96)
(91,97)
(92,100)
(92,107)
(92,114)
(93,98)
(93,102)
(93,110)
(94,115)
(95,96)
(95,103)
(95,108)
(96,98)
(97,99)
(97,105)
(99,109)
(100,102)
(100,125)
(101,115)
(101,128)
(102,110)
(102,118)
(103,111)
(104,111)
(105,106)
(105,120)
(105,122)
(106,109)
(106,120)
(106,127)
(109,123)
(110,116)
(111,116)
(111,119)
(113,117)
(115,117)
(116,124)
(118,125)
(118,133)
(118,136)
(119,124)
(120,122)
(120,127)
(121,124)
(122,137)
(122,140)
(124,129)
(125,130)
(125,131)
(126,134)
(127,142)
(128,139)
(129,132)
(130,131)
(130,135)
(130,136)
(131,135)
(131,145)
(131,157)
(133,151)
(134,143)
(134,144)
(134,150)
(135,145)
(136,138)
(136,146)
(137,142)
(137,152)
(139,141)
(139,149)
(140,143)
(141,149)
(141,159)
(142,167)
(143,155)
(144,148)
(144,150)
(146,164)
(147,154)
(147,165)
(148,153)
(148,159)
(150,162)
(151,163)
(152,154)
(152,155)
(154,155)
(156,168)
(157,177)
(158,162)
(159,168)
(159,174)
(159,176)
(160,177)
(161,168)
(161,175)
(162,169)
(164,177)
(165,167)
(165,172)
(166,169)
(167,179)
(169,172)
(169,173)
(170,178)
(171,175)
(171,177)
(172,173)
(172,178)
(172,179)
(174,176)
(175,176)
(175,178)
(176,178)
(178,179)
