Nodes: 180
Protection radius: 1.000000
Disaster radius: 0.500000
0: 0.291189 83.441786
1: 0.934009 22.771718
2: 1.198504 43.519056
3: 1.872369 67.610607
4: 3.582454 70.227287
5: 3.708627 42.297931
6: 4.689354 34.905046
7: 5.396448 25.364672
8: 6.438212 75.665713
9: 6.782420 79.075572
10: 6.859333 30.685040
11: 7.467255 23.148107
12: 7.533019 61.948137
13: 8.044001 81.535864
14: 8.198200 10.659961
15: 8.660585 16.288085
16: 8.710421 43.545191
17: 8.842652 53.883527
18: 9.030385 1.943004
19: 9.373005 68.137536
20: 9.998029 46.580228
21: 10.506730 79.925618
22: 10.540948 22.036203
23: 10.687193 8.489389
24: 12.083472 68.469224
25: 12.565100 84.967242
26: 12.629137 12.468095
27: 12.717662 6.296287
28: 12.937255 87.096975
29: 13.288267 16.437180
30: 14.299928 5.046882
31: 14.535006 89.327384
32: 15.134341 33.718681
33: 15.544452 48.103499
34: 18.462957 79.216843
35: 18.505339 8.852662
36: 18.688814 53.204202
37: 18.723053 91.906930
38: 19.363587 35.220119
39: 19.407788 15.808416
40: 19.916766 23.519569
41: 20.545296 44.443512
42: 21.507472 84.550093
43: 22.009858 0.675588
44: 22.272503 69.150217
45: 22.285073 4.597848
46: 22.318224 79.992657
47: 22.426451 21.211753
48: 22.888833 2.520183
49: 22.895335 14.823866
50: 23.192886 57.978385
51: 23.463011 77.605616
52: 24.822138 18.556028
53: 25.186339 50.062583
54: 25.499672 6.377439
55: 25.620527 58.565492
56: 26.563411 25.847763
57: 27.089682 46.161376
58: 27.096729 4.229931
59: 27.172439 91.017464
60: 28.122625 22.297434
61: 28.854355 47.808248
62: 30.200562 43.936239
63: 30.293732 1.969176
64: 30.549130 61.038370
65: 31.626629 34.311150
66: 32.180376 65.878139
67: 32.263799 43.608709
68: 32.425987 3.362585
69: 33.333123 16.755394
70: 33.378220 91.561327
71: 34.219354 29.854458
72: 34.400953 40.472815
73: 35.327924 81.646836
74: 35.600860 79.072496
75: 36.312471 41.566126
76: 36.575951 1.616669
77: 37.296145 17.495072
78: 37.450955 13.615182
79: 38.438746 59.644159
80: 38.765564 0.556492
81: 39.537702 11.834659
82: 40.570480 5.990986
83: 41.064669 59.676329
84: 41.416495 86.260158
85: 42.453281 10.969510
86: 43.046937 17.106810
87: 43.153135 89.007993
88: 44.606760 55.707011
89: 44.819726 25.075954
90: 44.853143 82.690838
91: 45.891919 29.434269
92: 46.140952 43.007601
93: 46.664573 37.316541
94: 46.981322 14.730884
95: 47.250618 18.091083
96: 47.639732 70.809452
97: 47.745242 25.007900
98: 48.097750 30.578446
99: 48.673443 52.648267
100: 48.922060 45.119612
101: 48.949132 15.313472
102: 49.728107 62.875883
103: 50.755825 39.885989
104: 50.892686 19.527369
105: 51.015744 22.150661
106: 51.651091 84.257424
107: 53.783579 71.710548
108: 53.813945 69.645595
109: 54.405301 39.816431
110: 56.186738 2.169171
111: 56.461081 11.129755
112: 57.160373 45.552639
113: 57.544494 71.881232
114: 58.159102 0.169363
115: 58.274303 74.125977
116: 59.109413 14.116170
117: 59.706402 42.616963
118: 59.813522 10.759319
119: 59.839866 49.414953
120: 60.629071 24.619747
121: 60.676474 70.755163
122: 60.821162 61.610699
123: 61.014128 84.772734
124: 61.087083 65.287070
125: 61.386682 89.530830
126: 61.467078 2.865848
127: 63.448182 23.369257
128: 63.667750 72.750856
129: 63.779870 54.527662
130: 63.786039 80.884761
131: 64.752972 49.482991
132: 65.567763 36.307720
133: 66.185919 3.034326
134: 66.391921 0.631970
135: 66.750810 40.637932
136: 67.054881 67.669510
137: 67.169393 31.276269
138: 67.413889 58.388692
139: 67.939123 79.212202
140: 68.167099 74.218066
141: 69.422790 67.239422
142: 70.273748 44.828900
143: 70.506422 82.855762
144: 71.051262 2.192359
145: 71.869125 74.174480
146: 73.589872 25.865502
147: 73.602835 76.650055
148: 73.675300 68.233276
149: 73.762980 52.276835
150: 74.949082 1.666771
151: 75.227039 48.430756
152: 75.915608 56.107763
153: 78.034809 68.921932
154: 78.701323 38.592867
155: 79.163968 16.478557
156: 79.892431 82.498704
157: 80.474246 71.317760
158: 80.514352 86.681374
159: 80.595505 46.735121
160: 81.231916 11.685445
161: 81.724674 15.216906
162: 82.060030 65.076716
163: 82.400393 89.242270
164: 82.551531 69.109857
165: 83.611545 19.488470
166: 83.971147 2.341832
167: 84.131966 79.067882
168: 84.222588 71.532110
169: 84.633841 60.493743
170: 86.025455 21.270651
171: 86.892129 27.182752
172: 87.246632 42.455538
173: 87.545586 24.943180
174: 88.294241 11.667132
175: 88.923343 57.477033
176: 89.432708 21.456477
177: 90.019896 55.089639
178: 90.886039 74.286601
179: 91.408601 60.927999
Edges
(0,4)
(0,8)
(0,9)
(0,13)
(1,6)
(1,11)
(2,3)
(2,6)
(2,17)
(3,4)
(3,12)
(3,17)
(3,19)
(4,8)
(5,16)
(6,10)
(7,10)
(7,11)
(8,19)
(8,21)
(8,24)
(9,13)
(9,21)
(10,11)
(10,22)
(10,32)
(11,15)
(12,17)
(13,21)
(14,18)
(16,20)
(18,23)
(18,43)
(20,33)
(21,25)
(22,40)
(23,27)
(24,44)
(25,28)
(25,34)
(26,27)
(26,39)
(27,30)
(28,31)
(29,40)
(31,37)
(31,42)
(32,38)
(32,40)
(32,41)
(33,41)
(35,39)
(35,49)
(36,53)
(38,56)
(39,47)
(40,56)
(42,46)
(44,55)
(44,66)
(45,48)
(47,60)
(48,63)
(50,53)
(50,55)
(51,73)
(51,74)
(52,60)
(53,57)
(54,58)
(54,68)
(56,60)
(56,65)
(59,70)
(60,77)
(61,79)
(62,67)
(63,80)
(64,79)
(66,96)
(67,88)
(68,76)
(68,81)
(69,78)
(70,73)
(70,84)
(70,163)
(71,72)
(71,75)
(71,77)
(71,93)
(73,84)
(73,90)
(75,88)
(75,93)
(77,86)
(78,81)
(78,86)
(79,83)
(79,88)
(80,82)
(80,110)
(80,114)
(81,85)
(81,86)
(82,85)
(83,102)
(85,111)
(86,89)
(86,94)
(87,90)
(87,106)
(87,125)
(88,92)
(88,102)
(89,91)
(91,93)
(91,97)
(91,98)
(92,93)
(92,100)
(93,98)
(94,95)
(94,111)
(96,102)
(96,106)
(96,107)
(98,103)
(98,105)
(98,120)
(99,102)
(99,112)
(99,119)
(100,103)
(101,111)
(102,124)
(103,109)
(104,111)
(104,116)
(105,120)
(107,108)
(107,115)
(109,112)
(109,117)
(109,120)
(110,114)
(113,115)
(113,124)
(114,126)
(115,121)
(115,128)
(116,127)
(116,155)
(117,131)
(117,132)
(118,133)
(120,132)
(120,137)
(121,136)
(122,124)
(122,129)
(122,136)
(123,130)
(125,163)
(126,133)
(126,134)
(128,139)
(128,140)
(129,131)
(129,149)
(130,139)
(130,143)
(131,135)
(131,149)
(134,144)
(134,166)
(135,142)
(135,154)
(138,152)
(139,143)
(139,147)
(140,141)
(140,145)
(142,149)
(142,151)
(143,158)
(145,147)
(145,148)
(146,154)
(149,152)
(150,160)
(152,159)
(153,157)
(153,162)
(154,159)
(154,172)
(155,165)
(156,167)
(157,167)
(158,167)
(160,161)
(160,174)
(162,164)
(162,179)
(164,168)
(165,171)
(167,178)
(169,175)
(170,171)
(170,174)
(171,173)
(175,177)
(175,179)
(176,179)
