Nodes: 100
Protection radius: 1.000000
Disaster radius: 0.500000
0: 0.279400 27.433488
1: 0.797932 24.188610
2: 1.040174 47.837674
3: 1.448639 11.534123
4: 2.690523 57.087273
5: 2.733745 8.773206
6: 3.889568 20.195209
7: 6.054667 30.588290
8: 6.530815 21.099862
9: 7.338773 45.131355
10: 7.964076 27.484983
11: 8.822796 14.347741
12: 8.853477 23.711899
13: 9.957695 36.445554
14: 10.273777 1.319574
15: 10.902365 59.901901
16: 10.971813 17.647706
17: 11.116890 3.698241
18: 11.660980 9.453862
19: 12.016516 26.755613
20: 12.224768 37.790160
21: 13.378469 58.343347
22: 14.551761 41.954825
23: 14.706852 29.288696
24: 14.843680 33.401613
25: 15.271162 4.981849
26: 16.429068 47.514684
27: 16.561980 51.855719
28: 20.686866 5.377700
29: 21.165809 36.654856
30: 21.449082 54.929634
31: 21.959710 49.804335
32: 22.665122 13.222168
33: 22.884899 19.970367
34: 24.798103 51.669045
35: 24.844460 2.793646
36: 25.287021 7.666724
37: 25.443226 47.547830
38: 25.525758 11.754288
39: 26.672078 9.620728
40: 27.410140 33.856713
41: 27.565231 28.650941
42: 29.098571 57.783943
43: 29.316083 0.962294
44: 30.236855 32.070217
45: 30.331867 15.064934
46: 30.451387 26.436893
47: 32.862684 24.309720
48: 33.022569 48.677533
49: 33.720535 54.854936
50: 34.136215 22.343518
51: 34.779167 0.343921
52: 35.312985 34.297288
53: 35.531315 39.775202
54: 35.718571 32.233488
55: 36.258189 45.508650
56: 37.215337 21.455775
57: 37.618073 52.208243
58: 38.255014 23.423983
59: 38.536351 16.693943
60: 39.348762 9.120873
61: 39.726210 51.023939
62: 39.901666 57.867030
63: 40.125819 29.782119
64: 40.697231 16.488510
65: 41.132885 43.202082
66: 41.408489 1.927040
67: 42.048352 52.034135
68: 42.949649 28.969957
69: 43.743672 18.655601
70: 43.828336 42.058457
71: 44.062791 56.889959
72: 44.290221 15.889115
73: 45.147152 13.186504
74: 45.365060 52.804396
75: 45.456885 59.460916
76: 46.093649 33.390577
77: 46.932264 24.352378
78: 47.307964 41.316276
79: 47.332526 26.834203
80: 47.892668 31.341688
81: 48.764160 47.880897
82: 48.948633 40.050546
83: 50.021865 53.113017
84: 51.123908 50.989733
85: 51.143924 43.238330
86: 51.471179 35.103412
87: 53.035078 0.801699
88: 53.372953 14.075539
89: 53.864424 17.344282
90: 54.708072 29.012293
91: 55.201746 36.912137
92: 55.548968 13.109619
93: 55.656635 53.149401
94: 56.744490 10.697821
95: 57.122812 19.755842
96: 57.545416 24.760023
97: 58.578717 58.217900
98: 59.268973 35.238627
99: 59.793772 48.391104
Edges
(0,3)
(1,3)
(1,8)
(2,9)
(4,15)
(4,21)
(5,17)
(5,18)
(6,11)
(7,13)
(7,24)
(8,10)
(9,13)
(9,27)
(10,23)
(11,18)
(12,19)
(14,25)
(14,35)
(14,43)
(14,51)
(15,42)
(16,18)
(16,33)
(19,33)
(20,22)
(21,27)
(22,29)
(23,29)
(23,41)
(26,29)
(26,31)
(28,32)
(29,37)
(30,31)
(30,42)
(32,33)
(32,38)
(33,45)
(33,46)
(34,48)
(35,36)
(37,40)
(37,48)
(39,51)
(40,52)
(41,44)
(45,60)
(46,54)
(47,54)
(47,58)
(48,55)
(49,62)
(50,56)
(51,60)
(52,54)
(53,65)
(55,57)
(56,59)
(56,64)
(57,61)
(57,62)
(57,67)
(58,68)
(62,71)
(62,75)
(63,68)
(63,76)
(64,72)
(65,81)
(66,73)
(66,87)
(67,81)
(68,80)
(69,72)
(70,76)
(70,78)
(72,73)
(72,88)
(72,89)
(74,83)
(76,82)
(77,79)
(79,80)
(80,86)
(80,90)
(81,83)
(81,84)
(84,85)
(84,93)
(88,94)
(89,95)
(90,96)
(91,98)
(91,99)
(92,95)
(93,97)
(94,98)
(95,96)
