Nodes: 60
Protection radius: 1.000000
Disaster radius: 0.500000
0: 0.133312 20.229105
1: 0.234315 29.883260
2: 0.406632 1.051218
3: 0.493606 24.223014
4: 0.667991 13.216608
5: 2.162706 19.746243
6: 2.272642 14.777584
7: 2.545971 28.388900
8: 3.196609 7.386184
9: 4.896312 21.033481
10: 5.043268 18.373589
11: 5.219553 2.354373
12: 5.785627 13.973596
13: 6.262586 34.944657
14: 6.330756 29.764401
15: 6.500521 23.489091
16: 6.618474 19.794793
17: 6.963118 5.029624
18: 9.478106 13.204420
19: 9.851848 17.549845
20: 10.973764 27.248812
21: 11.400350 6.899458
22: 11.992392 29.773996
23: 12.049435 22.077758
24: 12.126514 16.466024
25: 13.153989 19.598146
26: 13.532206 33.926267
27: 13.617370 31.888595
28: 14.179858 16.627637
29: 14.581005 21.820613
30: 15.565847 25.459925
31: 16.579260 15.022262
32: 16.849247 31.096223
33: 18.544930 7.226309
34: 18.917579 10.122316
35: 20.636983 31.830912
36: 21.677043 17.843488
37: 21.722039 13.969810
38: 21.995895 23.189111
39: 22.096774 33.870920
40: 23.272560 3.335064
41: 23.592447 27.781522
42: 24.839992 12.518968
43: 25.913131 16.352368
44: 26.577386 20.710494
45: 26.842180 30.111704
46: 26.963150 1.588850
47: 27.132427 11.053147
48: 27.296553 13.310308
49: 27.831984 24.067725
50: 27.936803 32.071568
51: 27.981539 34.616774
52: 28.300223 27.203751
53: 28.332827 5.314389
54: 29.720462 16.209363
55: 30.892558 10.282139
56: 31.153796 6.279233
57: 31.162921 26.539611
58: 33.901599 13.159230
59: 34.060755 5.359316
Edges
(0,1)
(0,6)
(1,7)
(2,4)
(2,8)
(2,46)
(3,7)
(5,10)
(7,15)
(8,11)
(8,12)
(8,18)
(9,15)
(10,16)
(11,17)
(13,14)
(13,22)
(14,15)
(16,23)
(18,24)
(19,24)
(20,22)
(21,31)
(21,33)
(21,34)
(21,40)
(22,26)
(22,27)
(22,30)
(22,32)
(23,25)
(23,29)
(24,31)
(28,31)
(29,30)
(29,31)
(30,41)
(31,37)
(33,42)
(35,41)
(35,45)
(36,37)
(38,44)
(39,51)
(40,53)
(43,44)
(43,48)
(44,49)
(44,54)
(45,52)
(46,59)
(47,48)
(50,57)
(51,57)
(52,57)
(54,55)
(55,59)
(56,59)
(58,59)
