Nodes: 180
Protection radius: 1.000000
Disaster radius: 0.500000
0: 0.038927 97.962366
1: 0.425033 87.873822
2: 2.137741 59.441473
3: 2.331981 20.653882
4: 3.502525 97.219801
5: 3.980643 54.093591
6: 4.197668 66.603181
7: 4.945381 94.793292
8: 5.524681 44.111396
9: 7.896682 52.637537
10: 8.397579 83.766003
11: 8.715664 99.678512
12: 9.072559 78.630368
13: 10.330061 94.219860
14: 10.525987 24.394037
15: 10.759500 18.226743
16: 11.037405 42.926692
17: 11.267518 48.063554
18: 12.438405 74.907211
19: 12.462016 6.944785
20: 12.598417 66.692672
21: 13.818070 13.877734
22: 15.434181 3.091878
23: 15.629976 60.434076
24: 15.866157 9.957494
25: 17.180236 90.997708
26: 17.818536 84.195062
27: 18.754288 28.886263
28: 19.019507 72.517939
29: 19.099412 88.346210
30: 19.416141 79.546557
31: 19.455471 20.611209
32: 20.196368 3.829021
33: 20.278403 33.229953
34: 20.703761 91.534617
35: 21.567908 97.293084
36: 22.018517 48.213885
37: 22.895309 40.613333
38: 23.227661 38.536361
39: 23.268032 69.077153
40: 24.154007 25.583963
41: 24.747176 91.467538
42: 24.772217 88.743697
43: 24.821113 54.419794
44: 25.171528 2.466803
45: 25.688303 18.733320
46: 26.489485 81.239545
47: 26.554249 96.430256
48: 28.044661 73.503877
49: 28.540504 10.212441
50: 29.201284 29.908657
51: 29.213051 95.765453
52: 29.272478 68.620946
53: 29.294980 17.802391
54: 29.704629 82.800887
55: 30.738399 98.555033
56: 31.072315 73.814354
57: 31.945351 81.058321
58: 32.569199 58.895150
59: 33.033911 27.104198
60: 33.282711 72.228395
61: 33.858132 41.756996
62: 34.836637 69.487021
63: 35.452467 94.533376
64: 35.529021 66.322666
65: 36.959574 35.559227
66: 36.974316 4.574368
67: 37.001880 9.432215
68: 37.782162 80.871529
69: 38.557296 64.488875
70: 39.148340 19.436468
71: 39.268994 6.559671
72: 39.530814 29.236519
73: 40.854952 36.884310
74: 42.752257 59.809217
75: 43.036129 32.405006
76: 43.388849 6.038897
77: 43.443980 65.085179
78: 43.676248 14.496768
79: 44.388791 42.628142
80: 44.825255 4.499768
81: 45.479615 54.778110
82: 45.857397 51.614452
83: 47.722095 97.633807
84: 48.033578 67.590039
85: 48.404068 73.703283
86: 50.732092 27.153094
87: 52.418760 73.234629
88: 52.747049 3.074144
89: 52.843332 99.063766
90: 53.997883 0.744448
91: 54.257292 83.471256
92: 54.323837 97.454874
93: 54.335320 40.307555
94: 54.771376 90.331539
95: 55.111053 34.507513
96: 55.919070 37.746097
97: 56.178217 86.775334
98: 56.611851 5.783998
99: 56.717522 9.945059
100: 56.958916 64.524683
101: 57.579168 48.441428
102: 57.609406 23.221516
103: 57.724514 35.862749
104: 58.198010 25.466360
105: 58.296334 17.836270
106: 60.895197 2.373234
107: 61.038014 24.312516
108: 61.915390 14.700823
109: 61.958743 88.172121
110: 62.140133 66.989110
111: 62.154322 97.458866
112: 62.466472 22.501653
113: 63.177297 33.902298
114: 64.978513 49.918703
115: 65.428346 30.182402
116: 65.475665 64.956758
117: 66.550844 72.825073
118: 68.266585 1.008277
119: 68.749315 34.939176
120: 68.862202 72.896787
121: 69.326217 54.252778
122: 69.396659 56.400179
123: 70.432202 66.445057
124: 71.107978 26.121173
125: 71.312032 73.409573
126: 73.339849 81.132055
127: 73.836914 34.708019
128: 74.231483 88.276069
129: 74.426503 66.922254
130: 75.073676 54.712735
131: 76.319974 1.970441
132: 76.435062 7.131196
133: 77.099362 82.138312
134: 77.277743 54.778316
135: 77.837613 35.567008
136: 78.614300 20.373427
137: 79.456457 57.933339
138: 79.585672 40.212222
139: 79.870544 61.103123
140: 80.309478 48.213099
141: 80.749396 69.235444
142: 81.005422 81.004806
143: 81.246686 97.114416
144: 82.498276 54.827547
145: 82.761960 66.214931
146: 82.793302 0.549973
147: 82.868233 95.657985
148: 84.406647 75.516870
149: 84.825380 65.637825
150: 84.841222 45.311056
151: 86.941442 68.846686
152: 86.965346 36.818877
153: 87.255142 21.900438
154: 88.425321 85.412531
155: 89.650116 80.123946
156: 90.532036 94.359374
157: 90.616478 8.223094
158: 90.712605 5.384797
159: 91.083970 34.617441
160: 91.372214 50.405049
161: 92.262928 86.542159
162: 92.671889 92.749001
163: 92.771087 76.654047
164: 92.891365 1.493470
165: 93.934341 38.814482
166: 94.614096 60.631995
167: 95.117279 44.707533
168: 96.504982 68.734744
169: 96.784104 37.458639
170: 97.267856 85.694133
171: 97.556908 61.044429
172: 98.366455 40.361318
173: 99.263823 24.361522
174: 99.592692 16.993541
175: 100.048102 4.971870
176: 100.088419 34.065185
177: 100.178090 74.639320
178: 100.387851 44.407807
179: 100.676013 38.160699
Edges
(0,3)
(0,4)
(1,10)
(2,5)
(2,6)
(3,14)
(3,19)
(5,8)
(5,9)
(6,20)
(7,11)
(7,13)
(8,14)
(8,16)
(10,13)
(11,55)
(11,89)
(12,18)
(13,35)
(14,15)
(14,31)
(16,17)
(17,36)
(18,28)
(18,30)
(20,23)
(20,28)
(21,31)
(22,24)
(22,32)
(24,31)
(25,29)
(26,42)
(27,33)
(29,34)
(32,44)
(32,49)
(33,38)
(33,40)
(34,42)
(35,41)
(36,37)
(39,43)
(39,48)
(40,53)
(40,59)
(42,46)
(42,51)
(43,58)
(44,90)
(45,53)
(46,54)
(46,57)
(47,51)
(48,57)
(49,53)
(50,61)
(52,56)
(52,60)
(55,63)
(58,61)
(58,74)
(59,72)
(60,62)
(61,65)
(61,73)
(61,79)
(62,64)
(62,69)
(62,85)
(63,68)
(63,83)
(66,71)
(66,76)
(66,80)
(67,70)
(70,86)
(71,78)
(72,86)
(74,84)
(75,79)
(75,95)
(77,85)
(78,99)
(79,93)
(81,84)
(82,93)
(82,101)
(83,94)
(85,91)
(87,100)
(87,117)
(88,90)
(88,98)
(88,99)
(90,118)
(91,94)
(91,97)
(92,94)
(94,109)
(96,101)
(96,103)
(99,106)
(99,108)
(100,101)
(102,104)
(103,104)
(104,107)
(104,113)
(104,115)
(105,108)
(108,112)
(108,132)
(109,111)
(109,117)
(109,126)
(110,116)
(111,143)
(113,114)
(114,140)
(115,124)
(116,123)
(117,123)
(119,124)
(119,138)
(120,125)
(120,126)
(121,140)
(122,129)
(124,135)
(127,138)
(128,147)
(129,145)
(130,139)
(131,146)
(132,136)
(132,146)
(133,142)
(134,137)
(134,140)
(135,153)
(136,157)
(137,139)
(138,152)
(139,144)
(141,142)
(142,155)
(143,147)
(143,156)
(144,166)
(145,151)
(146,158)
(148,155)
(149,151)
(150,167)
(151,168)
(153,173)
(153,174)
(154,155)
(154,156)
(154,162)
(155,161)
(155,163)
(157,174)
(158,164)
(158,175)
(159,173)
(160,166)
(162,170)
(165,167)
(167,178)
(168,177)
(169,172)
(169,179)
(171,178)
(172,178)
(173,176)
(174,179)
(177,178)
