Nodes: 180
Protection radius: 1.000000
Disaster radius: 0.500000
0: 0.007211 22.369973
1: 0.507141 8.571328
2: 0.847940 35.509800
3: 1.132086 5.406953
4: 1.473855 67.255233
5: 1.785832 25.959995
6: 2.281089 89.036831
7: 2.390642 39.840515
8: 3.340307 75.433508
9: 3.732170 46.201132
10: 4.182190 12.881647
11: 4.812580 56.026058
12: 6.367994 34.977169
13: 6.749975 87.260971
14: 7.908080 22.372119
15: 8.851151 13.936338
16: 8.984707 90.520526
17: 9.356452 74.812974
18: 9.599785 52.665830
19: 9.700404 39.025997
20: 10.137282 27.453316
21: 10.767549 9.640432
22: 10.845389 71.831739
23: 11.164586 30.992858
24: 12.179055 36.815188
25: 12.366098 40.851251
26: 13.799290 91.031061
27: 13.884449 8.490280
28: 14.862336 19.769964
29: 15.196616 39.467906
30: 15.389508 74.819527
31: 15.862729 62.530477
32: 17.062298 29.552452
33: 17.077634 12.723995
34: 17.892725 6.627657
35: 17.946291 74.619812
36: 18.382407 84.184113
37: 18.873391 43.413714
38: 19.312713 17.860437
39: 19.340296 52.835699
40: 19.351892 36.272965
41: 20.459505 89.835349
42: 20.584141 37.947537
43: 20.760115 25.680707
44: 21.130160 42.006881
45: 22.365975 30.780545
46: 22.867912 18.685111
47: 24.263367 73.116543
48: 24.299273 56.385061
49: 24.915538 89.138029
50: 25.062674 65.324072
51: 25.135841 83.408758
52: 25.226707 33.756016
53: 27.580108 1.494266
54: 27.763255 39.509661
55: 27.994281 74.885559
56: 28.263741 3.445547
57: 29.288055 46.114572
58: 29.309307 83.900614
59: 29.351843 19.066425
60: 29.825612 68.418561
61: 30.120261 6.647803
62: 30.209870 62.874284
63: 30.787077 13.040711
64: 31.657359 19.842998
65: 31.725821 56.006028
66: 33.515874 80.683326
67: 34.738204 83.383999
68: 34.822810 90.672451
69: 35.506007 34.942782
70: 35.546523 53.654990
71: 36.908411 49.071704
72: 36.926862 16.773222
73: 37.346356 45.658555
74: 37.738443 83.101724
75: 38.388115 89.046730
76: 38.436173 22.069330
77: 39.642162 91.322322
78: 40.141784 15.889274
79: 40.869296 81.925447
80: 41.336948 5.367618
81: 42.018942 44.438901
82: 42.410961 77.396457
83: 43.097170 40.388247
84: 43.358549 55.731639
85: 43.387406 34.399771
86: 43.523454 86.672392
87: 44.068484 49.035910
88: 44.939576 63.934787
89: 45.510220 43.615259
90: 45.607430 78.072712
91: 46.454325 92.911512
92: 46.886904 61.482972
93: 48.177434 84.756477
94: 48.535370 90.205853
95: 49.104101 38.297538
96: 49.303380 78.912942
97: 49.490339 30.765621
98: 50.018273 49.004116
99: 50.924027 7.080108
100: 51.344033 88.124828
101: 52.544210 23.725873
102: 52.837606 26.323948
103: 53.058397 47.918328
104: 53.802589 19.084092
105: 54.192064 65.610097
106: 54.699846 39.010645
107: 55.537614 9.607342
108: 56.309783 21.682212
109: 56.966643 46.867673
110: 57.320548 43.374331
111: 57.425875 38.971412
112: 57.721559 36.072140
113: 59.048271 79.999089
114: 59.072554 41.090602
115: 60.042983 68.700335
116: 61.185691 18.750376
117: 61.951957 14.517362
118: 61.953351 62.804724
119: 62.070460 65.596888
120: 62.440757 39.536561
121: 62.469645 0.949147
122: 62.534121 55.035799
123: 63.907532 87.971558
124: 63.931423 42.500580
125: 64.464802 37.951596
126: 64.548722 29.020854
127: 65.258772 5.313120
128: 65.293819 83.111896
129: 66.566766 73.263985
130: 67.007341 49.364247
131: 68.321008 14.791945
132: 68.784532 45.346491
133: 69.314681 57.118631
134: 69.407847 48.592277
135: 69.886473 18.042123
136: 70.643054 44.040781
137: 72.510481 82.754080
138: 72.681924 65.968223
139: 72.779726 76.273630
140: 73.424263 92.690785
141: 73.647324 55.110005
142: 73.953427 84.616312
143: 74.345264 89.764468
144: 74.521662 48.992935
145: 74.587659 27.579243
146: 74.756404 1.944664
147: 74.805763 44.196793
148: 76.087430 76.134852
149: 76.351748 59.283239
150: 76.658782 36.948899
151: 77.203853 86.799336
152: 78.105475 22.809312
153: 78.344563 73.472140
154: 80.019461 68.447647
155: 80.268933 72.080048
156: 80.965451 81.119516
157: 81.229949 40.162002
158: 82.901287 30.034820
159: 83.366194 72.606926
160: 84.736413 76.558039
161: 86.600158 6.273736
162: 87.291734 25.273899
163: 87.434189 39.077859
164: 87.661179 79.327139
165: 87.896898 91.893969
166: 87.964347 50.409753
167: 88.261559 48.360759
168: 88.419409 22.111442
169: 88.545571 63.561794
170: 89.122440 93.816675
171: 89.212010 52.630929
172: 90.011656 43.389444
173: 90.540996 77.494504
174: 91.727671 64.947726
175: 91.803779 19.647623
176: 92.072846 67.735199
177: 92.739722 35.053756
178: 93.039800 38.841912
179: 93.418418 55.040407
Edges
(0,1)
(1,7)
(1,23)
(2,7)
(2,8)
(2,11)
(2,13)
(3,10)
(3,23)
(4,6)
(5,42)
(6,16)
(6,51)
(7,12)
(9,12)
(10,15)
(11,17)
(11,19)
(11,31)
(11,47)
(11,82)
(12,24)
(13,51)
(14,20)
(15,20)
(18,19)
(18,25)
(19,42)
(21,38)
(21,52)
(22,55)
(23,28)
(25,37)
(25,39)
(25,60)
(26,49)
(26,68)
(26,77)
(27,33)
(27,34)
(28,45)
(29,37)
(30,35)
(32,82)
(34,43)
(34,65)
(34,70)
(34,82)
(35,75)
(35,79)
(36,51)
(38,43)
(40,42)
(41,58)
(44,48)
(44,62)
(46,53)
(48,60)
(50,60)
(53,63)
(53,71)
(53,91)
(54,57)
(54,65)
(55,82)
(56,127)
(58,68)
(59,70)
(59,71)
(61,63)
(61,80)
(64,72)
(64,73)
(64,84)
(66,67)
(66,79)
(69,84)
(72,87)
(72,93)
(74,79)
(76,78)
(76,80)
(76,99)
(77,79)
(77,91)
(79,86)
(81,87)
(83,171)
(85,97)
(85,99)
(87,88)
(87,98)
(88,103)
(88,109)
(89,98)
(90,94)
(91,94)
(91,123)
(91,140)
(92,96)
(92,130)
(92,134)
(93,113)
(93,118)
(95,106)
(95,111)
(96,118)
(97,120)
(97,150)
(99,108)
(99,126)
(100,123)
(101,108)
(102,126)
(104,108)
(105,118)
(107,116)
(110,132)
(111,147)
(111,167)
(112,163)
(114,124)
(115,128)
(116,145)
(116,150)
(116,158)
(117,127)
(117,131)
(118,119)
(118,128)
(118,139)
(118,143)
(120,157)
(120,167)
(121,146)
(121,161)
(121,168)
(121,175)
(122,138)
(122,169)
(123,170)
(124,132)
(125,163)
(127,168)
(129,143)
(132,166)
(133,169)
(134,149)
(135,168)
(136,167)
(137,143)
(137,164)
(139,148)
(139,154)
(139,160)
(141,144)
(141,149)
(142,143)
(143,165)
(149,171)
(150,163)
(151,156)
(152,158)
(153,159)
(154,155)
(156,164)
(158,172)
(158,177)
(159,164)
(162,168)
(163,176)
(165,169)
(166,171)
(168,177)
(169,170)
(170,173)
(172,174)
(177,178)
(177,179)
