Nodes: 20
Protection radius: 1.000000
Disaster radius: 0.500000
0: 0.147025 15.386365
1: 0.480040 7.912342
2: 0.604827 4.060222
3: 2.428809 11.181981
4: 3.985724 5.729054
5: 4.695067 14.867122
6: 5.122261 3.554636
7: 6.787081 13.426925
8: 6.927482 0.481792
9: 6.987212 2.586676
10: 8.209409 11.622549
11: 8.833020 13.571383
12: 9.098278 2.596091
13: 10.655371 12.670139
14: 13.256971 6.500597
15: 13.311056 9.450566
16: 14.278804 15.015140
17: 14.324904 11.360566
18: 15.348915 6.534313
19: 15.972492 13.431343
Edges
(0,3)
(0,5)
(1,4)
(2,4)
(2,8)
(3,5)
(3,10)
(4,9)
(4,10)
(5,16)
(6,8)
(6,9)
(7,11)
(8,12)
(8,18)
(9,12)
(11,13)
(12,18)
(13,15)
(13,16)
(14,15)
(15,17)
(16,19)
