Nodes: 60
Protection radius: 1.000000
Disaster radius: 0.500000
0: 0.807752 17.531606
1: 1.219813 7.492592
2: 2.397516 29.045644
3: 2.457189 4.778799
4: 3.087545 35.577819
5: 5.925451 19.572633
6: 6.063509 23.362977
7: 7.112376 33.284197
8: 8.359299 3.677002
9: 8.933840 9.605335
10: 9.284402 24.254725
11: 10.198930 5.370163
12: 10.326271 7.754315
13: 10.548840 11.445887
14: 12.271391 14.284750
15: 12.814137 21.288932
16: 13.598485 5.842183
17: 14.998129 8.123754
18: 15.428452 0.341793
19: 17.115444 24.362292
20: 18.384931 27.863806
21: 18.662586 5.134524
22: 19.064207 13.230860
23: 20.393407 7.367974
24: 22.071259 29.981414
25: 22.666481 32.144369
26: 22.936940 23.163893
27: 23.249635 4.412483
28: 24.048922 36.619785
29: 24.201776 6.764447
30: 24.822563 20.934097
31: 24.924898 25.268735
32: 24.931552 30.670045
33: 24.972152 12.885716
34: 26.153375 14.871641
35: 27.698544 3.799316
36: 27.724102 16.347008
37: 28.447888 25.615564
38: 28.759811 9.112179
39: 28.907251 35.900962
40: 28.945737 19.383768
41: 29.205160 2.088332
42: 29.381681 7.162547
43: 30.028047 22.064580
44: 30.157329 14.697523
45: 30.531868 3.860685
46: 30.730951 18.210573
47: 31.514914 12.024338
48: 32.734819 26.456916
49: 32.787262 24.262819
50: 32.844959 33.320117
51: 33.474472 13.034673
52: 33.819135 11.029867
53: 34.041053 30.096059
54: 34.194152 18.463419
55: 34.232701 35.272285
56: 34.530730 22.016715
57: 34.887586 15.925168
58: 36.279063 9.361129
59: 36.709473 23.350266
Edges
(0,6)
(0,9)
(1,3)
(2,6)
(3,8)
(4,7)
(5,6)
(5,15)
(6,10)
(7,28)
(8,9)
(8,18)
(9,12)
(10,20)
(11,18)
(12,17)
(13,14)
(14,22)
(16,17)
(17,21)
(18,27)
(18,41)
(19,22)
(19,26)
(20,25)
(22,33)
(23,29)
(23,33)
(24,32)
(27,29)
(27,35)
(28,32)
(28,39)
(29,42)
(30,43)
(31,32)
(32,37)
(34,44)
(36,40)
(36,44)
(36,46)
(37,43)
(37,48)
(37,49)
(38,44)
(38,52)
(39,50)
(39,55)
(41,45)
(41,58)
(46,54)
(46,56)
(47,51)
(49,59)
(50,53)
(51,52)
(51,57)
(57,58)
(57,59)
