Nodes: 100
Protection radius: 1.000000
Disaster radius: 0.500000
0: 0.285951 3.492882
1: 0.828080 48.321209
2: 0.979717 26.766766
3: 1.005075 31.667049
4: 2.660738 0.224886
5: 3.446742 8.802862
6: 3.876856 24.779693
7: 3.913314 29.092575
8: 4.124436 37.938616
9: 4.376911 16.889325
10: 4.935523 52.469438
11: 5.330996 36.272807
12: 6.631087 20.113945
13: 6.660649 45.166976
14: 7.195596 29.080738
15: 7.247134 48.268639
16: 8.022925 14.663575
17: 8.521678 52.823236
18: 8.595082 49.924391
19: 9.252744 31.431095
20: 9.542499 4.881931
21: 10.947240 46.061228
22: 11.307169 12.898588
23: 11.873570 28.634504
24: 12.069773 5.376900
25: 13.013293 39.245430
26: 13.548006 34.884841
27: 14.526721 14.140243
28: 14.965484 51.639237
29: 16.712561 52.755341
30: 17.158878 14.908850
31: 17.219006 32.444726
32: 17.295233 5.575655
33: 17.433673 21.085164
34: 17.956985 9.420215
35: 18.119043 17.375522
36: 18.428811 47.995695
37: 19.827994 6.009864
38: 20.280838 38.417187
39: 21.088778 34.346244
40: 21.258308 19.762047
41: 21.434986 36.497743
42: 21.666979 3.266911
43: 21.828475 24.747342
44: 22.642330 49.887287
45: 23.440078 20.677238
46: 23.882002 45.683046
47: 24.183962 11.926958
48: 25.048358 4.200233
49: 25.114099 49.003045
50: 25.202021 26.559836
51: 25.661171 19.783387
52: 26.695040 0.405907
53: 26.975784 16.460035
54: 27.254724 21.001788
55: 27.744736 27.485099
56: 28.606604 10.040813
57: 29.317461 6.592865
58: 29.468420 25.796440
59: 29.881089 13.704184
60: 30.844882 3.100477
61: 31.401116 25.113721
62: 32.053056 33.071751
63: 34.215453 52.695492
64: 34.420231 28.918042
65: 34.670896 45.394936
66: 34.825903 47.704129
67: 37.063968 17.180360
68: 37.440960 13.826683
69: 38.053392 32.846520
70: 38.567934 4.681418
71: 39.985067 29.398345
72: 41.448173 32.403680
73: 41.573757 7.118065
74: 41.917165 22.013621
75: 41.936793 39.245346
76: 42.238437 52.303081
77: 42.850755 50.022763
78: 43.226638 1.557436
79: 43.970539 34.007794
80: 44.204075 30.829183
81: 44.228154 44.523781
82: 44.533368 11.524958
83: 45.018457 21.317971
84: 45.302268 9.218844
85: 45.506282 49.471098
86: 47.247145 51.809139
87: 47.268486 31.071951
88: 47.512543 22.118751
89: 48.048293 25.467982
90: 48.940537 17.507333
91: 49.194683 46.943706
92: 49.226440 39.369523
93: 49.408952 41.515631
94: 50.194518 12.056678
95: 50.971040 31.687067
96: 51.492198 51.066686
97: 51.513635 6.574052
98: 51.801012 38.109350
99: 52.260363 22.093853
Edges
(0,2)
(0,4)
(1,10)
(1,15)
(1,28)
(1,44)
(1,85)
(3,15)
(4,5)
(4,20)
(5,6)
(5,7)
(5,8)
(5,9)
(5,24)
(5,32)
(5,35)
(5,42)
(5,64)
(6,14)
(8,11)
(8,15)
(8,25)
(8,69)
(9,12)
(9,33)
(10,28)
(11,23)
(11,43)
(11,62)
(13,15)
(14,23)
(14,33)
(14,43)
(15,21)
(15,41)
(16,33)
(16,58)
(17,28)
(18,28)
(18,44)
(19,23)
(20,52)
(22,37)
(22,52)
(22,54)
(22,57)
(22,94)
(23,43)
(26,62)
(26,80)
(26,87)
(27,30)
(27,51)
(27,94)
(28,29)
(28,63)
(28,76)
(30,53)
(31,43)
(31,55)
(31,80)
(33,55)
(34,52)
(35,54)
(35,71)
(35,95)
(36,38)
(36,41)
(37,52)
(39,62)
(40,61)
(40,64)
(40,71)
(41,46)
(41,69)
(43,50)
(45,71)
(46,79)
(46,87)
(47,73)
(48,57)
(48,60)
(49,76)
(52,70)
(53,74)
(53,89)
(53,95)
(54,95)
(55,58)
(55,64)
(56,57)
(56,60)
(59,67)
(59,74)
(59,90)
(59,99)
(60,73)
(61,64)
(61,71)
(62,72)
(62,87)
(65,75)
(65,79)
(66,75)
(66,81)
(66,85)
(67,99)
(68,94)
(72,87)
(73,78)
(73,82)
(73,84)
(73,94)
(73,97)
(74,83)
(74,89)
(75,79)
(75,81)
(77,86)
(79,86)
(83,89)
(84,97)
(85,86)
(86,87)
(87,91)
(87,95)
(88,95)
(89,95)
(90,97)
(91,92)
(91,93)
(92,98)
(93,96)
(96,98)
(96,99)
