Nodes: 180
Protection radius: 1.000000
Disaster radius: 0.500000
0: 0.348365 72.647614
1: 0.843952 17.092692
2: 1.283513 54.956086
3: 1.438047 27.627716
4: 1.607175 85.380000
5: 1.957909 64.707180
6: 2.590451 44.631379
7: 2.931215 47.077412
8: 3.322725 12.983070
9: 3.387072 39.829893
10: 3.487701 83.713036
11: 4.107767 26.644683
12: 4.738521 59.921448
13: 5.158745 96.141929
14: 6.620976 78.541853
15: 7.304044 2.868102
16: 7.858339 51.292739
17: 7.992072 95.225080
18: 8.279253 24.770939
19: 8.549213 45.533116
20: 9.180353 47.661510
21: 9.485832 16.790199
22: 10.017324 62.871939
23: 11.699758 22.823674
24: 11.740452 90.943707
25: 12.416200 96.314465
26: 12.524515 16.236010
27: 13.301977 40.889931
28: 14.274461 64.883084
29: 14.694482 20.160950
30: 15.091963 71.471601
31: 15.286049 29.086973
32: 16.313345 75.122260
33: 17.252415 68.918497
34: 17.386030 1.835992
35: 17.829751 71.640237
36: 18.797348 19.571383
37: 19.024083 45.050317
38: 19.052710 54.924125
39: 19.118886 95.142855
40: 19.612194 13.598522
41: 21.290582 52.631762
42: 21.759155 62.747691
43: 21.866175 50.221892
44: 22.096938 31.916281
45: 22.700799 95.681033
46: 22.893229 5.521665
47: 23.736405 90.670738
48: 24.326065 62.435515
49: 24.611792 57.177724
50: 25.188057 13.860052
51: 25.232134 39.656683
52: 25.605479 8.632485
53: 25.787180 71.212505
54: 26.527916 67.127393
55: 26.583265 76.514976
56: 27.619630 52.206101
57: 27.703137 45.642648
58: 28.243021 22.877758
59: 30.170851 78.883177
60: 30.489259 38.200175
61: 31.024352 9.262347
62: 31.390544 69.890491
63: 31.464750 44.386910
64: 31.505392 90.057721
65: 31.769937 0.737059
66: 32.062857 30.550845
67: 32.410614 92.179037
68: 33.577080 77.128731
69: 33.681857 29.057678
70: 35.524847 52.336019
71: 35.537219 47.551213
72: 36.072510 92.992304
73: 36.621006 12.582882
74: 37.412805 31.853757
75: 37.884443 95.609860
76: 37.979325 1.905378
77: 38.709108 71.374705
78: 38.906273 33.575579
79: 38.948033 75.977207
80: 39.970450 67.314092
81: 40.954329 9.913273
82: 42.524785 82.869154
83: 42.711646 32.404228
84: 43.102995 52.854813
85: 45.283683 78.801147
86: 45.533046 19.376348
87: 45.929992 43.350148
88: 46.212411 26.109004
89: 46.350220 33.747193
90: 47.154974 3.671090
91: 47.597250 7.052516
92: 50.781439 85.190913
93: 52.028043 32.613889
94: 52.060227 29.149133
95: 52.926366 61.715730
96: 54.294594 18.703484
97: 54.552309 22.686554
98: 55.555921 65.735336
99: 56.433747 92.471105
100: 56.512949 86.397357
101: 57.064303 46.029951
102: 59.360619 47.818498
103: 59.484868 22.727817
104: 59.608523 81.117330
105: 60.201631 59.964062
106: 61.648000 66.154952
107: 61.700862 57.800201
108: 62.032152 74.950282
109: 62.440935 45.727252
110: 62.557710 0.286378
111: 63.454517 55.608664
112: 64.705335 85.010055
113: 64.868242 38.804449
114: 66.327006 76.748433
115: 66.870244 25.514460
116: 67.007564 39.886818
117: 67.866136 4.961915
118: 67.938497 29.429868
119: 68.191547 95.375358
120: 68.860206 79.881986
121: 70.499604 76.683417
122: 70.697251 6.312601
123: 70.809076 69.101926
124: 71.095266 82.218725
125: 71.577834 74.431120
126: 73.131580 10.979709
127: 73.227648 40.340665
128: 73.363734 71.349203
129: 73.547124 74.812523
130: 74.656906 21.750776
131: 74.714552 89.083398
132: 75.085075 2.902529
133: 75.917210 68.277221
134: 76.109635 41.498147
135: 76.527970 12.110559
136: 76.773087 45.593496
137: 77.687306 60.757300
138: 78.146223 36.690356
139: 78.184141 83.322946
140: 78.584425 28.675759
141: 79.826132 68.657466
142: 79.828585 7.542194
143: 79.833817 65.744713
144: 80.055481 58.389044
145: 80.283395 2.075523
146: 80.611550 85.751580
147: 81.478636 56.799246
148: 81.498872 95.816558
149: 82.519702 22.606851
150: 82.664454 31.742010
151: 83.422091 71.177263
152: 83.793671 6.388086
153: 83.909204 39.365505
154: 84.353075 51.633315
155: 84.614707 65.613516
156: 85.195778 48.942458
157: 85.630684 84.567779
158: 87.648391 31.776479
159: 88.269054 38.059275
160: 88.437190 5.979267
161: 88.485945 48.367114
162: 88.597207 77.757229
163: 89.343446 28.257972
164: 89.487214 43.395558
165: 89.498047 84.241296
166: 90.412840 12.303673
167: 90.808862 9.283292
168: 91.563067 93.795060
169: 91.708791 61.841262
170: 92.109524 5.712216
171: 92.576116 54.364413
172: 92.730097 44.478059
173: 92.741631 58.583452
174: 94.289630 16.216356
175: 94.353302 80.049857
176: 95.673376 32.536178
177: 96.124781 55.677317
178: 96.411176 57.952863
179: 97.573088 76.709206
Edges
(0,12)
(0,18)
(1,6)
(2,3)
(2,21)
(4,12)
(5,12)
(5,19)
(5,20)
(6,7)
(7,8)
(7,11)
(7,21)
(9,11)
(9,21)
(10,13)
(11,15)
(12,14)
(12,20)
(12,30)
(12,32)
(13,32)
(13,39)
(13,148)
(15,23)
(15,34)
(15,36)
(15,44)
(15,52)
(16,20)
(17,39)
(18,20)
(20,21)
(21,22)
(21,23)
(22,23)
(22,27)
(22,29)
(22,33)
(24,45)
(24,64)
(25,148)
(26,29)
(28,29)
(28,31)
(29,38)
(30,33)
(30,64)
(30,68)
(32,64)
(33,41)
(33,44)
(33,50)
(33,51)
(33,58)
(34,46)
(35,42)
(35,51)
(35,68)
(35,79)
(37,38)
(40,44)
(40,50)
(43,51)
(45,99)
(45,146)
(45,148)
(45,157)
(45,165)
(47,67)
(48,53)
(49,53)
(50,65)
(50,66)
(50,69)
(51,56)
(51,57)
(51,58)
(51,60)
(51,94)
(51,174)
(53,63)
(54,56)
(54,60)
(54,63)
(55,59)
(55,67)
(58,66)
(59,79)
(60,87)
(60,102)
(60,149)
(61,65)
(62,63)
(63,70)
(63,147)
(64,67)
(65,74)
(65,76)
(65,78)
(65,83)
(65,90)
(65,110)
(70,71)
(70,79)
(70,95)
(70,106)
(71,105)
(71,106)
(71,147)
(72,79)
(73,132)
(75,99)
(75,119)
(77,79)
(79,100)
(79,114)
(80,114)
(81,90)
(82,100)
(83,88)
(83,122)
(83,132)
(84,106)
(84,123)
(85,100)
(86,88)
(88,117)
(89,93)
(89,101)
(90,91)
(90,132)
(90,145)
(92,100)
(95,98)
(95,106)
(96,122)
(97,132)
(99,131)
(100,133)
(101,102)
(101,147)
(103,135)
(103,174)
(104,114)
(106,123)
(107,111)
(108,123)
(109,118)
(109,147)
(111,133)
(111,144)
(112,120)
(112,124)
(112,128)
(112,129)
(112,141)
(113,118)
(115,130)
(115,174)
(116,118)
(117,132)
(119,131)
(120,121)
(124,139)
(124,157)
(125,128)
(125,141)
(125,143)
(126,135)
(126,145)
(126,152)
(126,160)
(126,167)
(126,174)
(127,147)
(131,168)
(133,137)
(134,140)
(136,153)
(137,143)
(138,140)
(139,155)
(139,161)
(139,162)
(139,169)
(140,153)
(140,171)
(141,153)
(141,156)
(142,152)
(149,158)
(149,159)
(150,164)
(150,171)
(151,161)
(153,154)
(153,156)
(157,162)
(158,159)
(160,170)
(161,169)
(163,164)
(165,173)
(166,167)
(168,173)
(171,172)
(171,174)
(173,177)
(175,177)
(176,177)
(176,179)
(178,179)
