Nodes: 100
Protection radius: 1.000000
Disaster radius: 0.500000
0: 0.130391 30.072998
1: 0.258591 27.410134
2: 0.530062 13.970222
3: 0.730137 19.644945
4: 1.659319 21.929597
5: 1.801308 50.282695
6: 3.175769 18.897576
7: 3.746274 46.490768
8: 4.295003 21.460041
9: 5.286015 7.569866
10: 6.995139 16.527263
11: 7.076481 50.242962
12: 7.276012 1.059509
13: 7.546976 43.624959
14: 7.821755 20.590888
15: 7.913221 5.527153
16: 9.149612 16.116615
17: 10.254170 36.132766
18: 10.531349 45.854851
19: 11.194036 3.460626
20: 12.734024 17.754110
21: 12.941700 10.732778
22: 14.337589 5.259837
23: 14.492008 0.877324
24: 14.809707 42.227406
25: 14.847413 49.043001
26: 15.251250 46.804072
27: 15.586553 12.413532
28: 16.404537 40.178389
29: 16.466235 23.824930
30: 16.498302 0.249907
31: 16.773262 8.685001
32: 16.803510 3.285078
33: 17.415119 11.303628
34: 18.753828 23.352920
35: 19.188303 6.669652
36: 19.941129 32.008522
37: 20.212292 1.444531
38: 21.022849 46.847063
39: 21.229895 39.222919
40: 21.490839 16.460977
41: 21.896230 35.530544
42: 22.588844 18.681240
43: 23.788367 21.401848
44: 23.813710 48.378162
45: 24.591836 34.662754
46: 24.641053 12.191067
47: 24.999929 19.722730
48: 26.383754 25.647914
49: 26.800827 27.612511
50: 26.963504 34.361208
51: 27.065985 3.487060
52: 27.119920 17.983796
53: 28.160755 7.985335
54: 28.208070 24.341239
55: 28.315960 42.467132
56: 28.971715 11.955794
57: 29.414018 50.333264
58: 29.784131 29.074383
59: 29.871360 26.584905
60: 31.517262 0.866516
61: 31.528867 39.841116
62: 32.119546 46.932980
63: 34.171663 12.751986
64: 34.234575 9.969920
65: 34.553912 7.206872
66: 34.713868 20.519536
67: 35.555946 22.924351
68: 35.685072 14.991138
69: 35.722263 2.653920
70: 36.098861 41.913397
71: 36.183708 39.302220
72: 36.308977 18.344751
73: 38.249383 31.867848
74: 38.457110 39.892303
75: 39.656968 42.830738
76: 40.013454 11.203178
77: 40.639052 33.139783
78: 40.963619 30.728542
79: 41.438150 36.598852
80: 42.154747 18.480503
81: 42.182153 5.132469
82: 42.250495 9.481074
83: 42.520486 20.451699
84: 42.753036 12.117251
85: 43.843491 23.907931
86: 44.779519 6.048284
87: 44.844118 18.853752
88: 45.002764 31.787458
89: 45.871378 46.004086
90: 46.711427 41.081061
91: 46.736943 38.429240
92: 47.076287 25.554150
93: 47.901335 21.801925
94: 48.119312 43.038485
95: 48.301542 1.227728
96: 50.264698 50.282445
97: 50.492836 16.523355
98: 51.518920 48.232785
99: 51.719845 21.714851
Edges
(0,1)
(0,7)
(1,3)
(1,14)
(2,3)
(2,6)
(2,9)
(4,6)
(5,11)
(7,11)
(7,13)
(8,14)
(10,14)
(12,30)
(13,18)
(13,24)
(14,17)
(15,21)
(16,21)
(19,22)
(19,23)
(20,27)
(20,29)
(20,34)
(21,27)
(23,30)
(23,32)
(24,38)
(25,26)
(26,38)
(27,33)
(28,38)
(28,39)
(31,33)
(32,35)
(33,40)
(34,43)
(35,37)
(35,46)
(35,53)
(36,45)
(36,49)
(37,60)
(38,44)
(38,55)
(39,41)
(39,45)
(40,46)
(42,43)
(43,54)
(47,52)
(47,54)
(48,54)
(50,58)
(51,53)
(52,56)
(52,63)
(52,66)
(54,67)
(55,57)
(55,62)
(57,89)
(58,59)
(59,67)
(60,95)
(61,62)
(61,70)
(61,73)
(63,76)
(64,76)
(65,76)
(66,72)
(67,73)
(67,78)
(68,80)
(69,81)
(70,71)
(71,74)
(72,83)
(74,75)
(75,90)
(76,81)
(77,88)
(79,90)
(79,91)
(80,87)
(81,86)
(82,86)
(83,87)
(84,97)
(85,93)
(87,97)
(88,99)
(89,96)
(91,98)
(91,99)
(92,93)
(93,97)
(94,98)
