Nodes: 20
Protection radius: 1.000000
Disaster radius: 0.500000
0: 0.412549 14.606140
1: 0.517570 6.807385
2: 0.524491 11.847657
3: 1.789622 3.125429
4: 2.542727 14.972921
5: 2.814765 10.766230
6: 2.965031 0.702523
7: 3.729593 8.020387
8: 4.204699 6.073173
9: 5.288880 0.528504
10: 6.242592 11.525040
11: 7.247013 9.319765
12: 8.101140 3.060297
13: 9.125014 14.046807
14: 10.248661 11.157645
15: 12.816517 14.417298
16: 12.887758 2.450368
17: 13.216599 12.090045
18: 14.560373 8.495000
19: 14.749329 13.741090
Edges
(0,15)
(1,3)
(1,5)
(1,7)
(1,8)
(2,13)
(4,15)
(6,8)
(8,9)
(9,13)
(9,16)
(9,17)
(9,19)
(10,13)
(11,13)
(12,19)
(13,15)
(14,15)
(18,19)
