Nodes: 100
Protection radius: 1.000000
Disaster radius: 0.500000
0: 0.128593 34.772695
1: 2.503295 59.887104
2: 2.617078 9.267048
3: 3.552349 14.630766
4: 3.673628 30.930289
5: 4.208636 22.196554
6: 4.967280 29.357327
7: 5.357857 41.955407
8: 5.766120 10.162286
9: 6.256033 54.408282
10: 6.792235 22.861507
11: 6.802194 37.280514
12: 7.275302 49.975625
13: 9.440667 15.274628
14: 9.825325 19.028387
15: 10.166302 36.656841
16: 10.766577 54.778553
17: 10.841897 23.268102
18: 11.750240 48.311370
19: 12.017117 11.701537
20: 12.247904 16.242860
21: 13.008097 35.435516
22: 13.381426 21.514889
23: 13.458784 24.758337
24: 13.670531 18.173186
25: 14.385522 7.166676
26: 15.029822 9.119438
27: 15.235208 54.065192
28: 16.221949 5.080176
29: 18.276772 42.762567
30: 18.752594 30.907964
31: 18.942141 48.628156
32: 19.623485 17.132412
33: 20.244428 53.236247
34: 20.459393 40.753074
35: 21.636381 7.041975
36: 21.810934 56.054553
37: 21.986736 32.795959
38: 22.467905 3.500498
39: 22.678134 22.731094
40: 23.746887 1.640864
41: 24.947370 48.246915
42: 25.622940 24.851024
43: 25.863200 53.270859
44: 26.230065 28.102133
45: 26.853405 36.778957
46: 27.049882 34.039457
47: 27.738562 55.677834
48: 28.217666 22.985703
49: 28.355234 59.787180
50: 28.831802 57.692556
51: 29.004671 46.419937
52: 29.218329 32.013027
53: 29.742997 4.656851
54: 30.049815 25.336565
55: 30.064609 28.944698
56: 30.745450 44.484913
57: 30.890721 0.604292
58: 31.098266 14.256970
59: 31.998527 22.325624
60: 32.439958 52.716605
61: 32.812247 33.136329
62: 33.347323 48.516272
63: 33.557115 36.106503
64: 34.256201 12.516944
65: 35.849829 44.486610
66: 36.301616 49.976951
67: 36.647093 23.111454
68: 38.439340 13.531335
69: 38.777432 28.218517
70: 39.064019 30.355282
71: 39.658829 10.178405
72: 39.920054 16.811955
73: 40.113796 50.235351
74: 42.746309 48.011851
75: 43.298614 12.350814
76: 44.363841 49.286023
77: 44.383907 7.945365
78: 44.612252 38.578367
79: 44.682708 24.011742
80: 46.621009 5.345850
81: 47.014826 58.488325
82: 48.634030 40.915096
83: 49.764131 33.951633
84: 49.847032 54.733331
85: 50.065155 11.234797
86: 51.068064 36.364935
87: 51.653286 53.495222
88: 51.931468 19.316235
89: 53.094869 55.172220
90: 53.841320 47.227646
91: 54.279689 3.666645
92: 55.383841 16.681235
93: 55.688626 43.370372
94: 56.186449 37.029366
95: 56.217103 29.940226
96: 56.658085 19.963562
97: 58.287941 48.462094
98: 58.535183 50.794548
99: 59.890411 54.907863
Edges
(0,3)
(0,5)
(0,12)
(1,49)
(1,81)
(2,3)
(2,28)
(3,5)
(3,10)
(4,7)
(4,18)
(5,10)
(6,18)
(8,10)
(8,13)
(8,24)
(8,28)
(8,40)
(8,97)
(9,18)
(9,50)
(9,60)
(10,15)
(10,18)
(11,18)
(13,22)
(13,52)
(13,99)
(14,30)
(14,63)
(14,87)
(16,47)
(16,84)
(17,18)
(19,25)
(19,40)
(19,48)
(19,82)
(20,99)
(21,23)
(23,31)
(23,33)
(24,61)
(25,40)
(26,58)
(26,64)
(26,80)
(27,84)
(29,30)
(29,51)
(29,56)
(29,66)
(30,46)
(32,82)
(33,60)
(34,74)
(35,38)
(36,50)
(36,89)
(37,89)
(38,80)
(38,91)
(39,99)
(40,57)
(41,89)
(42,55)
(43,84)
(44,99)
(45,65)
(45,74)
(46,87)
(47,89)
(51,89)
(52,63)
(53,80)
(54,64)
(55,78)
(55,97)
(55,99)
(56,89)
(59,69)
(59,72)
(59,77)
(59,79)
(59,86)
(61,99)
(62,66)
(63,87)
(64,71)
(64,80)
(66,89)
(67,86)
(68,71)
(68,77)
(70,86)
(72,79)
(73,89)
(74,76)
(75,86)
(76,89)
(79,83)
(80,85)
(80,88)
(81,89)
(81,99)
(82,93)
(82,94)
(86,88)
(86,94)
(86,95)
(90,97)
(91,92)
(91,95)
(93,97)
(94,97)
(96,98)
(96,99)
