Nodes: 100
Protection radius: 1.000000
Disaster radius: 0.500000
0: 0.186408 42.120455
1: 1.159600 46.368985
2: 1.293118 54.395377
3: 1.920309 37.032883
4: 2.086777 10.156435
5: 3.524885 38.379307
6: 3.623597 0.913384
7: 4.736519 40.590063
8: 5.515370 51.581608
9: 5.585645 7.846388
10: 5.741997 47.718169
11: 6.637572 32.305569
12: 6.694913 18.575182
13: 6.751935 29.432702
14: 6.927150 54.133949
15: 8.111907 5.669264
16: 8.448518 39.973241
17: 8.859249 29.784753
18: 8.997902 36.031652
19: 9.753425 45.064683
20: 9.852954 47.842279
21: 9.972604 41.425517
22: 11.085554 37.297043
23: 12.163001 7.078013
24: 12.872083 10.582324
25: 13.360570 41.509737
26: 13.756111 3.182957
27: 13.801042 15.595342
28: 14.002283 47.446313
29: 14.833105 23.460221
30: 16.864524 10.666528
31: 17.112051 49.345333
32: 17.755491 41.217530
33: 17.874576 2.006565
34: 17.907779 13.081787
35: 18.458830 34.100478
36: 19.152563 49.670286
37: 19.920478 24.059122
38: 21.261352 3.432368
39: 21.600532 9.271507
40: 22.065049 39.761110
41: 22.723285 37.061760
42: 23.030600 2.312437
43: 23.162589 4.757235
44: 23.446320 50.245846
45: 23.748689 48.167276
46: 24.412018 16.720192
47: 25.262743 51.580083
48: 25.339229 31.611107
49: 25.548956 42.325270
50: 26.567600 17.298459
51: 28.063858 22.261466
52: 28.200159 30.940952
53: 29.421795 18.866209
54: 30.603389 52.871109
55: 30.917670 17.325928
56: 31.388779 3.501341
57: 31.672092 37.198060
58: 32.754027 48.835213
59: 33.009175 56.989093
60: 33.457610 29.507834
61: 34.465788 10.233232
62: 35.029254 39.582499
63: 36.378458 49.947464
64: 37.205087 34.248142
65: 38.182203 25.668999
66: 38.820893 42.522563
67: 38.915474 45.588369
68: 39.164117 36.831642
69: 39.254404 17.830626
70: 39.829882 3.250595
71: 40.412228 20.555196
72: 40.646894 39.969689
73: 40.665632 7.113558
74: 40.808740 26.614740
75: 41.098031 42.358969
76: 41.348777 1.733162
77: 42.054278 5.544316
78: 42.844100 40.221225
79: 43.421574 22.015954
80: 43.603336 35.849431
81: 44.730476 1.093256
82: 45.159057 3.852482
83: 47.310874 16.899520
84: 47.668076 33.732448
85: 48.213065 9.881056
86: 48.345155 27.349520
87: 49.244909 19.961353
88: 49.758749 41.084426
89: 50.784212 28.662726
90: 52.038249 12.813597
91: 52.674864 6.858548
92: 53.801160 15.298227
93: 53.974649 32.077270
94: 54.632036 27.016284
95: 54.849449 6.003093
96: 54.920293 9.870888
97: 55.059337 40.507349
98: 56.163252 35.264424
99: 56.752618 5.295697
Edges
(0,2)
(1,10)
(2,8)
(3,4)
(3,13)
(4,6)
(5,7)
(5,16)
(6,26)
(7,19)
(7,21)
(8,20)
(9,15)
(9,23)
(9,24)
(10,19)
(11,17)
(12,24)
(12,29)
(13,17)
(14,20)
(14,47)
(14,59)
(16,18)
(17,18)
(17,22)
(17,29)
(19,25)
(19,28)
(22,35)
(24,27)
(24,30)
(27,37)
(28,31)
(30,33)
(30,34)
(30,38)
(32,45)
(33,42)
(34,46)
(35,41)
(36,45)
(37,48)
(38,43)
(39,50)
(39,61)
(40,49)
(42,76)
(42,81)
(44,45)
(45,49)
(45,58)
(46,50)
(46,51)
(48,52)
(51,65)
(53,55)
(54,58)
(55,65)
(56,61)
(57,60)
(58,62)
(59,63)
(60,64)
(60,65)
(62,72)
(63,88)
(64,68)
(64,74)
(65,69)
(66,75)
(67,88)
(69,83)
(70,73)
(70,76)
(70,77)
(71,79)
(72,78)
(74,80)
(74,86)
(75,88)
(77,82)
(78,80)
(78,88)
(79,83)
(81,95)
(84,93)
(84,98)
(85,90)
(86,87)
(88,97)
(88,98)
(89,94)
(90,91)
(91,95)
(91,96)
(92,96)
(92,99)
(93,94)
