Nodes: 180
Protection radius: 1.000000
Disaster radius: 0.500000
0: 0.544426 0.433961
1: 0.852616 67.391110
2: 0.894191 90.050792
3: 0.896428 93.728781
4: 1.542706 31.039701
5: 1.620502 28.175562
6: 3.527081 19.996078
7: 3.633040 61.675209
8: 3.809797 53.369278
9: 3.968738 12.652461
10: 4.617960 15.431686
11: 4.939175 80.045550
12: 5.291681 25.890449
13: 6.185924 92.718666
14: 7.689288 69.966748
15: 7.745104 29.601602
16: 8.215770 77.029507
17: 9.027009 51.307749
18: 9.162544 53.741934
19: 9.844922 95.083201
20: 10.468403 28.973951
21: 11.952417 7.905500
22: 12.469954 78.655945
23: 12.571762 58.215223
24: 13.353030 33.003439
25: 13.806388 20.568492
26: 14.676344 63.102305
27: 15.048169 49.709074
28: 15.158310 52.228291
29: 15.505030 72.084714
30: 16.083155 13.877524
31: 16.793633 59.181829
32: 19.355898 81.469039
33: 19.438286 10.443331
34: 20.050518 22.672339
35: 21.291597 52.746460
36: 21.294751 88.843382
37: 21.389927 26.014665
38: 21.415435 34.977764
39: 21.581034 92.630821
40: 22.326554 3.984225
41: 23.012659 10.345930
42: 24.323406 46.167977
43: 24.552717 68.364164
44: 25.385667 84.445581
45: 25.421658 63.092655
46: 27.033885 86.399380
47: 27.605410 42.819385
48: 27.657752 50.966033
49: 27.877738 36.565199
50: 29.722104 26.200565
51: 30.387224 1.397512
52: 31.194219 53.098462
53: 31.304134 11.269088
54: 31.316361 15.424370
55: 32.981493 34.691116
56: 33.007761 83.223518
57: 33.870581 78.366306
58: 34.125148 48.047176
59: 34.613558 70.477413
60: 34.738166 51.717660
61: 34.884236 4.580648
62: 35.371622 82.962792
63: 37.891719 75.307030
64: 37.913146 26.254493
65: 37.974195 95.236816
66: 38.496079 4.016160
67: 38.662614 20.316775
68: 39.342560 13.100814
69: 40.602029 30.509761
70: 41.756841 82.246066
71: 41.784349 6.873445
72: 42.203354 74.740788
73: 43.201282 67.704910
74: 43.240831 19.754176
75: 43.479126 80.927667
76: 43.482179 37.338085
77: 44.642539 44.141158
78: 44.881576 91.526664
79: 45.846126 11.290751
80: 45.952674 30.848361
81: 46.536607 1.260956
82: 48.375485 44.667580
83: 48.458529 34.762028
84: 48.481137 90.174629
85: 48.571344 23.725196
86: 49.817128 69.210572
87: 50.725321 73.812492
88: 51.179004 19.538954
89: 51.309272 76.382991
90: 51.672598 85.706223
91: 51.896612 60.373256
92: 52.202034 0.460230
93: 52.309740 10.381090
94: 52.923542 65.931789
95: 53.011664 37.528436
96: 53.080263 90.933568
97: 53.335290 34.032242
98: 54.708493 15.585457
99: 54.981011 50.933370
100: 55.429244 42.467286
101: 56.340085 31.733533
102: 56.919096 79.539232
103: 58.758741 16.706014
104: 58.830476 54.293447
105: 59.023923 47.955515
106: 60.352580 15.469870
107: 60.721019 43.970701
108: 60.885359 39.253798
109: 60.923006 20.752301
110: 61.314460 51.137807
111: 62.324328 69.753280
112: 62.429589 14.742088
113: 63.424017 43.327054
114: 63.452468 34.068079
115: 64.032217 73.519714
116: 65.578244 10.290283
117: 65.595184 6.196104
118: 66.389906 54.018904
119: 66.562176 58.762235
120: 66.895131 65.956670
121: 68.038196 75.349945
122: 68.293773 40.402566
123: 68.759195 34.669574
124: 69.580709 2.190672
125: 69.628936 26.260239
126: 69.647337 67.919423
127: 69.840899 88.490769
128: 70.066719 64.346480
129: 70.150536 60.727334
130: 70.363627 48.096699
131: 70.410769 93.613693
132: 70.517044 79.915206
133: 71.021562 37.380143
134: 74.649580 13.074310
135: 74.792868 68.041977
136: 75.164594 27.247334
137: 76.203118 87.779834
138: 76.225114 30.696055
139: 76.402607 70.685229
140: 76.495058 0.087619
141: 77.122218 9.438342
142: 77.567989 27.628264
143: 77.659243 95.966012
144: 78.594297 21.556341
145: 80.033568 2.529672
146: 80.698145 95.724202
147: 80.822529 70.645359
148: 81.331081 40.005953
149: 81.443062 66.423894
150: 82.073183 86.634531
151: 82.619209 23.696187
152: 82.623838 88.975055
153: 82.672105 9.225740
154: 82.864350 44.257330
155: 83.435158 52.980686
156: 84.225421 61.063371
157: 85.027896 6.806585
158: 86.262416 66.975701
159: 87.047158 30.964639
160: 87.123771 59.980662
161: 87.416034 49.375328
162: 88.051146 28.774462
163: 88.110324 92.087078
164: 88.457211 70.352214
165: 89.865958 59.662050
166: 90.165157 85.613251
167: 90.505581 6.770004
168: 91.764059 31.604574
169: 91.765673 25.696047
170: 91.771595 18.693109
171: 91.822238 73.292781
172: 92.176360 21.237396
173: 92.351080 58.530348
174: 93.230194 47.573175
175: 94.189010 52.485816
176: 94.296470 60.379242
177: 94.961018 22.483180
178: 95.260773 56.139902
179: 95.411137 50.785055
Edges
(0,6)
(0,7)
(0,21)
(0,61)
(0,140)
(1,2)
(2,3)
(3,7)
(4,5)
(5,7)
(6,8)
(7,12)
(7,97)
(7,101)
(9,18)
(10,17)
(11,13)
(11,29)
(11,39)
(14,45)
(15,21)
(16,82)
(17,18)
(17,28)
(19,143)
(20,27)
(20,30)
(20,37)
(20,47)
(20,50)
(22,32)
(22,43)
(23,35)
(24,47)
(25,85)
(25,159)
(26,31)
(27,76)
(28,42)
(28,101)
(30,33)
(30,74)
(31,45)
(31,60)
(31,82)
(32,39)
(33,40)
(33,79)
(33,88)
(33,125)
(34,50)
(35,58)
(35,77)
(36,39)
(36,101)
(38,64)
(38,69)
(38,80)
(39,46)
(39,65)
(39,78)
(41,61)
(44,59)
(46,63)
(46,72)
(47,83)
(48,58)
(49,55)
(49,101)
(51,103)
(51,159)
(52,82)
(53,79)
(54,74)
(56,96)
(56,163)
(57,63)
(58,82)
(59,72)
(62,90)
(62,127)
(64,159)
(66,81)
(66,117)
(67,74)
(68,109)
(70,86)
(70,101)
(70,114)
(70,127)
(70,137)
(70,163)
(71,93)
(71,106)
(72,73)
(74,85)
(75,89)
(75,94)
(75,132)
(79,142)
(80,138)
(82,97)
(84,143)
(87,132)
(88,136)
(89,102)
(91,160)
(92,117)
(94,115)
(94,120)
(94,166)
(95,101)
(98,103)
(99,101)
(100,101)
(101,123)
(104,110)
(105,113)
(106,116)
(106,124)
(106,140)
(106,145)
(107,138)
(108,114)
(109,142)
(110,113)
(111,120)
(112,134)
(112,141)
(112,168)
(113,119)
(113,138)
(117,124)
(118,122)
(119,122)
(119,133)
(119,160)
(120,128)
(120,147)
(121,163)
(126,147)
(128,129)
(128,149)
(130,155)
(131,163)
(132,152)
(135,147)
(138,155)
(138,168)
(139,147)
(141,144)
(143,163)
(145,162)
(146,163)
(147,158)
(147,160)
(148,160)
(149,156)
(150,163)
(151,162)
(153,170)
(154,161)
(157,170)
(160,161)
(160,165)
(160,173)
(161,174)
(162,170)
(164,166)
(164,179)
(166,171)
(167,172)
(167,179)
(168,175)
(169,170)
(169,179)
(171,178)
(176,179)
(177,179)
