Nodes: 20
Protection radius: 1.000000
Disaster radius: 0.500000
0: 0.169834 0.363502
1: 1.779395 8.000285
2: 2.751277 5.132622
3: 3.961373 2.511430
4: 4.882761 12.661044
5: 5.142547 7.182478
6: 5.620550 9.143458
7: 7.601163 1.038257
8: 7.829235 12.489256
9: 8.330944 10.315357
10: 9.577928 6.378821
11: 9.593914 0.841505
12: 10.181877 9.433752
13: 10.515659 4.393690
14: 10.554694 13.503940
15: 12.664412 0.437307
16: 13.217284 9.763748
17: 13.549586 5.262020
18: 13.872222 12.020307
19: 14.191065 2.508790
Edges
(0,2)
(0,11)
(1,2)
(1,4)
(1,5)
(3,5)
(4,14)
(5,6)
(5,7)
(6,8)
(6,10)
(9,10)
(9,12)
(11,15)
(13,15)
(13,19)
(14,16)
(16,17)
(16,18)
