Nodes: 100
Protection radius: 1.000000
Disaster radius: 0.500000
0: 0.658807 1.235201
1: 0.713665 29.267853
2: 0.817250 31.394998
3: 0.979635 34.537069
4: 1.236260 50.089634
5: 1.667279 45.685678
6: 3.792561 21.219438
7: 4.169195 56.398046
8: 5.667251 19.044688
9: 6.027009 33.662730
10: 6.165069 45.914095
11: 6.718569 26.558256
12: 7.170889 1.714035
13: 7.252071 55.279899
14: 7.611078 57.312934
15: 8.074388 22.546348
16: 8.701621 42.632851
17: 8.823695 14.161396
18: 12.141818 33.551165
19: 12.274483 5.480358
20: 12.758250 2.805238
21: 12.856839 58.519692
22: 13.002065 28.398155
23: 13.820974 39.908446
24: 14.151707 53.561580
25: 15.256942 13.272032
26: 15.563738 11.103644
27: 15.875432 32.720718
28: 16.432928 24.141621
29: 18.065054 47.938449
30: 18.392933 12.857745
31: 18.474370 53.776286
32: 19.173717 17.907448
33: 21.680230 37.282515
34: 21.718777 48.875991
35: 23.467637 56.443258
36: 23.475518 42.469457
37: 24.356230 22.267337
38: 24.667446 10.769641
39: 24.890977 3.380249
40: 25.429618 40.329216
41: 26.258219 27.384736
42: 26.766830 46.088380
43: 26.938654 49.854377
44: 28.399035 24.739238
45: 28.875547 35.961577
46: 29.721231 39.454930
47: 30.202594 4.861869
48: 30.269416 11.053848
49: 30.945635 9.031197
50: 31.980327 48.944024
51: 32.413482 42.490397
52: 33.213317 4.123623
53: 33.273147 30.911704
54: 35.662368 35.468451
55: 35.711233 27.494479
56: 35.803581 15.994584
57: 36.364291 40.024560
58: 36.440424 51.437457
59: 36.802207 24.447272
60: 37.758326 55.985495
61: 38.123135 35.497022
62: 38.273689 46.481229
63: 38.303017 10.738112
64: 39.092957 4.597392
65: 40.803331 30.467908
66: 40.863882 32.589342
67: 41.092543 52.509876
68: 41.255900 49.325663
69: 41.540569 4.681784
70: 41.941966 41.751350
71: 42.982198 12.546836
72: 43.042629 54.160521
73: 43.364253 44.942903
74: 44.415957 47.270414
75: 44.423675 7.522170
76: 44.813685 27.366051
77: 45.502169 32.430619
78: 45.748716 1.429617
79: 46.027727 6.067904
80: 48.109010 46.890891
81: 48.508413 14.353718
82: 48.604927 43.055652
83: 49.065927 49.761198
84: 50.121558 28.780210
85: 50.782547 38.109330
86: 50.936109 45.419673
87: 52.192934 32.530131
88: 53.452608 50.669947
89: 53.745077 13.887601
90: 53.749569 20.298895
91: 54.687026 2.140851
92: 54.960786 6.315972
93: 55.917137 25.256623
94: 56.327684 42.477077
95: 56.687888 8.479557
96: 57.178365 34.030567
97: 57.998437 56.647773
98: 58.810064 30.919032
99: 58.830504 41.904104
Edges
(0,78)
(1,3)
(2,3)
(3,12)
(4,5)
(4,12)
(5,6)
(7,8)
(7,16)
(7,23)
(9,15)
(10,15)
(11,12)
(12,17)
(13,23)
(14,21)
(14,24)
(15,23)
(15,27)
(15,31)
(15,40)
(15,44)
(15,51)
(15,77)
(17,19)
(17,81)
(17,89)
(18,43)
(20,26)
(20,75)
(21,35)
(22,27)
(25,30)
(25,89)
(26,38)
(27,33)
(27,36)
(28,44)
(28,55)
(29,43)
(31,34)
(32,89)
(35,50)
(35,51)
(37,55)
(37,56)
(38,71)
(39,69)
(40,42)
(41,77)
(42,43)
(45,66)
(46,57)
(46,62)
(47,64)
(48,95)
(49,95)
(51,60)
(52,64)
(53,77)
(54,57)
(54,66)
(56,59)
(57,84)
(57,96)
(58,96)
(60,74)
(60,97)
(61,77)
(62,70)
(62,73)
(62,85)
(63,95)
(64,69)
(64,75)
(64,79)
(65,77)
(65,89)
(67,82)
(68,74)
(72,88)
(76,77)
(77,95)
(78,79)
(78,91)
(79,92)
(79,95)
(80,88)
(80,96)
(82,96)
(83,88)
(86,94)
(86,99)
(87,90)
(87,93)
(93,96)
(95,96)
(96,98)
(96,99)
