Nodes: 180
Protection radius: 1.000000
Disaster radius: 0.500000
0: 0.975215 72.308754
1: 1.053369 45.449708
2: 1.359203 1.131706
3: 1.865461 25.544147
4: 2.620493 73.930232
5: 3.488225 14.226749
6: 3.559388 42.374674
7: 3.937949 39.061062
8: 3.997128 87.609839
9: 4.261701 80.638712
10: 4.280836 11.019733
11: 4.606184 53.738614
12: 4.972425 68.319461
13: 5.108178 22.541281
14: 6.527016 48.826945
15: 6.637498 79.195504
16: 6.956770 73.971783
17: 7.214118 61.069238
18: 7.588280 57.236379
19: 9.140022 91.338093
20: 10.956181 60.350771
21: 11.140254 50.223674
22: 13.242533 36.853098
23: 13.341260 55.007285
24: 13.370831 83.635880
25: 13.680706 62.102359
26: 14.573629 17.833592
27: 15.029989 71.042862
28: 15.589510 45.367956
29: 15.641402 91.982740
30: 15.748942 75.270744
31: 15.778161 53.966474
32: 16.025917 37.825837
33: 16.670098 86.835422
34: 17.576670 84.808887
35: 17.652585 23.329174
36: 17.867438 88.868571
37: 17.908476 70.828919
38: 20.014807 72.810323
39: 20.346561 58.448435
40: 20.905326 88.951230
41: 21.506504 26.716692
42: 21.684928 7.316261
43: 22.236327 29.662857
44: 23.039025 2.602203
45: 23.196875 69.334642
46: 23.448410 9.641554
47: 24.855971 68.187820
48: 25.308424 91.907153
49: 25.849878 8.481840
50: 26.748469 14.435716
51: 26.917811 5.374831
52: 27.939764 25.251806
53: 27.955691 81.770185
54: 28.191841 65.160547
55: 29.800150 56.747519
56: 31.099945 86.851139
57: 31.130121 12.894000
58: 31.191188 60.523434
59: 31.350392 71.175922
60: 31.496894 50.264337
61: 32.744884 41.006482
62: 33.206126 74.442453
63: 34.213571 80.193495
64: 34.603239 13.519975
65: 34.993018 83.495645
66: 35.360398 9.385342
67: 35.605261 39.887891
68: 36.040863 5.620905
69: 36.436307 81.982122
70: 36.977803 56.486981
71: 37.141166 90.827647
72: 37.315736 43.717926
73: 38.873611 78.190653
74: 39.120588 44.785249
75: 39.487335 1.226119
76: 39.703607 37.306236
77: 40.384325 24.856821
78: 40.756483 16.682357
79: 41.663264 92.071229
80: 42.180605 36.254674
81: 42.458029 72.418611
82: 42.862717 43.636983
83: 42.871839 53.148326
84: 43.258136 40.297842
85: 43.568622 91.114942
86: 44.115477 76.361914
87: 44.598592 15.003167
88: 45.156159 46.863862
89: 45.221299 19.126275
90: 45.333879 61.351708
91: 45.390158 26.976974
92: 46.134418 37.737956
93: 46.681070 15.203631
94: 46.985994 89.140781
95: 46.999465 82.828479
96: 48.501153 73.597976
97: 50.333830 16.262486
98: 50.351913 65.791421
99: 50.401101 4.907317
100: 52.125538 14.638041
101: 52.315185 55.753973
102: 53.308726 33.497987
103: 53.474971 29.394578
104: 54.033137 15.411517
105: 54.737659 19.424406
106: 54.765987 63.370156
107: 55.233653 66.871079
108: 55.657462 37.535321
109: 56.183010 10.106172
110: 57.116677 59.559097
111: 58.645931 61.842413
112: 58.679965 41.521311
113: 58.791946 49.094705
114: 61.135129 70.756639
115: 61.197803 42.961009
116: 61.350186 83.144121
117: 61.465054 90.423315
118: 61.503623 5.520179
119: 61.666547 60.601094
120: 61.792446 46.986760
121: 62.301783 55.128891
122: 62.682658 85.623902
123: 63.249245 50.193725
124: 63.968614 42.205441
125: 64.405364 91.456221
126: 65.330653 23.725234
127: 65.971675 50.120604
128: 66.132861 14.966570
129: 66.190393 82.442232
130: 67.183644 71.597154
131: 67.634000 86.982322
132: 67.656623 7.227049
133: 67.831460 76.677253
134: 69.405144 62.596839
135: 70.161617 29.844811
136: 71.323824 5.227688
137: 71.690611 62.248033
138: 72.541191 79.342506
139: 73.289999 43.480855
140: 74.241960 26.824977
141: 75.030813 56.410241
142: 75.080495 14.590217
143: 75.707279 32.759245
144: 76.305594 23.542306
145: 77.170153 66.064908
146: 77.651724 62.015983
147: 78.825664 13.986843
148: 78.913415 57.354773
149: 79.218280 41.596572
150: 79.479207 33.072687
151: 79.657762 51.493575
152: 79.774729 21.839605
153: 79.936549 24.140776
154: 80.455306 3.488240
155: 81.172304 81.850184
156: 81.742961 77.415489
157: 81.770418 46.997045
158: 81.899703 56.341693
159: 82.501109 59.339656
160: 82.503283 7.749926
161: 82.730102 20.871216
162: 83.146980 26.112688
163: 83.565484 89.472501
164: 85.643882 31.635366
165: 85.736271 90.297003
166: 85.759627 22.495496
167: 85.769635 5.065708
168: 85.989128 60.998044
169: 86.658767 80.243818
170: 86.945430 48.851455
171: 87.000152 15.590890
172: 87.445736 66.062951
173: 87.591410 83.658874
174: 88.667391 21.430925
175: 89.849797 37.721739
176: 90.094691 72.572181
177: 90.851590 47.679704
178: 90.885922 85.371317
179: 91.196518 20.715318
Edges
(0,4)
(0,8)
(0,9)
(0,11)
(0,12)
(1,2)
(1,6)
(1,14)
(2,3)
(2,5)
(2,10)
(2,42)
(2,75)
(3,7)
(4,16)
(5,26)
(6,7)
(6,14)
(6,22)
(7,22)
(8,24)
(9,15)
(10,42)
(11,12)
(12,25)
(13,35)
(14,21)
(15,24)
(15,30)
(16,27)
(16,30)
(17,20)
(17,25)
(18,20)
(18,23)
(19,33)
(20,23)
(20,25)
(21,28)
(22,28)
(22,43)
(23,31)
(23,39)
(24,34)
(25,37)
(25,39)
(27,30)
(27,37)
(28,31)
(28,61)
(29,33)
(29,36)
(29,48)
(30,34)
(31,39)
(32,43)
(33,34)
(34,40)
(35,43)
(38,53)
(39,45)
(40,48)
(41,43)
(42,44)
(43,52)
(44,75)
(45,59)
(46,49)
(47,59)
(48,53)
(48,71)
(49,57)
(50,57)
(51,66)
(52,61)
(52,67)
(52,77)
(53,56)
(53,59)
(54,55)
(54,58)
(55,58)
(55,70)
(56,71)
(57,64)
(57,66)
(59,62)
(60,61)
(60,70)
(60,72)
(61,72)
(62,73)
(62,81)
(63,65)
(64,77)
(65,69)
(65,71)
(66,87)
(68,75)
(70,83)
(71,79)
(72,74)
(73,95)
(74,82)
(74,84)
(74,88)
(75,87)
(75,118)
(75,154)
(76,80)
(76,84)
(77,89)
(77,91)
(78,87)
(79,85)
(79,125)
(80,84)
(80,92)
(81,86)
(81,98)
(83,90)
(83,101)
(84,92)
(87,93)
(88,113)
(89,91)
(89,97)
(90,101)
(91,92)
(91,102)
(91,103)
(92,102)
(92,108)
(93,100)
(94,117)
(95,96)
(95,116)
(96,107)
(96,114)
(96,116)
(98,106)
(99,109)
(101,110)
(102,103)
(102,108)
(103,105)
(103,126)
(103,135)
(104,109)
(106,107)
(106,111)
(107,111)
(108,112)
(109,118)
(109,128)
(111,114)
(111,119)
(112,124)
(113,120)
(113,121)
(113,123)
(114,116)
(114,119)
(114,133)
(114,134)
(115,120)
(115,124)
(116,117)
(116,122)
(117,125)
(118,128)
(118,132)
(119,121)
(119,134)
(120,123)
(121,123)
(121,127)
(121,134)
(121,141)
(122,131)
(124,127)
(124,135)
(124,139)
(125,163)
(125,165)
(126,128)
(126,135)
(126,140)
(126,144)
(127,139)
(128,132)
(128,142)
(128,144)
(129,133)
(129,138)
(130,133)
(130,134)
(130,137)
(131,155)
(135,139)
(135,143)
(136,147)
(139,141)
(139,143)
(139,157)
(140,143)
(140,144)
(140,150)
(141,148)
(142,152)
(143,150)
(145,146)
(146,159)
(146,168)
(147,152)
(147,161)
(148,151)
(148,159)
(149,157)
(150,162)
(150,175)
(153,162)
(155,156)
(155,173)
(156,169)
(156,176)
(157,170)
(158,159)
(158,168)
(159,168)
(160,167)
(161,166)
(162,166)
(164,166)
(164,179)
(165,178)
(166,171)
(167,179)
(168,170)
(169,176)
(169,178)
(171,174)
(172,176)
(174,179)
(176,177)
(176,178)
(177,178)
(177,179)
