Nodes: 140
Protection radius: 1.000000
Disaster radius: 0.500000
0: 0.024544 22.409583
1: 0.152253 11.919847
2: 0.220658 25.679013
3: 0.416210 5.154480
4: 1.283287 39.006935
5: 1.986816 7.600462
6: 2.216605 25.201535
7: 2.348319 13.472976
8: 3.174983 31.775034
9: 3.373709 45.850186
10: 4.618432 53.362217
11: 4.826782 69.057373
12: 5.786725 49.636019
13: 6.006436 42.646675
14: 6.206405 38.737907
15: 7.164555 62.407993
16: 7.451067 59.274820
17: 7.888296 67.704576
18: 8.249730 40.197360
19: 8.400027 52.160092
20: 9.009238 23.220112
21: 10.151809 29.586777
22: 10.196657 8.363753
23: 10.763751 69.401473
24: 11.177400 25.179721
25: 11.424273 15.823098
26: 12.159924 52.143164
27: 12.192891 62.583965
28: 12.535163 66.897888
29: 13.366481 22.274764
30: 13.495590 20.121229
31: 14.387626 16.467139
32: 15.528639 68.740064
33: 16.654962 26.529348
34: 16.742471 57.846464
35: 17.499350 53.853621
36: 17.645879 7.484062
37: 17.966937 65.770175
38: 19.914054 4.335134
39: 20.077292 25.318373
40: 20.102873 66.576929
41: 20.562944 58.871858
42: 21.073438 12.235700
43: 21.739640 30.229101
44: 21.887341 45.932898
45: 22.198304 73.237953
46: 24.837330 9.216959
47: 24.929765 52.921921
48: 25.296285 15.680892
49: 25.303210 20.587487
50: 25.615883 49.488259
51: 26.124968 56.542225
52: 27.169612 8.274273
53: 27.545118 28.592160
54: 27.560508 64.301313
55: 28.114837 35.601081
56: 28.861761 69.888384
57: 28.885360 73.175703
58: 29.146256 41.892917
59: 29.467054 13.068158
60: 29.795755 7.254365
61: 29.997696 67.522359
62: 31.314836 50.986164
63: 31.440926 3.610153
64: 32.163007 30.086600
65: 32.780183 72.528051
66: 33.755853 20.841505
67: 34.908337 49.293747
68: 35.289956 61.847985
69: 35.438189 44.390400
70: 35.505130 31.527145
71: 35.523463 67.684671
72: 35.818539 57.056808
73: 35.976438 16.042637
74: 37.085009 47.051748
75: 37.100855 72.720034
76: 37.148821 3.994929
77: 37.896660 17.478098
78: 38.198855 56.691374
79: 39.016421 45.203817
80: 40.281818 60.517613
81: 40.715618 37.571438
82: 40.884844 28.750208
83: 41.324416 48.434060
84: 41.351576 67.846618
85: 41.721650 58.342620
86: 42.757915 25.982150
87: 43.178041 10.082331
88: 43.501867 34.061358
89: 44.192989 45.828551
90: 44.274835 53.550254
91: 44.535667 71.356509
92: 44.692097 40.341063
93: 45.665522 8.179060
94: 46.757358 56.342617
95: 47.170032 40.259993
96: 47.254830 15.694301
97: 47.534334 23.287763
98: 48.461393 46.287215
99: 48.718221 7.691955
100: 48.931822 54.393636
101: 49.609132 73.952257
102: 50.185320 68.607772
103: 50.566670 13.130677
104: 51.902123 48.261217
105: 52.614909 42.896702
106: 53.098412 6.011528
107: 54.905151 43.937944
108: 55.125385 49.911089
109: 55.938447 52.163130
110: 56.015230 58.173393
111: 56.126015 36.197097
112: 56.563178 42.157621
113: 57.060543 17.309173
114: 57.757184 65.065382
115: 57.836424 39.714863
116: 58.056493 72.483992
117: 58.294877 51.456197
118: 60.071292 71.288358
119: 60.122755 68.208121
120: 61.303999 21.031092
121: 61.398632 17.330782
122: 62.606943 56.965367
123: 63.086144 2.576230
124: 64.057566 10.229726
125: 64.083965 49.385026
126: 64.628447 60.734474
127: 64.692193 55.330056
128: 65.617922 40.695062
129: 66.007485 22.274305
130: 66.321646 13.164216
131: 66.680931 70.840863
132: 66.938492 6.697796
133: 67.893253 39.850964
134: 69.840501 20.483610
135: 69.919994 44.825491
136: 70.219862 8.140198
137: 70.485077 34.039355
138: 70.746229 25.324799
139: 73.004635 39.935762
Edges
(0,1)
(0,2)
(0,20)
(2,4)
(2,6)
(2,8)
(3,22)
(4,9)
(4,13)
(5,7)
(6,20)
(7,22)
(8,14)
(9,12)
(9,13)
(10,11)
(10,12)
(10,15)
(10,19)
(11,23)
(11,45)
(12,19)
(14,18)
(14,21)
(15,16)
(15,27)
(16,26)
(16,34)
(17,27)
(18,21)
(18,26)
(20,21)
(20,24)
(20,25)
(20,30)
(21,24)
(21,43)
(22,31)
(22,38)
(23,32)
(24,29)
(24,33)
(25,31)
(28,32)
(28,37)
(29,33)
(30,39)
(31,39)
(32,40)
(32,45)
(34,35)
(36,38)
(36,42)
(36,46)
(37,40)
(38,46)
(38,63)
(39,53)
(40,41)
(41,47)
(41,51)
(43,44)
(44,50)
(44,55)
(45,56)
(45,57)
(45,101)
(46,48)
(46,52)
(48,59)
(49,66)
(51,68)
(52,59)
(52,60)
(52,63)
(54,56)
(54,68)
(55,58)
(55,64)
(57,65)
(57,75)
(57,101)
(58,69)
(58,70)
(59,66)
(59,73)
(60,73)
(60,76)
(61,65)
(61,68)
(62,67)
(62,69)
(62,72)
(63,123)
(64,66)
(65,71)
(66,82)
(67,69)
(67,72)
(67,74)
(67,78)
(68,71)
(68,80)
(68,84)
(69,79)
(69,81)
(70,82)
(70,88)
(72,78)
(73,76)
(73,77)
(73,87)
(74,79)
(75,101)
(76,87)
(76,106)
(77,86)
(77,96)
(77,97)
(78,80)
(78,90)
(80,84)
(81,92)
(82,86)
(82,88)
(83,90)
(84,91)
(84,102)
(85,90)
(87,93)
(88,111)
(89,90)
(89,92)
(89,95)
(89,98)
(90,94)
(90,98)
(92,95)
(93,99)
(93,103)
(94,100)
(94,102)
(95,98)
(95,105)
(95,111)
(96,113)
(97,111)
(97,113)
(97,120)
(99,103)
(100,110)
(101,116)
(103,106)
(104,105)
(104,108)
(105,111)
(106,113)
(107,112)
(109,110)
(111,115)
(111,120)
(111,128)
(111,129)
(112,117)
(112,125)
(113,120)
(113,124)
(114,116)
(114,126)
(117,122)
(117,125)
(117,127)
(118,119)
(119,131)
(121,129)
(123,124)
(123,132)
(127,135)
(128,133)
(128,135)
(129,130)
(129,134)
(129,137)
(130,132)
(131,135)
(131,139)
(134,136)
(134,138)
(135,139)
(136,138)
(136,139)
(137,139)
