Nodes: 180
Protection radius: 1.000000
Disaster radius: 0.500000
0: 2.225274 95.145749
1: 2.237742 35.739215
2: 3.157201 63.057410
3: 4.107323 91.292358
4: 4.226502 29.719990
5: 6.747124 40.095571
6: 6.823974 7.283949
7: 7.635060 46.773889
8: 7.862093 53.193489
9: 8.360148 36.428065
10: 8.839300 11.406199
11: 8.868744 85.470483
12: 9.830333 47.059089
13: 10.021472 31.705762
14: 10.208153 50.889443
15: 11.754535 49.483338
16: 11.868014 53.619690
17: 12.412957 59.721736
18: 12.574091 17.096565
19: 13.065156 88.297366
20: 15.471531 54.328464
21: 15.520943 17.745177
22: 15.697301 89.443017
23: 15.904020 69.361591
24: 15.939031 7.773679
25: 16.721473 75.302658
26: 17.365122 30.519697
27: 17.376282 4.720102
28: 17.794747 67.505768
29: 17.940354 40.479251
30: 18.108819 64.163090
31: 20.432931 49.846764
32: 20.834231 57.736577
33: 21.213097 44.650896
34: 22.650996 99.108053
35: 23.737739 54.454590
36: 24.680576 77.567866
37: 26.034675 80.929973
38: 26.615992 91.628658
39: 27.152831 8.580144
40: 27.424358 45.302142
41: 27.536308 11.673966
42: 27.700772 51.456693
43: 28.862485 69.356023
44: 29.429555 87.079120
45: 30.296377 60.021979
46: 30.650552 64.611891
47: 31.202877 42.888920
48: 32.159441 12.820084
49: 32.160461 98.893368
50: 33.370787 70.974722
51: 33.962395 59.258974
52: 34.098173 64.331253
53: 34.305975 73.994148
54: 34.442743 9.446436
55: 35.718348 38.095338
56: 35.832859 80.850458
57: 35.877286 12.503832
58: 36.064946 70.352814
59: 36.254519 48.055960
60: 36.334034 89.896876
61: 36.952836 27.458885
62: 37.300226 54.260058
63: 38.645449 97.105879
64: 39.272609 51.546477
65: 39.299041 94.222126
66: 39.678463 37.291648
67: 40.429931 71.361191
68: 40.500041 75.587047
69: 41.090930 40.201519
70: 41.436054 46.122083
71: 41.834707 67.468960
72: 43.254383 3.370087
73: 43.893363 76.033180
74: 43.948638 81.494173
75: 44.094502 94.915191
76: 45.480085 16.018160
77: 45.757597 42.066628
78: 45.939017 80.280534
79: 45.948238 76.178182
80: 45.974559 6.775730
81: 47.609022 45.504766
82: 48.539445 25.629686
83: 48.565816 74.478309
84: 49.185032 76.563395
85: 49.227141 51.566434
86: 50.143507 96.788788
87: 50.143976 100.242466
88: 51.514342 70.524037
89: 52.139547 95.431373
90: 52.231959 49.869906
91: 52.606108 20.000901
92: 52.746047 16.809690
93: 53.082920 98.661693
94: 54.984626 31.767862
95: 55.142947 59.641719
96: 55.459498 56.404061
97: 55.477491 98.517640
98: 56.296435 68.162132
99: 56.358856 54.319385
100: 56.672354 12.052794
101: 58.314505 99.426700
102: 59.525690 8.418401
103: 59.800091 36.357956
104: 59.801984 80.475955
105: 60.335880 71.357074
106: 60.975606 73.637503
107: 61.178613 87.488711
108: 61.393369 3.767500
109: 62.105979 47.688958
110: 62.382880 78.236431
111: 62.513067 29.756565
112: 62.521891 38.737309
113: 63.016082 68.440756
114: 63.208549 12.259214
115: 63.389705 45.731188
116: 63.700063 75.801024
117: 64.412052 69.942386
118: 64.834549 91.354777
119: 64.946438 35.745732
120: 65.941023 79.470057
121: 67.192053 17.843010
122: 67.444977 83.641480
123: 67.871212 72.853772
124: 68.343524 64.963005
125: 68.868003 48.579158
126: 68.938156 5.012553
127: 69.655156 99.515189
128: 69.997145 12.743609
129: 70.100027 27.854859
130: 71.640244 41.605187
131: 71.786530 72.588553
132: 72.464946 32.184619
133: 73.261097 78.340729
134: 75.906537 67.060415
135: 76.249453 26.576445
136: 76.718760 70.628814
137: 76.934393 7.928289
138: 76.956337 52.673138
139: 77.004150 84.219481
140: 78.509107 72.760838
141: 79.937218 4.071976
142: 80.418032 71.795274
143: 80.449297 68.670727
144: 80.527998 10.200400
145: 80.535903 42.282945
146: 80.769879 25.228061
147: 80.944588 96.995010
148: 81.153024 94.299515
149: 81.243981 50.729307
150: 81.667957 60.885684
151: 83.084973 17.706395
152: 83.688220 58.438010
153: 83.826526 71.190441
154: 84.641347 96.478526
155: 84.799409 36.681935
156: 84.817548 0.255369
157: 84.881534 23.604493
158: 88.367047 16.527716
159: 89.248144 90.966060
160: 89.684857 71.317193
161: 89.943286 62.201558
162: 90.034313 65.807858
163: 90.796313 5.347491
164: 90.911338 33.532725
165: 91.320818 67.452393
166: 92.152851 7.067546
167: 93.464593 33.806119
168: 93.971647 100.830866
169: 94.219472 19.001039
170: 95.260117 27.807045
171: 95.313042 52.845465
172: 95.926269 32.610917
173: 97.262333 38.229283
174: 98.083407 100.672132
175: 99.222223 25.622560
176: 99.822729 97.992968
177: 100.043198 33.266278
178: 100.423613 100.780004
179: 100.729099 35.557197
Edges
(0,1)
(0,3)
(0,22)
(1,5)
(2,3)
(2,7)
(2,11)
(2,17)
(2,23)
(2,25)
(3,11)
(3,19)
(4,13)
(5,7)
(5,9)
(5,12)
(6,10)
(6,24)
(7,12)
(7,14)
(8,17)
(9,13)
(11,25)
(12,14)
(12,15)
(13,18)
(13,21)
(14,15)
(15,20)
(15,31)
(15,33)
(16,17)
(22,34)
(22,38)
(24,27)
(25,28)
(26,47)
(26,55)
(27,39)
(27,156)
(29,33)
(29,47)
(30,32)
(30,43)
(30,46)
(31,33)
(31,42)
(32,45)
(33,40)
(34,38)
(34,49)
(34,87)
(35,45)
(36,37)
(36,53)
(39,41)
(39,54)
(40,59)
(42,45)
(42,51)
(42,59)
(44,56)
(45,46)
(47,55)
(48,54)
(48,57)
(49,65)
(49,87)
(50,52)
(50,53)
(51,62)
(51,71)
(52,71)
(53,56)
(54,72)
(55,59)
(55,69)
(56,74)
(58,67)
(59,62)
(59,69)
(60,65)
(61,66)
(63,65)
(63,87)
(64,85)
(65,75)
(66,77)
(67,73)
(68,74)
(69,70)
(70,77)
(70,81)
(70,85)
(71,83)
(71,85)
(71,95)
(72,108)
(73,74)
(73,78)
(74,75)
(74,78)
(75,89)
(76,82)
(76,91)
(77,94)
(78,107)
(79,83)
(80,92)
(80,102)
(80,108)
(81,85)
(82,94)
(84,106)
(85,90)
(85,95)
(85,96)
(86,87)
(86,93)
(87,101)
(87,127)
(87,168)
(88,95)
(88,98)
(88,106)
(89,97)
(89,107)
(91,92)
(91,94)
(91,114)
(91,121)
(92,100)
(92,114)
(94,103)
(94,111)
(95,96)
(96,124)
(97,107)
(98,113)
(99,109)
(99,125)
(104,106)
(104,120)
(105,117)
(106,110)
(106,116)
(107,118)
(109,112)
(111,121)
(112,130)
(115,130)
(117,124)
(118,122)
(118,148)
(119,129)
(119,132)
(120,122)
(121,135)
(122,133)
(123,133)
(124,125)
(124,131)
(124,138)
(125,138)
(126,141)
(127,148)
(128,144)
(129,132)
(131,133)
(131,134)
(131,136)
(132,135)
(133,139)
(135,146)
(135,155)
(136,140)
(136,143)
(137,144)
(138,145)
(138,150)
(138,152)
(139,140)
(139,160)
(141,144)
(141,163)
(142,143)
(142,153)
(143,153)
(146,151)
(147,148)
(147,168)
(148,154)
(149,152)
(154,159)
(155,157)
(155,164)
(156,163)
(158,166)
(158,169)
(160,165)
(161,162)
(161,171)
(163,166)
(164,170)
(165,171)
(166,175)
(167,170)
(167,172)
(168,174)
(171,176)
(173,179)
(175,177)
(176,178)
(176,179)
