Nodes: 20
Protection radius: 1.000000
Disaster radius: 0.500000
0: 0.050713 3.678257
1: 0.187555 13.198824
2: 1.629202 8.286545
3: 1.917980 14.233364
4: 2.462993 5.306930
5: 3.800513 0.297186
6: 4.038800 13.179183
7: 4.077416 2.281587
8: 4.548310 7.214104
9: 5.594391 8.986104
10: 7.508993 13.630782
11: 9.246070 5.832491
12: 9.825151 12.689222
13: 9.944444 8.423298
14: 10.773939 4.236955
15: 12.249052 14.027777
16: 12.341063 11.586409
17: 13.795011 2.372151
18: 14.384817 11.603831
19: 14.818595 7.034133
Edges
(0,1)
(0,2)
(1,2)
(2,6)
(2,9)
(3,6)
(4,7)
(5,7)
(5,17)
(7,8)
(9,11)
(9,12)
(9,13)
(10,15)
(11,14)
(12,16)
(13,16)
(13,19)
(14,17)
(15,18)
(16,18)
(16,19)
