Nodes: 100
Protection radius: 1.000000
Disaster radius: 0.500000
0: 0.124848 46.023851
1: 0.258553 27.301302
2: 0.533029 12.780424
3: 0.783561 22.041100
4: 1.637883 7.386427
5: 1.933685 48.654544
6: 2.020093 19.314385
7: 2.459503 2.632266
8: 4.545859 23.794618
9: 7.092233 45.326355
10: 7.713857 54.542955
11: 7.842918 12.661822
12: 8.037695 25.193381
13: 8.676187 7.174319
14: 9.148682 23.225718
15: 10.328872 54.786863
16: 11.686153 12.808040
17: 12.117613 41.809623
18: 13.657507 38.372909
19: 13.670177 8.298542
20: 14.143129 19.426854
21: 14.436118 42.727464
22: 15.118431 33.746937
23: 15.218267 25.079268
24: 16.374766 21.451508
25: 17.275494 37.810463
26: 18.497683 11.625477
27: 18.676402 48.529851
28: 19.520440 19.295587
29: 19.953445 1.077965
30: 20.282607 42.513328
31: 20.957155 39.012965
32: 21.435698 55.068933
33: 21.799553 17.257238
34: 23.555498 7.732003
35: 23.886236 14.819357
36: 24.954420 0.046497
37: 25.270024 23.134292
38: 25.709242 36.352478
39: 25.777015 39.203867
40: 26.503411 52.922680
41: 27.530221 9.808109
42: 27.875797 49.136561
43: 28.886785 54.078298
44: 29.773104 52.139848
45: 30.065278 23.424367
46: 30.131537 56.353798
47: 30.759538 28.656967
48: 31.172036 9.952648
49: 31.821743 15.866330
50: 32.515301 38.029365
51: 32.714665 1.845347
52: 33.335982 35.998003
53: 33.561102 45.038988
54: 33.886443 7.696606
55: 34.093444 32.869248
56: 34.246211 17.152020
57: 34.714595 1.289760
58: 36.054440 48.011751
59: 36.110461 36.345946
60: 36.566199 20.357732
61: 36.710055 2.713919
62: 36.856206 15.901133
63: 37.932914 33.940114
64: 38.465076 11.275697
65: 38.493940 55.575187
66: 38.807689 25.768635
67: 39.505863 30.162669
68: 40.495069 42.859314
69: 40.921255 52.174033
70: 41.026062 28.411514
71: 41.636720 2.996698
72: 41.917680 32.770220
73: 43.438353 21.011819
74: 44.102154 24.339059
75: 44.413999 50.597134
76: 44.696587 34.094131
77: 45.153095 30.689303
78: 45.369828 47.148160
79: 46.070349 36.175422
80: 46.328748 26.161664
81: 47.628175 55.004935
82: 47.946540 18.493313
83: 48.226125 52.846278
84: 49.041042 20.450792
85: 49.252331 33.485705
86: 49.532440 44.891535
87: 50.335666 7.505640
88: 50.452614 56.219766
89: 50.472286 13.435651
90: 50.915211 25.118412
91: 51.165303 51.965592
92: 51.359614 1.681121
93: 53.388387 53.293300
94: 54.353320 8.323274
95: 54.928985 32.640812
96: 55.759420 22.803405
97: 56.256006 54.918022
98: 56.289111 9.119718
99: 56.575975 17.755849
Edges
(0,9)
(1,2)
(1,9)
(2,3)
(3,6)
(4,11)
(5,9)
(6,11)
(7,13)
(7,36)
(8,12)
(8,14)
(9,10)
(9,15)
(9,17)
(11,13)
(12,18)
(13,16)
(13,29)
(14,20)
(14,23)
(16,19)
(20,26)
(20,28)
(21,27)
(22,25)
(24,28)
(25,30)
(25,31)
(27,42)
(28,33)
(28,37)
(30,39)
(30,42)
(32,46)
(34,35)
(34,41)
(36,41)
(36,51)
(37,47)
(38,55)
(39,50)
(40,42)
(41,49)
(43,46)
(44,53)
(45,47)
(45,56)
(46,65)
(46,88)
(47,66)
(48,64)
(49,56)
(50,59)
(51,57)
(51,61)
(52,55)
(52,59)
(53,68)
(54,61)
(54,64)
(55,66)
(57,92)
(58,68)
(59,68)
(60,62)
(62,64)
(63,67)
(64,82)
(65,81)
(66,70)
(67,70)
(68,76)
(68,79)
(69,75)
(69,78)
(70,74)
(70,80)
(71,92)
(72,76)
(73,82)
(77,80)
(78,83)
(79,86)
(80,84)
(80,85)
(80,90)
(82,89)
(83,88)
(84,96)
(86,91)
(86,93)
(86,97)
(87,92)
(87,94)
(88,97)
(89,98)
(90,95)
(96,99)
