Nodes: 60
Protection radius: 1.000000
Disaster radius: 0.500000
0: 0.552926 13.610273
1: 0.677980 21.737920
2: 1.315095 0.396684
3: 2.464718 23.515383
4: 3.956322 32.468561
5: 4.019661 24.976617
6: 4.043212 0.352076
7: 4.938781 4.982930
8: 5.570726 17.438190
9: 5.917732 6.743539
10: 6.121352 14.938892
11: 6.622748 19.967217
12: 6.855191 23.400324
13: 7.279451 35.146342
14: 7.697548 10.356032
15: 8.553533 29.936472
16: 9.590612 31.780631
17: 9.615898 13.167207
18: 9.935602 0.786775
19: 11.107368 4.850391
20: 12.107126 19.095746
21: 12.392916 32.760373
22: 13.184387 8.981593
23: 14.389094 25.002721
24: 14.400675 11.578837
25: 14.433341 14.051730
26: 14.855380 21.362425
27: 15.147192 30.561580
28: 15.725131 19.307893
29: 15.865093 8.319662
30: 16.058629 3.563776
31: 17.143762 0.934803
32: 17.613155 25.834385
33: 18.560285 30.158472
34: 20.000870 35.891205
35: 20.078567 18.608463
36: 20.531592 1.296235
37: 20.757248 14.953600
38: 21.653005 21.714456
39: 21.666070 32.491082
40: 22.869318 19.102119
41: 24.413681 3.481528
42: 24.449796 29.669178
43: 24.506731 23.478156
44: 24.884598 7.380694
45: 25.189110 18.219349
46: 25.292550 11.412254
47: 26.461297 30.020522
48: 29.212270 28.605630
49: 29.315913 13.037542
50: 29.540433 7.689802
51: 30.215278 26.623619
52: 31.253158 18.372395
53: 31.847994 8.201457
54: 32.293952 25.289111
55: 32.438575 35.458165
56: 33.462101 5.577991
57: 33.764796 18.680787
58: 35.045991 22.082543
59: 35.992254 7.257123
Edges
(0,2)
(1,4)
(1,21)
(2,8)
(2,10)
(2,23)
(2,24)
(2,25)
(2,51)
(3,15)
(4,15)
(4,16)
(4,55)
(5,21)
(6,18)
(6,22)
(6,30)
(6,54)
(7,9)
(9,32)
(9,38)
(10,21)
(11,21)
(12,21)
(13,55)
(14,33)
(17,26)
(17,33)
(19,29)
(19,37)
(20,23)
(23,33)
(24,54)
(25,35)
(27,33)
(28,38)
(30,31)
(30,58)
(31,49)
(32,43)
(33,48)
(34,55)
(35,38)
(36,41)
(37,45)
(37,58)
(39,42)
(40,51)
(41,44)
(42,47)
(42,55)
(44,56)
(46,52)
(50,52)
(52,57)
(52,58)
(53,58)
(56,58)
(56,59)
