Nodes: 100
Protection radius: 1.000000
Disaster radius: 0.500000
0: 1.431840 8.757953
1: 1.751434 22.330198
2: 1.775192 5.726986
3: 2.046965 43.300136
4: 2.310446 49.746957
5: 2.544384 30.659237
6: 3.447294 3.035840
7: 3.776793 13.826960
8: 4.162271 35.492570
9: 4.201681 7.510620
10: 6.684058 42.790735
11: 7.416460 39.539357
12: 7.744918 0.253154
13: 7.820421 31.715416
14: 10.131771 18.731088
15: 10.172303 21.076775
16: 12.006722 0.977001
17: 12.320601 21.026826
18: 13.683929 50.469439
19: 13.847832 34.885409
20: 14.186116 38.076815
21: 15.279009 40.672952
22: 15.646140 27.260374
23: 15.844620 48.880782
24: 16.718230 20.990201
25: 17.498968 53.016444
26: 17.747424 32.179573
27: 18.339128 43.661991
28: 18.383165 5.486182
29: 18.634040 36.352138
30: 19.313142 23.028713
31: 19.372287 47.861542
32: 19.456008 15.594187
33: 19.558361 39.024692
34: 19.571505 0.168622
35: 20.058262 42.606713
36: 20.507004 33.809404
37: 21.306454 4.380608
38: 22.069330 8.709037
39: 22.413112 44.302512
40: 22.747741 19.466267
41: 23.123864 35.885453
42: 23.149217 22.219325
43: 23.439805 40.464733
44: 23.871200 53.568512
45: 24.666096 49.268457
46: 24.989371 23.391059
47: 25.195798 29.444912
48: 25.263762 20.727009
49: 25.510588 8.605394
50: 26.104354 32.563510
51: 27.513528 26.740804
52: 27.526903 13.099631
53: 29.620595 39.900448
54: 30.268703 6.044321
55: 30.658034 30.474700
56: 30.784012 46.589023
57: 31.683772 33.084182
58: 32.084785 10.003681
59: 33.455646 16.221277
60: 33.751208 22.102745
61: 35.381827 38.720285
62: 35.491276 35.101578
63: 36.560181 21.712544
64: 37.729771 55.889719
65: 37.853483 50.854151
66: 38.154287 37.037055
67: 39.080094 12.164131
68: 39.299728 21.348239
69: 39.536389 44.337487
70: 39.974991 38.397389
71: 40.289328 29.126841
72: 40.359247 25.021670
73: 40.594802 19.566289
74: 41.535550 32.790741
75: 41.759801 47.608910
76: 41.818711 3.822158
77: 42.457424 40.339265
78: 42.739371 27.736939
79: 43.092946 5.466573
80: 43.722606 31.181408
81: 43.892593 53.626555
82: 44.569493 50.741211
83: 45.721257 41.564636
84: 46.369909 4.624367
85: 46.419771 49.926640
86: 46.587523 53.643839
87: 46.776535 23.658975
88: 47.566024 30.555257
89: 47.782645 7.305754
90: 48.592626 21.374492
91: 49.027121 15.439306
92: 51.585680 18.941089
93: 52.221900 22.324574
94: 52.442425 16.336447
95: 52.476361 11.162411
96: 52.885456 54.410355
97: 54.735364 43.591389
98: 55.183896 30.045678
99: 55.690199 47.408448
Edges
(0,1)
(0,2)
(0,7)
(1,3)
(1,7)
(1,13)
(1,15)
(2,9)
(3,5)
(3,8)
(4,10)
(5,8)
(6,12)
(7,14)
(9,14)
(9,28)
(10,18)
(10,21)
(11,19)
(11,21)
(12,16)
(12,34)
(13,15)
(13,22)
(14,17)
(14,24)
(14,28)
(16,34)
(17,22)
(19,20)
(20,21)
(20,29)
(21,23)
(21,27)
(22,24)
(22,26)
(22,30)
(23,25)
(23,27)
(24,32)
(26,36)
(26,47)
(27,33)
(28,34)
(28,37)
(28,38)
(29,33)
(30,40)
(30,42)
(30,47)
(31,39)
(32,40)
(32,52)
(33,35)
(33,41)
(34,37)
(34,54)
(34,76)
(35,43)
(36,41)
(36,47)
(37,38)
(38,49)
(38,52)
(39,56)
(40,42)
(41,50)
(44,45)
(44,56)
(46,47)
(46,48)
(46,60)
(47,55)
(48,52)
(48,59)
(48,60)
(49,58)
(50,53)
(50,55)
(51,60)
(52,58)
(53,56)
(53,61)
(54,58)
(54,76)
(55,71)
(56,69)
(57,61)
(58,59)
(58,76)
(59,63)
(59,67)
(60,63)
(60,71)
(61,62)
(61,70)
(62,66)
(62,74)
(63,73)
(64,86)
(65,69)
(65,75)
(65,82)
(66,70)
(67,76)
(67,79)
(67,89)
(68,73)
(69,70)
(69,83)
(70,74)
(71,80)
(72,73)
(73,87)
(75,83)
(77,83)
(78,80)
(78,87)
(79,84)
(79,89)
(81,82)
(84,95)
(85,86)
(85,97)
(87,88)
(87,90)
(87,93)
(88,93)
(88,97)
(89,91)
(90,92)
(91,92)
(91,94)
(96,99)
(97,98)
(97,99)
