Nodes: 100
Protection radius: 1.000000
Disaster radius: 0.500000
0: 0.075567 11.535458
1: 0.227826 50.839096
2: 1.011778 20.436615
3: 1.141875 36.421375
4: 1.267721 26.503019
5: 1.843350 57.830206
6: 2.409779 4.506135
7: 3.503899 34.761501
8: 3.766857 51.711942
9: 3.814494 27.629807
10: 4.981243 42.110641
11: 4.994159 6.094253
12: 5.589161 17.077570
13: 6.616227 29.463272
14: 7.042376 51.742181
15: 7.650710 53.951352
16: 7.690207 19.084101
17: 8.211066 12.110216
18: 8.279710 34.929640
19: 8.673560 22.486646
20: 9.114078 39.630007
21: 9.250724 2.592490
22: 9.820363 10.430990
23: 9.845424 14.231635
24: 10.163304 33.718750
25: 12.284367 55.947864
26: 12.580772 47.810248
27: 12.694866 25.991179
28: 13.282318 3.533572
29: 14.003809 21.587931
30: 14.427027 31.912058
31: 14.702706 45.903672
32: 14.877945 36.806595
33: 15.454673 49.732041
34: 16.342295 38.705260
35: 16.606688 25.734782
36: 16.925764 32.250928
37: 17.123095 41.336795
38: 17.178904 5.866630
39: 17.829459 57.943920
40: 19.008534 44.270228
41: 19.972262 57.533652
42: 20.142716 37.935959
43: 20.200355 12.630624
44: 20.434509 22.281301
45: 20.719516 0.071909
46: 21.967925 20.291867
47: 22.066635 49.131916
48: 22.430565 25.437598
49: 23.534138 17.516776
50: 24.169877 48.422745
51: 24.580503 54.370571
52: 26.061965 40.201939
53: 26.434398 12.726212
54: 28.526886 36.352677
55: 30.593286 9.876443
56: 30.987911 40.939910
57: 31.922229 54.058271
58: 34.071277 52.177977
59: 35.408686 14.864169
60: 35.868588 0.655666
61: 36.038939 49.315917
62: 36.094001 24.899020
63: 37.009236 28.703015
64: 37.832896 41.067958
65: 38.547547 24.750297
66: 39.349240 5.487607
67: 39.674586 13.687796
68: 39.954054 29.314433
69: 40.820825 40.833082
70: 41.477498 36.251717
71: 41.729902 2.375250
72: 43.209122 44.305067
73: 43.493893 17.461790
74: 43.893897 7.972914
75: 44.261113 51.307157
76: 44.473482 36.187439
77: 45.253398 4.922250
78: 45.857854 37.955994
79: 46.268855 26.230081
80: 46.860081 51.893205
81: 47.460946 42.865075
82: 47.718899 6.386710
83: 48.904090 10.664802
84: 49.911108 39.882145
85: 50.136859 51.089709
86: 50.421199 24.249003
87: 50.469976 17.354073
88: 50.554888 36.429090
89: 50.584313 3.082654
90: 51.926355 32.270710
91: 52.260631 28.222908
92: 52.548871 12.720179
93: 54.295004 40.390897
94: 54.902477 26.434623
95: 55.271540 47.942545
96: 55.544514 1.478126
97: 55.805686 52.163689
98: 56.688332 17.873628
99: 57.025246 28.636926
Edges
(0,7)
(1,2)
(1,26)
(1,31)
(1,32)
(1,37)
(1,52)
(1,63)
(2,3)
(2,4)
(4,10)
(5,15)
(5,25)
(5,41)
(5,97)
(6,7)
(7,10)
(7,12)
(7,21)
(8,14)
(8,26)
(8,33)
(8,47)
(8,51)
(8,80)
(9,11)
(10,16)
(10,17)
(10,18)
(10,19)
(11,21)
(13,19)
(14,80)
(17,35)
(19,24)
(19,27)
(19,29)
(20,30)
(20,32)
(20,44)
(21,45)
(22,38)
(22,44)
(22,45)
(22,55)
(22,96)
(23,35)
(25,57)
(26,47)
(26,61)
(27,29)
(28,45)
(29,35)
(30,36)
(30,46)
(31,50)
(31,52)
(32,36)
(34,36)
(34,48)
(37,70)
(39,97)
(40,56)
(40,70)
(42,73)
(43,59)
(43,73)
(44,49)
(45,60)
(45,71)
(47,75)
(48,49)
(48,73)
(50,95)
(51,57)
(53,66)
(53,67)
(53,89)
(54,63)
(56,72)
(58,80)
(59,73)
(62,63)
(62,68)
(62,76)
(62,95)
(64,69)
(64,70)
(64,78)
(64,81)
(64,95)
(65,73)
(65,84)
(65,95)
(73,84)
(74,84)
(75,80)
(75,95)
(77,89)
(79,84)
(80,95)
(82,86)
(82,87)
(82,92)
(83,92)
(84,90)
(84,91)
(84,92)
(85,95)
(88,92)
(89,92)
(92,95)
(93,95)
(94,98)
(95,97)
(95,99)
(96,98)
