Nodes: 100
Protection radius: 1.000000
Disaster radius: 0.500000
0: 0.212386 34.550217
1: 2.045935 48.688689
2: 2.122466 15.648068
3: 2.723489 27.182520
4: 3.311305 0.109111
5: 5.278963 53.765943
6: 5.440261 17.424395
7: 6.098181 3.902242
8: 6.138113 56.706954
9: 6.615867 14.613703
10: 7.067866 7.900301
11: 7.166869 43.584917
12: 7.846048 2.340323
13: 8.975630 32.366482
14: 9.054254 25.151025
15: 10.328324 16.238546
16: 11.493942 49.263067
17: 12.107984 57.289646
18: 13.795091 35.550140
19: 14.503453 5.763094
20: 14.525497 14.975358
21: 15.366758 52.902843
22: 15.902343 2.720354
23: 17.534930 48.448414
24: 17.990239 25.290270
25: 18.044684 8.145136
26: 18.650103 1.345097
27: 19.187503 58.974442
28: 19.336250 34.098402
29: 19.695806 37.096443
30: 20.616872 54.342465
31: 21.640168 46.256432
32: 21.640212 24.091682
33: 21.731556 9.621668
34: 22.234124 33.279333
35: 23.694628 46.337539
36: 24.024035 41.806928
37: 24.093913 2.752724
38: 24.098080 29.780760
39: 25.084352 44.799915
40: 25.750616 37.879512
41: 26.568279 28.973591
42: 27.263237 24.905539
43: 27.622855 39.504146
44: 27.625893 21.516669
45: 27.774186 45.928751
46: 30.312013 33.152334
47: 30.811646 1.153953
48: 31.053363 38.975280
49: 32.132289 49.550336
50: 32.349635 57.658869
51: 32.986196 29.145470
52: 33.091705 12.738839
53: 33.713350 35.561405
54: 34.018729 43.165580
55: 34.247227 39.696120
56: 34.315150 11.042367
57: 34.327691 8.992716
58: 34.795996 45.269181
59: 35.928109 50.607502
60: 36.214257 55.080202
61: 36.732531 28.110326
62: 37.211100 10.378640
63: 38.661802 23.625202
64: 38.808328 42.561297
65: 39.172023 35.635939
66: 39.179362 31.265749
67: 39.519243 55.473570
68: 39.700156 44.875856
69: 40.320377 12.647496
70: 40.984204 52.359833
71: 41.103482 38.676264
72: 41.157594 32.493692
73: 41.350183 5.863985
74: 41.615291 2.775775
75: 41.704288 41.544839
76: 42.416474 19.467535
77: 42.802057 7.821677
78: 43.453178 45.598185
79: 43.885162 6.118484
80: 44.294288 33.760968
81: 44.448806 50.149570
82: 45.056795 58.372699
83: 45.314021 0.664117
84: 46.497940 33.879104
85: 48.649596 32.944343
86: 51.182217 53.449292
87: 51.720008 22.419295
88: 51.768897 32.982594
89: 52.010683 48.036114
90: 52.211281 45.601524
91: 52.493215 18.029883
92: 53.565936 58.409063
93: 53.617531 4.148984
94: 54.675718 8.712864
95: 54.931785 12.927303
96: 56.817686 6.685670
97: 57.517508 23.805228
98: 57.697116 38.640130
99: 58.400409 51.432501
Edges
(0,1)
(1,2)
(1,4)
(1,22)
(1,39)
(1,54)
(1,98)
(3,6)
(3,14)
(4,6)
(5,8)
(5,31)
(6,7)
(6,10)
(9,10)
(11,13)
(11,20)
(11,40)
(12,14)
(12,15)
(14,19)
(16,31)
(17,21)
(17,39)
(18,28)
(20,25)
(20,28)
(21,31)
(22,26)
(22,74)
(22,83)
(23,31)
(24,33)
(25,52)
(25,74)
(25,94)
(27,30)
(29,32)
(30,45)
(32,41)
(33,46)
(34,48)
(35,45)
(36,48)
(36,55)
(37,74)
(38,48)
(39,45)
(39,58)
(39,68)
(39,78)
(41,48)
(42,46)
(43,48)
(44,52)
(46,57)
(47,83)
(48,62)
(49,50)
(50,58)
(50,82)
(51,56)
(52,57)
(53,65)
(53,72)
(55,65)
(55,80)
(56,62)
(59,60)
(59,81)
(60,70)
(61,84)
(61,87)
(62,94)
(63,69)
(64,78)
(66,72)
(67,81)
(67,89)
(67,90)
(69,94)
(71,84)
(72,84)
(73,77)
(75,78)
(76,87)
(76,95)
(77,79)
(77,93)
(78,81)
(85,87)
(86,89)
(88,91)
(88,97)
(90,92)
(90,99)
(91,95)
(93,96)
(95,96)
