Nodes: 180
Protection radius: 1.000000
Disaster radius: 0.500000
0: 0.603485 18.329402
1: 1.043524 56.173149
2: 1.475621 23.514494
3: 1.910955 11.572345
4: 2.375777 65.890055
5: 2.696415 52.911658
6: 3.404441 8.089769
7: 3.431144 26.827071
8: 3.477203 49.701584
9: 3.809002 75.330412
10: 4.018645 43.620429
11: 4.087371 29.814148
12: 5.854984 89.245890
13: 6.231833 46.806411
14: 7.291833 22.702643
15: 7.684479 90.113271
16: 7.722904 30.454677
17: 8.266380 43.737048
18: 8.540565 65.747741
19: 9.124736 27.043505
20: 9.646098 4.235635
21: 9.854536 77.843958
22: 9.883021 11.525191
23: 10.694268 69.077867
24: 11.507462 74.801217
25: 12.383682 71.308853
26: 12.515990 86.649425
27: 13.445893 34.278339
28: 13.535806 20.879658
29: 14.025988 59.819325
30: 14.805126 12.965832
31: 14.850397 31.901045
32: 15.009023 22.238217
33: 15.825401 39.069675
34: 15.888919 4.165776
35: 16.100547 0.524120
36: 16.126226 57.624622
37: 16.774916 51.715770
38: 16.872433 24.398391
39: 19.120199 35.540825
40: 19.758468 73.028311
41: 20.060133 91.083749
42: 20.807481 38.885217
43: 20.904908 16.937931
44: 21.488960 0.698528
45: 21.656333 35.657878
46: 21.684453 20.784786
47: 21.870891 28.126937
48: 22.127713 71.045980
49: 22.906340 86.764778
50: 23.927208 68.099928
51: 24.042758 46.679861
52: 24.289395 38.066671
53: 25.610213 13.722914
54: 26.938278 24.923553
55: 27.007573 48.861479
56: 27.083041 9.722371
57: 27.661319 30.159041
58: 27.817922 15.490594
59: 28.152946 44.731806
60: 28.522778 11.811630
61: 28.577851 82.211162
62: 29.957890 61.901704
63: 30.816636 65.180429
64: 31.435468 0.240518
65: 31.659752 13.560806
66: 32.286206 17.818440
67: 32.510325 50.422508
68: 32.751976 27.628825
69: 32.851525 76.144200
70: 33.633757 90.323844
71: 35.052684 54.266592
72: 35.172399 16.292731
73: 35.204049 61.240183
74: 36.328596 32.862557
75: 36.432544 6.719189
76: 36.887716 63.091948
77: 39.006841 66.064778
78: 39.011844 32.030105
79: 39.365992 89.013209
80: 39.445095 53.035968
81: 41.088090 42.614287
82: 41.361271 27.153469
83: 42.477648 85.357940
84: 43.726023 72.464762
85: 43.774248 37.809893
86: 43.815556 57.232145
87: 44.423465 1.196948
88: 44.581753 16.385613
89: 45.430335 9.501524
90: 45.945270 18.855480
91: 46.930354 16.923096
92: 46.965795 49.641905
93: 47.514784 27.332863
94: 47.842277 70.396764
95: 47.876708 2.732616
96: 47.906768 80.549158
97: 48.402514 20.244245
98: 48.946886 25.503128
99: 49.128936 40.948160
100: 49.191004 33.791870
101: 49.621523 16.537394
102: 50.097856 7.833194
103: 50.297433 72.302585
104: 51.615974 0.123065
105: 51.717757 5.683206
106: 52.211010 23.495543
107: 52.355637 72.297026
108: 54.535730 48.213079
109: 54.551383 19.435643
110: 54.682694 11.407477
111: 54.937619 23.591032
112: 55.032624 4.281999
113: 55.565200 50.126014
114: 55.631974 73.847887
115: 56.056973 62.984488
116: 56.181757 88.197713
117: 56.413667 80.417149
118: 56.487573 9.896206
119: 57.152812 33.364833
120: 57.429863 27.581084
121: 59.101726 82.250888
122: 59.103459 71.695495
123: 60.060077 88.073419
124: 61.001427 14.044585
125: 62.452694 40.993407
126: 63.333001 70.126163
127: 63.471745 2.265861
128: 63.879570 6.108768
129: 64.521711 80.055746
130: 64.931230 84.431307
131: 65.463661 8.131207
132: 66.733669 14.979720
133: 67.413472 11.760127
134: 68.001263 61.135258
135: 68.376004 86.560881
136: 68.494739 88.628364
137: 69.734898 40.522974
138: 70.653229 56.887112
139: 70.786262 35.682321
140: 70.803986 60.364110
141: 70.915322 6.795327
142: 71.128530 64.340221
143: 71.281285 44.001550
144: 71.861277 69.365668
145: 72.612152 80.767684
146: 74.012724 20.964839
147: 75.000124 15.913305
148: 75.049567 23.241054
149: 75.227949 6.100856
150: 75.991942 65.340596
151: 78.173381 42.884861
152: 80.680957 15.233597
153: 81.302572 61.406159
154: 81.333852 0.495239
155: 81.591700 69.788016
156: 81.880737 34.186482
157: 82.602172 76.217643
158: 82.620418 20.520161
159: 82.998052 27.750873
160: 83.447836 45.055420
161: 83.869371 84.674208
162: 83.974138 4.393895
163: 83.979923 89.408002
164: 84.582925 74.224641
165: 84.769339 22.061412
166: 85.014049 48.852523
167: 85.105883 65.377485
168: 85.183384 46.533814
169: 86.000963 8.106149
170: 86.595402 35.607915
171: 87.048137 73.748005
172: 87.695070 47.157167
173: 88.686238 68.285561
174: 89.157032 38.448992
175: 89.413925 7.706380
176: 89.862653 31.338946
177: 90.003344 83.863616
178: 91.093948 71.557543
179: 91.735281 26.911869
Edges
(0,1)
(0,2)
(0,3)
(0,4)
(0,6)
(0,7)
(4,5)
(4,41)
(5,8)
(5,11)
(6,7)
(6,22)
(7,14)
(7,22)
(9,26)
(9,41)
(10,18)
(11,18)
(11,30)
(12,15)
(12,26)
(12,41)
(13,19)
(13,24)
(13,30)
(16,30)
(17,23)
(17,27)
(17,30)
(17,36)
(17,40)
(17,119)
(17,143)
(20,43)
(20,46)
(21,41)
(23,25)
(25,29)
(28,32)
(28,38)
(30,38)
(31,47)
(31,60)
(33,39)
(33,52)
(33,66)
(33,74)
(34,43)
(35,64)
(36,37)
(36,59)
(37,51)
(38,46)
(39,45)
(41,48)
(41,70)
(41,107)
(41,136)
(42,119)
(43,46)
(44,46)
(45,57)
(45,82)
(45,93)
(45,111)
(46,53)
(46,64)
(47,58)
(47,65)
(48,49)
(48,55)
(48,59)
(50,59)
(50,62)
(52,74)
(54,66)
(55,59)
(56,65)
(56,75)
(57,68)
(59,73)
(59,108)
(60,65)
(61,86)
(61,103)
(62,73)
(62,76)
(63,76)
(64,110)
(64,124)
(64,146)
(64,148)
(66,68)
(67,86)
(67,108)
(68,72)
(68,75)
(69,84)
(70,79)
(70,123)
(71,76)
(74,93)
(75,82)
(76,86)
(77,84)
(78,100)
(78,120)
(79,96)
(79,107)
(79,116)
(79,123)
(80,92)
(81,85)
(83,107)
(84,86)
(85,170)
(87,95)
(88,89)
(88,90)
(88,98)
(89,90)
(89,91)
(89,148)
(89,159)
(89,170)
(90,98)
(90,101)
(92,113)
(94,151)
(95,102)
(95,104)
(95,179)
(96,123)
(97,98)
(97,106)
(99,125)
(99,143)
(101,111)
(102,105)
(102,124)
(104,128)
(104,147)
(104,158)
(104,179)
(105,176)
(105,179)
(107,115)
(109,111)
(110,146)
(111,120)
(112,179)
(113,174)
(114,122)
(116,123)
(117,129)
(117,134)
(117,142)
(117,174)
(118,124)
(119,156)
(121,129)
(121,135)
(121,177)
(122,134)
(122,151)
(123,136)
(126,138)
(126,151)
(127,154)
(128,131)
(128,165)
(129,142)
(129,144)
(129,174)
(130,161)
(132,179)
(133,179)
(134,151)
(136,161)
(137,170)
(138,140)
(139,156)
(141,149)
(141,152)
(143,170)
(144,145)
(144,150)
(145,168)
(146,148)
(146,176)
(150,168)
(152,154)
(153,155)
(153,168)
(154,165)
(154,175)
(155,168)
(157,168)
(160,174)
(162,165)
(162,169)
(163,177)
(164,167)
(164,177)
(166,167)
(166,168)
(167,172)
(167,174)
(168,172)
(171,174)
(173,178)
(174,178)
(174,179)
