Nodes: 100
Protection radius: 1.000000
Disaster radius: 0.500000
0: 0.662126 20.054551
1: 0.751723 25.965462
2: 0.871480 9.339114
3: 0.887311 23.453543
4: 1.017716 15.739331
5: 1.061484 2.284645
6: 1.857181 35.492985
7: 2.777252 22.777679
8: 3.197949 19.109629
9: 3.550870 9.821090
10: 3.687022 47.945623
11: 3.958260 29.877692
12: 3.970109 41.317897
13: 4.338945 45.878479
14: 4.775453 38.662123
15: 6.075630 26.534976
16: 7.835912 44.591124
17: 8.900672 26.337297
18: 9.009362 9.323765
19: 9.940556 12.390485
20: 9.966501 17.775399
21: 9.980443 21.252087
22: 10.270665 41.781027
23: 10.283602 32.787572
24: 11.229361 38.887628
25: 11.362722 4.486058
26: 11.817640 9.577029
27: 12.402979 28.314446
28: 12.865330 42.651401
29: 13.033998 18.119513
30: 13.327784 25.027920
31: 13.817139 36.546251
32: 13.877008 22.324829
33: 14.044036 13.194136
34: 14.261131 10.209357
35: 14.753527 26.844867
36: 14.773221 39.319252
37: 15.033114 45.218330
38: 16.251375 18.410377
39: 16.516612 22.665661
40: 16.973690 14.610215
41: 17.277299 25.152046
42: 17.421999 44.543332
43: 17.805208 6.430285
44: 18.423943 46.723864
45: 18.918272 2.785420
46: 20.281140 44.653708
47: 20.298957 18.187861
48: 20.384593 32.719552
49: 20.529347 20.251108
50: 21.913937 14.504100
51: 22.261296 46.667164
52: 22.763972 23.831368
53: 23.895898 2.130391
54: 24.688983 10.200391
55: 24.780756 43.001150
56: 25.769178 26.102747
57: 26.005157 47.546917
58: 26.116013 2.470387
59: 26.278062 31.626546
60: 28.168216 16.687186
61: 28.311513 43.921221
62: 28.740018 11.406621
63: 29.114315 27.745973
64: 29.168682 0.462512
65: 29.378696 33.315139
66: 29.722086 41.973841
67: 30.451499 6.223942
68: 31.466813 40.031922
69: 32.522269 46.887325
70: 32.558357 19.036584
71: 32.629504 2.824519
72: 33.402520 22.217883
73: 33.502881 8.719802
74: 34.367034 6.366382
75: 35.752306 42.790643
76: 36.605058 11.682444
77: 36.757363 15.727482
78: 37.466518 35.805758
79: 37.910400 6.592895
80: 38.409124 39.137426
81: 39.107664 23.825455
82: 39.190827 20.096463
83: 40.008973 1.369771
84: 40.328648 14.199264
85: 41.118901 4.634432
86: 42.013316 6.856031
87: 42.462558 0.341512
88: 42.770193 27.281293
89: 43.407480 3.616748
90: 43.663151 42.675536
91: 44.142416 17.434938
92: 44.654489 32.576646
93: 44.747674 23.352929
94: 45.638408 3.779555
95: 46.025784 21.356078
96: 46.310689 0.392027
97: 46.673723 36.599613
98: 46.837709 40.087106
99: 47.929726 45.409800
Edges
(0,3)
(0,4)
(1,7)
(1,11)
(2,5)
(4,19)
(5,18)
(6,11)
(6,12)
(6,14)
(6,23)
(7,8)
(8,19)
(8,20)
(8,21)
(9,18)
(10,16)
(11,15)
(11,17)
(11,23)
(12,13)
(12,14)
(12,16)
(16,22)
(16,28)
(17,27)
(18,19)
(18,25)
(19,26)
(22,24)
(23,24)
(23,27)
(23,31)
(24,28)
(26,34)
(27,30)
(27,35)
(28,37)
(29,33)
(30,32)
(30,39)
(31,48)
(33,40)
(35,48)
(36,48)
(37,42)
(38,39)
(38,40)
(38,49)
(39,41)
(40,50)
(42,44)
(43,45)
(44,46)
(44,57)
(45,64)
(46,55)
(47,49)
(47,50)
(48,52)
(48,55)
(48,56)
(49,52)
(50,54)
(51,55)
(52,56)
(52,60)
(53,58)
(54,60)
(55,57)
(56,59)
(56,63)
(57,69)
(58,64)
(58,67)
(59,63)
(59,65)
(61,69)
(62,67)
(63,78)
(63,81)
(65,66)
(67,73)
(67,74)
(68,78)
(69,75)
(70,77)
(71,74)
(71,83)
(72,82)
(74,79)
(75,90)
(76,77)
(76,86)
(77,84)
(78,92)
(79,83)
(79,86)
(80,90)
(81,93)
(82,84)
(82,93)
(82,95)
(84,86)
(84,91)
(85,89)
(86,89)
(86,91)
(87,89)
(88,93)
(89,94)
(92,93)
(92,95)
(95,96)
(95,97)
(97,98)
(97,99)
(98,99)
