Nodes: 100
Protection radius: 1.000000
Disaster radius: 0.500000
0: 0.023740 30.466548
1: 0.509880 40.044478
2: 2.398054 0.296844
3: 2.421220 8.082517
4: 2.668420 34.257959
5: 2.994715 52.434568
6: 3.287989 37.509715
7: 4.506415 17.810824
8: 4.974078 13.158495
9: 5.514002 48.846709
10: 6.360883 40.979330
11: 6.579548 0.301520
12: 7.710587 50.838743
13: 7.714985 53.841731
14: 7.795606 26.350883
15: 8.689057 17.337445
16: 8.833518 42.309836
17: 10.029937 12.642497
18: 10.438881 19.761328
19: 10.490075 23.030030
20: 12.556186 27.397538
21: 13.062058 10.835146
22: 13.224898 36.893246
23: 14.510237 0.314070
24: 15.258031 6.282704
25: 15.345422 50.223522
26: 16.827565 13.979262
27: 17.652555 41.432882
28: 18.357238 33.163119
29: 19.380186 20.578773
30: 19.627503 44.683364
31: 19.898931 0.298518
32: 20.552410 37.221900
33: 21.298267 18.211923
34: 21.777491 9.931187
35: 22.030443 12.751167
36: 22.094535 39.518761
37: 22.723160 46.429930
38: 22.942124 35.777744
39: 23.979103 48.399566
40: 24.867606 26.152844
41: 26.139708 52.731024
42: 26.293863 47.006775
43: 26.321362 16.799764
44: 26.375938 29.660453
45: 26.454364 2.333206
46: 26.897966 22.996453
47: 27.488291 35.291519
48: 28.193079 5.286039
49: 28.201092 39.369545
50: 28.565801 41.633849
51: 28.909977 10.390269
52: 29.517520 48.059012
53: 29.900020 7.649641
54: 30.286333 31.288337
55: 30.515471 49.863397
56: 30.762444 52.171931
57: 30.765065 24.570762
58: 31.382917 46.278151
59: 31.707898 12.863878
60: 32.535637 2.099536
61: 33.454804 33.854453
62: 34.318520 27.000532
63: 34.538073 43.719732
64: 35.410491 10.095299
65: 35.944282 17.656085
66: 36.113587 14.384256
67: 36.484834 44.588231
68: 37.155014 4.441071
69: 37.492303 21.686280
70: 38.465186 6.914011
71: 38.531266 24.468906
72: 39.555107 34.004450
73: 39.709286 30.869513
74: 40.603960 5.357015
75: 41.849196 19.119270
76: 42.008318 23.171284
77: 42.884776 35.886767
78: 43.845518 0.065344
79: 44.028008 22.915492
80: 44.429962 42.084638
81: 44.574751 52.214996
82: 44.682733 6.292894
83: 44.854829 28.143170
84: 45.609461 33.964684
85: 45.637792 45.853647
86: 46.603483 40.316270
87: 46.746070 12.221400
88: 48.686812 33.416392
89: 49.282807 48.223423
90: 49.338568 44.199820
91: 49.585817 53.408340
92: 50.819204 31.447154
93: 51.302130 19.922670
94: 52.065131 4.480362
95: 52.831738 12.876031
96: 53.144982 40.250190
97: 53.580439 33.739604
98: 53.693010 28.835193
99: 53.936164 2.319947
Edges
(0,1)
(0,2)
(0,7)
(1,5)
(1,9)
(2,3)
(2,11)
(2,78)
(3,8)
(3,11)
(3,17)
(4,6)
(4,14)
(5,9)
(5,12)
(7,15)
(7,18)
(7,19)
(9,10)
(9,12)
(10,16)
(10,22)
(11,78)
(13,41)
(14,22)
(15,17)
(15,26)
(16,27)
(17,26)
(18,19)
(20,40)
(21,24)
(21,26)
(22,28)
(23,24)
(23,31)
(24,26)
(25,30)
(25,39)
(26,33)
(28,44)
(29,40)
(29,46)
(30,36)
(30,37)
(31,34)
(31,45)
(32,36)
(34,48)
(35,51)
(36,38)
(36,49)
(36,50)
(37,39)
(37,42)
(38,44)
(39,41)
(40,46)
(40,57)
(41,91)
(42,50)
(42,52)
(43,46)
(43,51)
(43,59)
(44,54)
(45,60)
(47,49)
(47,61)
(49,63)
(51,53)
(51,59)
(52,58)
(53,68)
(55,56)
(56,81)
(56,91)
(57,65)
(58,63)
(59,64)
(59,66)
(62,69)
(63,72)
(64,68)
(65,69)
(66,70)
(66,87)
(67,72)
(67,80)
(67,85)
(68,78)
(69,71)
(69,75)
(70,82)
(72,73)
(74,78)
(75,76)
(75,93)
(77,84)
(77,86)
(78,99)
(79,83)
(81,89)
(81,91)
(83,98)
(84,88)
(85,89)
(86,88)
(87,94)
(88,97)
(89,91)
(89,96)
(90,96)
(91,96)
(92,98)
(93,95)
(96,97)
(98,99)
