Nodes: 60
Protection radius: 1.000000
Disaster radius: 0.500000
0: 0.224050 11.120255
1: 0.750508 35.326094
2: 2.209072 22.548423
3: 2.479151 1.376997
4: 2.613788 11.550766
5: 3.221723 27.327499
6: 3.655904 16.441744
7: 4.083947 5.431679
8: 4.653786 22.123218
9: 5.377639 34.681495
10: 6.284315 18.816606
11: 6.287007 5.734214
12: 6.957803 1.851040
13: 8.283048 15.118282
14: 10.082668 13.703745
15: 10.385240 32.093129
16: 10.532168 26.991682
17: 10.613980 6.620845
18: 13.504107 6.734712
19: 13.514376 2.415308
20: 14.032140 15.241674
21: 14.890607 12.864390
22: 15.034221 34.746048
23: 17.276526 20.326426
24: 18.178734 30.326493
25: 18.598604 13.648861
26: 18.659048 3.063559
27: 19.026297 10.896836
28: 19.121261 34.145106
29: 19.420233 8.503241
30: 19.653860 26.875077
31: 20.163402 37.967149
32: 20.649355 19.704555
33: 21.431593 0.891610
34: 22.337896 8.299510
35: 24.039486 20.401893
36: 24.213880 35.842003
37: 24.717081 29.273071
38: 24.833686 7.456948
39: 26.097506 26.285371
40: 26.136107 10.565019
41: 26.669048 17.756317
42: 26.698448 22.328609
43: 26.905534 6.005000
44: 27.260702 35.359004
45: 28.401201 27.753226
46: 28.790447 14.075920
47: 29.041779 21.839074
48: 29.604266 35.543750
49: 30.386285 30.011403
50: 30.527574 17.533680
51: 32.464804 6.974409
52: 33.470127 21.177614
53: 33.879375 17.730956
54: 34.946229 15.460307
55: 35.146900 37.430300
56: 35.487273 8.317263
57: 35.494923 11.543988
58: 36.730019 29.312236
59: 37.407655 25.779830
Edges
(0,3)
(1,2)
(1,30)
(2,3)
(2,5)
(2,39)
(2,45)
(3,6)
(3,12)
(4,8)
(6,7)
(7,10)
(7,13)
(7,38)
(7,46)
(7,51)
(8,59)
(9,15)
(9,31)
(9,48)
(10,23)
(10,35)
(11,46)
(14,20)
(14,21)
(14,59)
(16,30)
(17,40)
(18,38)
(19,43)
(21,50)
(22,48)
(24,28)
(25,27)
(26,33)
(27,46)
(28,30)
(29,38)
(30,37)
(30,49)
(32,35)
(33,43)
(34,40)
(35,42)
(36,48)
(37,44)
(37,48)
(38,40)
(41,47)
(43,51)
(47,52)
(47,57)
(47,59)
(48,55)
(48,58)
(50,51)
(51,56)
(53,59)
(54,57)
