Nodes: 20
Protection radius: 1.000000
Disaster radius: 0.500000
0: 0.040809 1.382972
1: 0.503093 7.913771
2: 1.812019 2.965872
3: 2.930035 13.401933
4: 4.352487 9.557251
5: 4.373462 1.980333
6: 4.920699 7.625766
7: 4.955006 5.483559
8: 5.075717 14.823010
9: 5.212043 11.661215
10: 6.663216 9.307493
11: 7.376658 11.750840
12: 9.719755 8.622542
13: 9.729701 12.586276
14: 12.371932 8.414502
15: 13.102059 5.272999
16: 13.361124 14.120121
17: 13.528136 0.329883
18: 13.592410 2.974672
19: 14.321570 10.594003
Edges
(0,5)
(1,3)
(1,8)
(1,9)
(1,11)
(2,4)
(2,11)
(5,10)
(5,13)
(5,15)
(6,7)
(6,11)
(6,13)
(8,16)
(8,19)
(12,13)
(12,14)
(12,15)
(15,17)
(15,18)
(17,19)
(18,19)
