Nodes: 60
Protection radius: 1.000000
Disaster radius: 0.500000
0: 0.052235 10.193347
1: 0.344931 23.407077
2: 0.645210 5.305605
3: 1.240280 14.556846
4: 1.964107 36.843021
5: 2.712886 2.874423
6: 3.518235 28.682742
7: 3.806111 33.116758
8: 4.651529 14.646633
9: 5.251873 7.067703
10: 5.721323 0.470984
11: 6.032450 9.203651
12: 6.239588 19.660276
13: 6.764348 28.272041
14: 7.008383 34.302395
15: 7.386267 14.265142
16: 8.645273 19.321880
17: 8.815618 27.442866
18: 9.530169 3.427705
19: 10.416302 18.023051
20: 11.250295 22.775518
21: 13.406353 17.061513
22: 14.291707 36.664706
23: 15.008747 4.758515
24: 15.095999 30.468391
25: 15.178334 19.274379
26: 15.280951 23.419438
27: 16.337740 9.074884
28: 16.577421 0.109168
29: 17.054195 24.843708
30: 17.892811 3.703141
31: 19.405148 0.857947
32: 19.617702 29.277231
33: 19.867124 24.565881
34: 22.371791 25.946802
35: 23.583245 23.993952
36: 23.850284 1.854939
37: 24.219378 16.502168
38: 24.471485 36.607569
39: 25.314692 29.143105
40: 26.478659 20.835988
41: 27.013508 36.375670
42: 27.037019 26.754042
43: 27.074139 30.113081
44: 27.097935 17.111158
45: 27.312852 23.585803
46: 27.432145 5.841443
47: 29.813740 7.373770
48: 29.843221 12.534070
49: 29.872587 28.466662
50: 29.900358 34.216770
51: 31.618359 10.683979
52: 31.859994 21.916281
53: 32.521296 18.273197
54: 32.797298 27.175067
55: 34.411563 5.408852
56: 34.467946 21.129122
57: 34.879950 18.201723
58: 34.919338 1.015808
59: 36.272274 29.294921
Edges
(0,8)
(0,24)
(1,3)
(1,6)
(1,12)
(2,8)
(2,16)
(4,7)
(4,12)
(4,38)
(5,20)
(9,44)
(10,27)
(10,28)
(10,44)
(10,48)
(11,37)
(11,44)
(12,14)
(12,22)
(13,17)
(14,17)
(15,20)
(18,48)
(19,20)
(20,21)
(20,53)
(21,25)
(21,57)
(22,32)
(23,28)
(24,33)
(26,29)
(28,30)
(28,36)
(29,33)
(31,51)
(33,38)
(33,45)
(34,38)
(34,39)
(34,52)
(35,40)
(36,51)
(36,55)
(36,58)
(38,41)
(38,49)
(38,50)
(38,59)
(40,53)
(42,52)
(43,57)
(44,57)
(46,47)
(46,51)
(49,56)
(54,56)
(55,59)
