Nodes: 180
Protection radius: 1.000000
Disaster radius: 0.500000
0: 0.820032 49.007630
1: 0.822418 0.336638
2: 1.184346 29.398560
3: 1.307036 11.073857
4: 1.675650 85.866049
5: 1.921631 61.211673
6: 2.021234 42.650161
7: 2.511688 19.930835
8: 2.589018 88.159811
9: 2.638116 35.899894
10: 2.658264 22.401462
11: 4.886477 66.928377
12: 5.122267 39.722144
13: 5.161180 4.312794
14: 5.994455 60.296307
15: 7.384143 69.288177
16: 7.394226 0.047071
17: 7.929806 74.620446
18: 8.402242 17.043417
19: 9.374686 86.009350
20: 9.495893 56.228311
21: 9.659273 42.435357
22: 10.281029 63.057214
23: 10.672843 16.947699
24: 11.219993 41.074029
25: 11.344443 83.944261
26: 11.519937 37.779479
27: 13.488182 32.591104
28: 13.502044 85.998382
29: 13.565660 91.554898
30: 13.830477 46.819666
31: 13.886666 60.424949
32: 13.889424 36.168219
33: 14.289435 49.471840
34: 14.559458 19.530621
35: 14.898563 21.651941
36: 15.025619 63.035094
37: 15.028682 1.229355
38: 15.924412 42.619126
39: 17.105403 76.219827
40: 17.662807 27.270324
41: 18.556826 13.164181
42: 18.723534 56.707054
43: 18.828975 46.208741
44: 19.553316 37.872592
45: 19.559215 61.857396
46: 19.840114 50.681982
47: 20.250187 69.623263
48: 20.902880 23.601066
49: 20.962761 0.970937
50: 21.166313 59.095347
51: 21.351410 44.589049
52: 23.658093 81.837084
53: 23.812900 20.183451
54: 23.970316 29.834345
55: 25.037314 90.787026
56: 25.660892 2.391153
57: 26.032223 20.146695
58: 26.040897 45.048764
59: 26.443785 28.729040
60: 26.832975 18.075574
61: 27.621371 8.749838
62: 27.765976 74.691306
63: 28.841188 56.825641
64: 30.431795 3.925313
65: 30.610134 70.257207
66: 30.628076 26.048959
67: 30.925337 28.164326
68: 32.312061 56.119578
69: 32.492242 82.424838
70: 32.638175 44.323309
71: 33.310876 76.552691
72: 33.434455 85.241806
73: 33.825127 27.445428
74: 33.828771 7.398164
75: 35.075613 70.825345
76: 35.880772 32.540811
77: 36.187552 52.112520
78: 36.598817 78.923826
79: 37.321002 41.469405
80: 37.907852 62.014198
81: 38.038278 14.527634
82: 40.847885 69.785424
83: 42.039926 29.318979
84: 43.145813 67.957903
85: 43.734979 41.235475
86: 44.124532 35.516699
87: 44.267674 45.693692
88: 44.645483 57.461051
89: 45.082618 24.080437
90: 45.339198 49.246799
91: 45.758758 92.611934
92: 46.757860 86.568426
93: 47.376263 73.998133
94: 47.999087 35.399115
95: 48.136531 15.669061
96: 48.304812 27.224257
97: 48.344149 46.740143
98: 48.472193 19.900109
99: 48.980625 49.258272
100: 49.037990 71.681548
101: 50.650130 61.593242
102: 51.499500 38.644075
103: 51.961396 15.595720
104: 52.278422 26.247111
105: 52.431594 28.720956
106: 52.581971 18.596696
107: 52.687506 47.057443
108: 53.957081 6.064949
109: 54.045172 80.046693
110: 54.539702 41.537721
111: 55.201282 61.912995
112: 55.206989 20.882408
113: 55.518605 69.432140
114: 55.601663 75.021522
115: 55.749530 72.729280
116: 56.755163 7.824036
117: 57.187760 84.203193
118: 58.818912 19.684042
119: 59.904637 92.207173
120: 61.135583 55.758643
121: 61.737113 34.233256
122: 62.726504 71.780783
123: 63.523664 90.315340
124: 64.169774 60.871967
125: 64.875451 18.609072
126: 65.032033 64.454067
127: 65.552315 31.552231
128: 66.306038 81.797530
129: 66.808401 51.049067
130: 67.191571 64.138312
131: 68.152042 1.459066
132: 68.256917 52.727726
133: 68.471607 81.962391
134: 69.611165 28.501534
135: 69.737008 87.891487
136: 69.920485 31.371226
137: 70.859130 7.047506
138: 71.340082 89.868105
139: 71.712502 16.140160
140: 72.122683 13.235503
141: 73.660452 41.686746
142: 73.721869 56.896172
143: 74.027103 36.336815
144: 74.125271 18.039348
145: 75.238843 86.187084
146: 75.406856 83.285600
147: 75.733755 69.384607
148: 75.825128 62.310027
149: 76.996895 54.916539
150: 78.306650 85.435715
151: 78.970897 3.675778
152: 80.505997 30.762818
153: 82.116320 43.993043
154: 83.454203 35.895645
155: 83.551178 25.888009
156: 83.871216 76.386834
157: 83.990613 41.173600
158: 84.650040 49.442519
159: 84.856161 87.842168
160: 85.020720 33.822522
161: 86.397368 29.720694
162: 86.859212 14.855873
163: 87.620039 55.173704
164: 87.632959 22.841963
165: 87.779862 11.318050
166: 88.076661 80.878147
167: 88.854006 20.346144
168: 89.126533 87.946981
169: 89.592490 52.181016
170: 90.572818 62.682272
171: 90.839041 6.260334
172: 91.427587 75.121377
173: 91.764133 12.792609
174: 91.948387 92.365998
175: 92.037481 21.693782
176: 92.295286 68.356006
177: 92.504348 83.861008
178: 92.875273 43.002397
179: 92.971030 33.274350
Edges
(0,1)
(0,4)
(0,5)
(0,20)
(0,21)
(0,30)
(0,33)
(1,13)
(1,16)
(2,3)
(3,13)
(4,5)
(4,17)
(4,19)
(5,11)
(5,14)
(6,9)
(6,12)
(7,18)
(8,19)
(9,12)
(9,27)
(10,18)
(10,27)
(11,14)
(11,15)
(13,23)
(14,22)
(15,22)
(15,36)
(15,39)
(16,131)
(17,19)
(18,23)
(20,22)
(20,31)
(20,33)
(20,42)
(21,24)
(22,36)
(23,34)
(25,39)
(26,32)
(27,32)
(28,39)
(28,52)
(29,55)
(29,91)
(32,38)
(33,46)
(34,35)
(34,41)
(35,40)
(35,48)
(36,45)
(36,47)
(37,49)
(38,43)
(39,47)
(40,48)
(41,49)
(41,60)
(42,46)
(42,50)
(43,51)
(44,51)
(44,58)
(45,65)
(46,50)
(46,51)
(46,58)
(48,54)
(48,57)
(48,59)
(49,56)
(50,63)
(52,55)
(52,62)
(53,57)
(55,72)
(56,64)
(57,66)
(58,68)
(59,66)
(59,70)
(60,61)
(60,81)
(61,64)
(61,74)
(62,71)
(63,80)
(64,131)
(65,71)
(65,80)
(66,67)
(66,73)
(67,76)
(69,78)
(72,78)
(72,91)
(72,92)
(73,89)
(74,81)
(75,78)
(75,80)
(77,79)
(77,88)
(78,93)
(79,86)
(79,87)
(80,82)
(80,84)
(81,89)
(82,84)
(83,86)
(83,89)
(83,96)
(84,88)
(84,93)
(84,100)
(85,86)
(85,94)
(86,94)
(87,90)
(87,97)
(88,90)
(89,98)
(90,97)
(90,99)
(91,92)
(91,119)
(92,93)
(92,117)
(93,100)
(94,96)
(94,105)
(95,106)
(95,108)
(96,98)
(97,102)
(99,101)
(99,107)
(99,120)
(100,101)
(100,113)
(100,114)
(101,113)
(102,121)
(103,106)
(103,108)
(103,118)
(104,105)
(104,106)
(104,112)
(105,118)
(105,121)
(106,118)
(107,110)
(107,120)
(107,129)
(108,131)
(109,117)
(110,121)
(110,129)
(111,113)
(111,126)
(112,118)
(113,115)
(113,122)
(114,115)
(114,117)
(114,128)
(115,122)
(116,118)
(116,125)
(116,137)
(117,128)
(119,138)
(119,174)
(120,124)
(120,129)
(121,143)
(122,128)
(122,147)
(123,128)
(123,135)
(124,142)
(125,127)
(125,139)
(125,140)
(126,130)
(127,134)
(128,133)
(129,132)
(129,141)
(130,148)
(131,137)
(132,141)
(132,149)
(133,135)
(134,144)
(134,152)
(135,146)
(136,152)
(137,140)
(138,145)
(138,159)
(138,174)
(141,157)
(142,148)
(143,154)
(144,152)
(144,155)
(145,150)
(146,147)
(146,150)
(146,156)
(147,148)
(147,156)
(149,153)
(149,163)
(150,156)
(150,159)
(151,171)
(152,160)
(153,158)
(154,157)
(155,161)
(155,162)
(158,169)
(158,178)
(159,168)
(160,179)
(161,175)
(162,167)
(162,173)
(164,175)
(165,171)
(165,173)
(166,168)
(167,175)
(169,170)
(171,173)
(172,176)
(173,175)
(175,179)
(176,178)
(177,178)
