Nodes: 20
Protection radius: 1.000000
Disaster radius: 0.500000
0: 0.296417 8.363076
1: 0.861744 13.475795
2: 1.713885 4.964433
3: 2.164266 11.830535
4: 2.290760 0.185456
5: 3.037750 9.656701
6: 5.427013 0.998069
7: 5.591991 12.880263
8: 6.238544 10.895927
9: 6.595910 4.184412
10: 7.076998 7.680863
11: 8.572534 12.020005
12: 8.573898 4.702894
13: 9.776190 6.438229
14: 10.337088 13.999548
15: 11.166377 11.199833
16: 12.146898 6.059045
17: 12.368523 1.407579
18: 12.760157 3.896909
19: 13.327509 9.602798
Edges
(0,3)
(0,4)
(1,7)
(2,4)
(2,9)
(2,10)
(3,5)
(4,6)
(4,17)
(6,12)
(7,14)
(8,10)
(11,14)
(12,13)
(13,15)
(13,19)
(14,19)
(16,18)
(16,19)
