Nodes: 60
Protection radius: 1.000000
Disaster radius: 0.500000
0: 0.116747 31.293249
1: 2.303926 19.783412
2: 2.737627 30.140624
3: 5.464360 14.609711
4: 6.246645 19.623616
5: 7.031233 23.193090
6: 7.372907 5.781470
7: 7.982915 8.645308
8: 8.085271 31.366683
9: 8.703510 26.841514
10: 8.968478 10.581915
11: 9.445880 12.837267
12: 10.161459 0.784928
13: 10.319604 29.709898
14: 10.634623 19.450017
15: 10.902068 14.868823
16: 11.358789 23.665598
17: 12.201264 32.981727
18: 12.840836 17.113046
19: 13.073176 21.666823
20: 13.486984 25.274439
21: 13.776249 30.583223
22: 13.964416 13.580507
23: 14.906574 5.120598
24: 15.165329 24.133266
25: 17.418953 33.801056
26: 17.712508 4.661737
27: 18.424671 25.135038
28: 18.781836 14.706382
29: 19.248821 28.744276
30: 19.678010 7.720238
31: 19.844935 17.802141
32: 20.275662 22.620801
33: 20.391181 31.163377
34: 20.936535 26.643739
35: 21.717497 16.082953
36: 22.347104 33.262492
37: 22.444576 24.069302
38: 23.253693 26.855432
39: 23.383768 14.329442
40: 23.717851 1.094529
41: 24.644825 9.857356
42: 24.837433 5.950347
43: 25.529797 30.421337
44: 25.704256 18.319945
45: 26.769823 23.165699
46: 27.262812 34.407766
47: 28.088880 26.096027
48: 28.284820 12.504018
49: 28.920220 16.779927
50: 29.680892 29.504764
51: 29.692026 0.242887
52: 29.791509 27.243602
53: 31.388745 14.471246
54: 31.905338 30.588746
55: 31.981869 21.980812
56: 32.287429 3.936571
57: 32.562728 9.873586
58: 33.197293 24.848086
59: 33.553320 13.628631
Edges
(0,8)
(0,21)
(1,3)
(1,9)
(1,13)
(1,16)
(2,13)
(4,7)
(4,27)
(5,9)
(5,20)
(5,21)
(5,24)
(6,19)
(7,11)
(7,14)
(7,19)
(10,19)
(12,18)
(12,56)
(15,18)
(17,27)
(17,33)
(17,46)
(18,23)
(19,22)
(21,27)
(22,28)
(23,26)
(25,46)
(26,36)
(28,29)
(29,32)
(29,36)
(30,31)
(31,41)
(31,42)
(31,46)
(32,34)
(35,39)
(35,44)
(35,48)
(35,49)
(35,53)
(35,55)
(37,46)
(38,46)
(40,51)
(43,47)
(43,52)
(45,52)
(46,50)
(46,54)
(48,59)
(50,52)
(51,56)
(54,58)
(54,59)
(57,59)
