Nodes: 100
Protection radius: 1.000000
Disaster radius: 0.500000
0: 0.365107 51.929054
1: 0.374496 10.442335
2: 0.381000 21.734676
3: 1.569163 30.276711
4: 1.584430 48.357871
5: 3.240640 22.881520
6: 3.881388 3.605747
7: 3.901312 18.137463
8: 4.258277 12.340974
9: 5.628798 8.631841
10: 5.821855 0.687263
11: 5.964976 18.023424
12: 6.088150 3.712146
13: 6.372074 22.819923
14: 6.967797 33.053337
15: 7.246276 10.789276
16: 7.446110 25.787346
17: 7.594805 8.183830
18: 8.310349 19.438223
19: 9.433280 52.799576
20: 9.457848 12.610740
21: 9.751367 1.265038
22: 9.891094 41.517216
23: 10.687307 34.239473
24: 10.755099 22.693951
25: 10.977300 15.342589
26: 11.813027 17.482325
27: 11.890414 9.400928
28: 12.870041 50.019336
29: 12.928829 42.889131
30: 13.270927 24.459404
31: 13.284608 13.952763
32: 13.387739 7.481012
33: 13.957221 58.941048
34: 15.243433 54.788601
35: 15.810574 50.539077
36: 16.215727 22.237141
37: 16.454261 26.238635
38: 16.678282 43.751968
39: 17.679524 6.469149
40: 18.335829 36.795952
41: 19.252066 33.751636
42: 19.435482 43.155875
43: 19.658737 22.594106
44: 19.672558 53.560936
45: 20.980269 35.253573
46: 22.178189 39.428649
47: 24.229857 4.814689
48: 25.406347 21.138953
49: 25.446822 37.115006
50: 25.498989 0.826007
51: 26.179683 25.200150
52: 26.793363 52.885212
53: 26.943224 39.026811
54: 26.989021 5.940410
55: 27.478865 48.548353
56: 29.289613 55.644376
57: 30.198900 15.347144
58: 31.387635 13.664070
59: 32.256496 9.320452
60: 32.468402 51.218879
61: 32.996870 45.739329
62: 33.224659 29.724556
63: 34.919518 47.028992
64: 36.421456 9.216402
65: 36.831469 3.257014
66: 37.277625 52.285330
67: 39.667201 40.187315
68: 40.704916 30.411482
69: 41.012971 1.167882
70: 41.865493 52.298732
71: 42.176279 3.973440
72: 42.707762 41.514395
73: 42.873630 25.125634
74: 43.495234 30.172948
75: 46.515934 44.428829
76: 46.657688 49.756573
77: 47.192713 30.344646
78: 48.434906 23.695028
79: 48.817267 28.149721
80: 49.136926 16.904131
81: 49.225550 43.902415
82: 49.625025 37.337236
83: 52.778595 7.233998
84: 52.800960 22.004440
85: 53.082347 44.961649
86: 53.127383 14.986076
87: 53.362320 24.120923
88: 53.550367 40.741373
89: 53.796091 47.558724
90: 53.803804 53.443299
91: 54.933414 35.874464
92: 55.039735 25.357772
93: 56.245394 57.808645
94: 56.367307 31.127787
95: 56.470383 27.056460
96: 56.515346 46.669891
97: 57.416039 36.359924
98: 58.375626 49.590657
99: 58.465035 2.993240
Edges
(0,2)
(0,15)
(0,17)
(0,28)
(0,29)
(1,6)
(2,6)
(2,9)
(3,5)
(3,7)
(3,8)
(4,14)
(4,16)
(6,12)
(8,9)
(8,11)
(10,17)
(13,23)
(14,22)
(14,23)
(17,23)
(17,26)
(17,27)
(17,31)
(18,23)
(19,33)
(19,44)
(20,23)
(20,35)
(20,38)
(21,32)
(21,36)
(21,47)
(24,29)
(25,31)
(30,38)
(34,44)
(35,40)
(37,38)
(39,44)
(39,48)
(40,44)
(41,62)
(42,61)
(42,67)
(42,91)
(43,51)
(43,73)
(43,74)
(43,77)
(44,52)
(44,75)
(44,93)
(45,62)
(46,68)
(46,91)
(47,57)
(47,73)
(48,73)
(49,68)
(50,64)
(50,71)
(52,81)
(53,91)
(54,91)
(55,72)
(56,93)
(58,73)
(59,79)
(60,66)
(60,93)
(62,77)
(63,75)
(64,87)
(64,92)
(65,84)
(65,86)
(65,92)
(65,95)
(69,99)
(70,89)
(70,93)
(71,83)
(72,75)
(73,91)
(76,88)
(76,91)
(78,87)
(79,94)
(79,95)
(80,95)
(82,91)
(85,91)
(90,91)
(91,96)
(93,98)
(93,99)
(95,99)
(97,98)
