Nodes: 60
Protection radius: 1.000000
Disaster radius: 0.500000
0: 0.207732 33.242297
1: 0.598272 27.839339
2: 1.522283 25.288831
3: 3.492084 17.168677
4: 3.540647 24.378791
5: 4.244881 30.399606
6: 4.592945 9.535888
7: 5.689235 12.036425
8: 5.887116 0.806004
9: 6.360267 23.949049
10: 6.660964 28.982312
11: 8.522681 3.923378
12: 8.967300 7.985761
13: 10.372713 22.751886
14: 11.967478 9.013120
15: 14.279001 23.666855
16: 14.738258 3.275993
17: 14.766946 34.932916
18: 14.824971 9.092478
19: 15.278637 0.951459
20: 15.356235 6.752497
21: 16.496140 17.087012
22: 17.288975 6.151697
23: 17.468416 8.329001
24: 17.772113 10.853995
25: 18.120137 24.738354
26: 18.158941 20.119340
27: 18.981568 22.493718
28: 19.958551 10.131997
29: 20.204223 30.002421
30: 20.653915 27.689380
31: 21.256857 35.694529
32: 22.822700 24.586274
33: 23.416534 35.931054
34: 24.567142 18.730262
35: 25.081636 7.409399
36: 25.482759 14.882948
37: 26.094835 20.178628
38: 26.208864 10.743244
39: 26.895016 34.650418
40: 27.119820 17.908764
41: 27.413439 1.316952
42: 27.985551 9.589766
43: 28.780960 27.375147
44: 28.843563 7.454086
45: 29.201848 34.697694
46: 29.218815 31.820396
47: 29.712758 2.889165
48: 30.431994 19.170118
49: 30.753312 24.323536
50: 30.973335 29.105769
51: 31.096992 6.869602
52: 31.205610 9.040187
53: 33.210126 19.069852
54: 33.483776 21.389960
55: 33.572020 30.588318
56: 33.641683 6.186159
57: 34.707020 14.912085
58: 34.995776 34.433030
59: 35.481598 1.466555
Edges
(0,5)
(0,17)
(1,7)
(2,7)
(3,7)
(4,5)
(5,7)
(6,7)
(7,9)
(8,14)
(8,26)
(9,12)
(9,15)
(9,26)
(9,29)
(10,17)
(11,20)
(13,15)
(14,20)
(14,24)
(16,22)
(16,34)
(16,36)
(16,42)
(18,23)
(19,35)
(19,47)
(19,59)
(20,23)
(21,26)
(21,54)
(25,29)
(26,32)
(27,31)
(28,40)
(30,43)
(31,33)
(31,45)
(31,46)
(31,58)
(37,58)
(38,40)
(39,58)
(40,54)
(41,47)
(42,47)
(43,46)
(44,47)
(46,50)
(47,51)
(47,54)
(48,54)
(49,54)
(49,58)
(51,52)
(52,56)
(53,54)
(55,56)
(57,58)
