Nodes: 20
Protection radius: 1.000000
Disaster radius: 0.500000
0: 0.818624 7.102602
1: 1.959883 0.175413
2: 2.938290 7.987219
3: 3.293776 5.021820
4: 3.726449 1.520641
5: 4.244123 11.899576
6: 5.107154 9.647456
7: 6.636353 13.471855
8: 7.043602 0.086053
9: 7.635162 2.762877
10: 7.991527 9.486533
11: 8.252573 12.204214
12: 9.745406 6.069806
13: 9.931290 0.342237
14: 9.953702 8.802481
15: 10.529736 3.945230
16: 11.810465 2.120665
17: 12.241813 9.595046
18: 12.318182 7.135188
19: 12.958086 4.154271
Edges
(0,4)
(0,17)
(1,4)
(1,9)
(1,15)
(2,5)
(2,7)
(2,10)
(2,17)
(3,12)
(3,14)
(3,18)
(6,11)
(8,15)
(8,16)
(11,17)
(12,19)
(13,16)
(14,17)
