Nodes: 60
Protection radius: 1.000000
Disaster radius: 0.500000
0: 0.064241 21.901316
1: 0.432626 2.251938
2: 1.188136 28.342101
3: 2.096245 23.228927
4: 3.828984 10.483860
5: 4.428420 21.926623
6: 5.060057 30.950818
7: 5.436506 3.205871
8: 5.663019 28.869783
9: 5.771946 9.231457
10: 6.605080 12.126081
11: 7.842042 2.225662
12: 8.387615 11.166348
13: 8.622719 35.159808
14: 8.925544 25.463385
15: 9.210150 7.875164
16: 10.308328 31.179158
17: 10.752249 5.578509
18: 11.826592 24.775374
19: 12.187606 28.685833
20: 12.772220 12.753613
21: 12.928852 8.512054
22: 14.045714 4.804975
23: 14.153711 0.295237
24: 14.903926 32.924204
25: 15.613002 27.027536
26: 16.387218 10.669146
27: 16.515509 6.396332
28: 16.579226 31.152333
29: 16.995095 1.257164
30: 19.059956 6.943912
31: 19.750616 15.677243
32: 20.628776 24.334386
33: 21.142178 11.171612
34: 22.387589 13.789223
35: 23.738243 25.378336
36: 24.124547 11.931947
37: 24.629065 20.793250
38: 24.761438 3.382714
39: 25.160158 23.829470
40: 25.901049 8.512301
41: 26.542836 5.347916
42: 26.858363 35.639182
43: 27.424798 30.712967
44: 27.609190 22.139002
45: 27.906935 9.325417
46: 29.082913 7.245581
47: 29.682302 29.263550
48: 30.015060 18.346309
49: 30.467835 20.449181
50: 30.474508 14.137312
51: 30.594039 35.600126
52: 31.171706 1.620762
53: 31.605866 11.187415
54: 32.370564 4.189802
55: 32.725196 21.982370
56: 34.395275 9.600930
57: 35.003532 1.204285
58: 35.107101 35.564834
59: 35.761450 21.996455
Edges
(0,5)
(0,6)
(1,15)
(1,23)
(2,13)
(3,8)
(3,13)
(3,14)
(3,16)
(3,24)
(4,9)
(5,9)
(5,10)
(7,15)
(7,31)
(9,19)
(9,24)
(11,29)
(12,18)
(15,25)
(15,58)
(17,29)
(18,28)
(20,25)
(21,22)
(21,31)
(22,29)
(22,30)
(22,36)
(22,52)
(22,57)
(24,42)
(24,51)
(24,58)
(25,43)
(26,37)
(27,30)
(28,58)
(31,37)
(32,35)
(32,43)
(33,37)
(34,36)
(36,38)
(38,40)
(38,54)
(38,56)
(39,41)
(39,44)
(39,45)
(39,47)
(39,59)
(45,46)
(46,48)
(46,50)
(49,50)
(53,55)
(55,59)
(58,59)
