Nodes: 100
Protection radius: 1.000000
Disaster radius: 0.500000
0: 0.278789 47.147093
1: 0.433545 32.021002
2: 1.004306 0.823869
3: 2.185233 55.843571
4: 2.349799 36.878630
5: 2.369679 46.285731
6: 4.270963 1.121572
7: 4.547228 10.807351
8: 4.663396 51.601888
9: 4.941284 14.621935
10: 5.129194 8.197111
11: 5.192638 25.284081
12: 6.010469 47.342957
13: 7.122760 14.258399
14: 7.323970 4.203648
15: 8.026214 35.008628
16: 9.694794 20.399207
17: 10.074707 10.097690
18: 10.493452 16.274140
19: 10.520056 35.123503
20: 10.526465 23.390156
21: 10.734010 50.393148
22: 11.610744 52.302816
23: 11.888720 4.601469
24: 12.596952 1.535085
25: 12.742772 40.170014
26: 12.876160 27.609149
27: 14.549816 15.144896
28: 14.912155 34.405315
29: 16.112898 7.254479
30: 16.210975 39.388326
31: 17.117135 35.988791
32: 18.367055 18.555671
33: 18.992271 5.842446
34: 20.905041 31.647835
35: 20.987343 1.490962
36: 21.237230 12.421871
37: 22.454359 49.034369
38: 22.741626 20.874371
39: 23.556885 39.157439
40: 23.590208 55.923287
41: 23.885259 33.610507
42: 24.897817 23.449859
43: 26.010532 10.589728
44: 26.706551 38.604850
45: 26.791374 21.206541
46: 27.292499 14.928005
47: 27.846061 28.498411
48: 28.163371 0.335368
49: 28.821285 19.722245
50: 29.467594 13.936908
51: 30.509319 10.102927
52: 30.864809 49.609715
53: 31.551725 21.060071
54: 32.159344 35.734145
55: 32.492579 27.203847
56: 32.990214 33.235079
57: 33.013880 4.584623
58: 33.117029 1.168547
59: 33.324213 17.245483
60: 33.563986 30.060763
61: 33.863798 43.946441
62: 33.989543 19.495572
63: 34.600185 38.937973
64: 34.645386 49.816089
65: 34.729839 54.099526
66: 35.480993 2.185622
67: 35.781713 29.064658
68: 35.996386 34.048817
69: 36.590937 44.723553
70: 36.622471 55.245967
71: 37.080726 25.176605
72: 37.148511 20.894917
73: 37.231897 11.383652
74: 37.261769 52.290283
75: 37.705952 32.442504
76: 38.013585 15.934525
77: 39.270578 12.222111
78: 39.414123 40.910907
79: 39.557062 1.625040
80: 41.798824 41.030160
81: 42.014579 23.824910
82: 43.246619 45.106941
83: 44.349438 25.928627
84: 44.618731 18.419089
85: 45.396822 34.888633
86: 46.144114 37.677533
87: 46.642026 18.396208
88: 49.237494 37.595176
89: 49.815080 57.098838
90: 50.887201 4.436042
91: 51.234755 26.429869
92: 52.189967 47.834649
93: 53.226785 23.254840
94: 54.348738 20.621872
95: 54.923395 40.185559
96: 54.943734 33.542087
97: 55.313281 12.322265
98: 57.576462 11.339683
99: 57.932686 21.541532
Edges
(0,4)
(1,2)
(1,4)
(1,11)
(2,6)
(2,10)
(3,8)
(5,8)
(6,10)
(7,9)
(7,13)
(8,12)
(8,22)
(10,14)
(10,17)
(11,15)
(11,20)
(11,26)
(12,25)
(13,16)
(13,17)
(14,23)
(14,24)
(16,18)
(16,20)
(17,18)
(17,23)
(17,27)
(19,26)
(19,28)
(20,26)
(21,25)
(21,30)
(21,37)
(22,37)
(23,24)
(25,28)
(26,34)
(27,29)
(27,36)
(29,33)
(29,36)
(31,34)
(31,39)
(32,36)
(33,35)
(34,42)
(34,47)
(35,43)
(36,46)
(38,42)
(38,45)
(39,41)
(40,70)
(40,89)
(41,54)
(44,52)
(44,61)
(44,63)
(45,49)
(46,49)
(47,56)
(47,60)
(48,51)
(48,58)
(49,50)
(49,53)
(50,51)
(50,73)
(51,73)
(52,64)
(53,55)
(53,62)
(54,63)
(54,68)
(55,60)
(55,71)
(56,68)
(57,66)
(58,79)
(59,62)
(59,73)
(62,76)
(63,78)
(64,69)
(65,70)
(65,74)
(66,73)
(67,83)
(68,75)
(68,78)
(69,74)
(69,78)
(69,82)
(70,74)
(71,72)
(72,81)
(77,87)
(78,82)
(80,82)
(82,86)
(82,92)
(83,84)
(83,85)
(83,91)
(85,91)
(85,96)
(87,90)
(87,94)
(88,92)
(88,96)
(91,93)
(92,95)
(93,96)
(94,97)
(94,99)
(95,99)
(98,99)
