Nodes: 20
Protection radius: 1.000000
Disaster radius: 0.500000
0: 0.381284 1.477280
1: 0.655585 9.633966
2: 1.199447 12.171550
3: 1.966537 3.978822
4: 2.655921 6.527577
5: 2.783548 10.221643
6: 3.445088 2.370661
7: 3.622795 0.347023
8: 5.904592 12.895190
9: 6.059550 2.930572
10: 7.501307 4.870100
11: 7.662813 10.364190
12: 8.647263 7.824712
13: 8.973872 12.862376
14: 10.506398 6.024026
15: 11.258847 2.405390
16: 12.074230 13.145322
17: 12.264951 4.715111
18: 13.815835 10.329347
19: 13.918427 8.058534
Edges
(0,3)
(0,6)
(1,2)
(2,5)
(3,4)
(4,10)
(5,11)
(6,9)
(7,9)
(8,11)
(10,12)
(11,12)
(11,13)
(12,14)
(12,18)
(12,19)
(13,18)
(14,17)
(15,19)
(16,18)
(17,19)
(18,19)
