Nodes: 100
Protection radius: 1.000000
Disaster radius: 0.500000
0: 0.657044 30.891671
1: 0.949246 49.369488
2: 1.182273 36.607149
3: 1.261197 53.162736
4: 1.284598 45.485936
5: 2.069410 12.222349
6: 3.460957 18.926617
7: 4.178539 15.116651
8: 4.208868 41.434673
9: 5.304078 27.310126
10: 6.628306 40.572043
11: 6.842220 13.422458
12: 7.262458 28.057575
13: 7.537070 50.037276
14: 9.664197 35.814328
15: 10.705206 18.524164
16: 10.880236 49.926986
17: 10.979605 13.922143
18: 11.040076 4.519117
19: 11.715615 34.321243
20: 12.848934 3.054106
21: 13.008033 11.237569
22: 13.502114 33.203362
23: 14.144210 19.938605
24: 14.325744 47.257124
25: 14.634526 16.450086
26: 15.152216 2.302182
27: 15.231255 26.038532
28: 15.734967 49.709415
29: 15.908289 29.528021
30: 17.903210 23.554140
31: 18.788705 52.461076
32: 18.942262 35.378737
33: 19.628363 32.285460
34: 19.889567 49.519230
35: 21.429269 33.162924
36: 21.578270 19.187808
37: 21.995797 6.565276
38: 22.163286 11.746549
39: 23.104527 34.910933
40: 23.254179 2.914976
41: 23.572109 48.948477
42: 23.716361 27.443066
43: 23.784917 8.024182
44: 24.263365 51.062478
45: 25.163560 35.895701
46: 25.169006 10.731395
47: 25.603881 1.615310
48: 25.802870 43.564967
49: 25.992303 27.993785
50: 26.302920 49.634578
51: 26.443634 21.069892
52: 26.503880 8.233074
53: 26.526223 54.769973
54: 26.601608 37.897853
55: 26.636513 25.225824
56: 29.356550 33.969303
57: 29.462265 57.147864
58: 30.084144 3.430720
59: 30.969962 14.472491
60: 31.138281 20.691140
61: 33.572919 1.037682
62: 33.634521 7.919502
63: 33.900770 42.075239
64: 34.411095 56.609146
65: 36.270506 9.319501
66: 36.391792 28.051560
67: 38.205601 12.521491
68: 38.786298 20.068519
69: 39.617756 56.959016
70: 40.940847 40.881602
71: 41.126267 13.785025
72: 42.446957 25.607807
73: 42.553817 30.613508
74: 43.129393 13.025796
75: 43.608068 6.345063
76: 43.760212 45.114172
77: 43.859635 38.570626
78: 43.919883 49.564412
79: 45.425711 57.391933
80: 45.937191 27.432718
81: 46.367341 11.741508
82: 46.543592 19.396772
83: 46.612771 37.704117
84: 47.900228 15.321900
85: 48.168278 52.314306
86: 48.279575 30.384149
87: 49.348002 4.502659
88: 49.421946 34.599238
89: 49.607626 49.185207
90: 49.954693 45.232244
91: 50.120546 36.484116
92: 51.542296 7.272762
93: 53.665382 6.014542
94: 54.021889 2.519618
95: 55.040589 56.137426
96: 55.229281 29.005506
97: 55.384030 21.722481
98: 55.586613 14.511013
99: 57.628917 54.614628
Edges
(0,2)
(0,12)
(1,2)
(1,4)
(1,13)
(2,8)
(3,31)
(3,57)
(5,6)
(5,7)
(5,11)
(6,9)
(6,15)
(7,11)
(8,10)
(8,13)
(10,16)
(11,15)
(11,17)
(11,18)
(11,21)
(12,19)
(14,32)
(15,17)
(15,23)
(15,25)
(16,24)
(16,31)
(17,21)
(17,25)
(18,21)
(20,21)
(21,38)
(22,32)
(23,30)
(24,28)
(24,34)
(24,48)
(25,38)
(26,37)
(26,40)
(26,47)
(26,61)
(27,30)
(28,31)
(29,33)
(29,42)
(30,42)
(31,34)
(31,44)
(31,53)
(31,57)
(32,48)
(35,39)
(36,42)
(36,46)
(36,51)
(38,43)
(39,45)
(40,47)
(40,52)
(41,44)
(42,49)
(42,55)
(43,46)
(45,54)
(45,56)
(46,51)
(47,61)
(48,54)
(49,55)
(49,56)
(50,53)
(50,57)
(50,64)
(51,55)
(52,59)
(52,62)
(55,66)
(56,63)
(56,70)
(57,69)
(57,79)
(58,62)
(59,67)
(60,68)
(61,65)
(61,87)
(62,65)
(63,64)
(64,78)
(65,67)
(66,68)
(66,70)
(66,72)
(67,68)
(67,71)
(67,74)
(68,71)
(70,73)
(72,82)
(73,77)
(73,80)
(73,86)
(74,75)
(74,81)
(74,82)
(74,84)
(75,87)
(76,77)
(76,83)
(78,89)
(80,82)
(80,96)
(80,97)
(81,84)
(81,92)
(82,84)
(84,92)
(85,89)
(85,95)
(86,88)
(87,92)
(87,94)
(89,99)
(90,99)
(91,99)
(92,98)
(93,94)
(93,98)
(94,98)
(95,99)
(96,97)
(96,99)
(97,99)
(98,99)
