Nodes: 100
Protection radius: 1.000000
Disaster radius: 0.500000
0: 0.237218 35.314504
1: 0.245624 3.713323
2: 0.318289 25.979259
3: 0.528011 19.296969
4: 2.695566 29.848041
5: 3.181968 37.989628
6: 3.193919 18.059501
7: 4.420447 48.438222
8: 6.631698 1.954245
9: 7.310209 6.693180
10: 7.619377 23.966235
11: 9.413843 14.141604
12: 11.828263 54.747595
13: 11.971372 25.043558
14: 12.232546 9.739248
15: 12.777327 6.632868
16: 13.640533 49.086372
17: 14.126513 13.223838
18: 15.170784 51.561051
19: 15.504050 45.158673
20: 16.996619 31.726253
21: 17.502443 8.403863
22: 17.923674 17.739661
23: 17.927307 49.698768
24: 18.068052 25.470248
25: 18.681379 36.881799
26: 18.967295 45.805839
27: 19.154927 5.064452
28: 19.913797 11.265155
29: 19.918953 29.563958
30: 20.542158 26.774304
31: 20.664661 0.996040
32: 21.533829 9.814515
33: 21.969012 2.629152
34: 22.008202 51.621573
35: 23.214507 21.580313
36: 23.238358 16.390477
37: 23.400814 5.734361
38: 23.462097 35.419511
39: 24.056061 30.014367
40: 24.302584 27.948111
41: 24.943558 3.440772
42: 25.037408 23.172116
43: 25.150125 52.421556
44: 25.244529 50.200430
45: 25.403560 21.151699
46: 25.682246 25.468414
47: 28.139716 3.363245
48: 28.220759 22.591286
49: 28.325647 47.252730
50: 28.906477 26.428648
51: 29.897438 5.498697
52: 30.242358 24.749899
53: 30.512397 27.767047
54: 30.513084 18.794324
55: 31.370012 9.070861
56: 32.143772 26.455026
57: 32.225592 13.310512
58: 32.702149 38.444531
59: 32.927895 46.706892
60: 33.633744 54.058149
61: 33.739739 48.923737
62: 33.863264 9.013565
63: 35.052115 51.539788
64: 35.055193 31.552881
65: 35.832770 34.933531
66: 35.964512 45.973823
67: 36.707547 17.711981
68: 36.887163 14.404111
69: 37.061530 20.763617
70: 37.736659 25.592724
71: 38.048663 10.832223
72: 38.243545 45.222315
73: 38.526975 51.354222
74: 39.241776 28.708598
75: 40.608765 33.707003
76: 42.845503 18.035509
77: 43.484910 7.323205
78: 43.705561 29.603817
79: 43.718367 54.810837
80: 43.917728 4.918629
81: 44.007927 50.513986
82: 45.046270 35.552854
83: 45.059795 2.232124
84: 46.337955 13.777076
85: 46.604496 46.839215
86: 46.822004 31.507615
87: 46.829594 10.600469
88: 47.631948 0.382130
89: 47.665355 34.471345
90: 47.769759 3.688922
91: 48.599446 5.927845
92: 48.756917 12.660654
93: 49.845334 37.816029
94: 51.378713 43.152154
95: 51.901668 29.332796
96: 52.489870 33.952033
97: 53.308468 40.447608
98: 54.022678 17.101386
99: 54.501970 52.175176
Edges
(0,3)
(1,2)
(1,8)
(2,3)
(3,4)
(3,27)
(3,31)
(3,33)
(5,6)
(5,13)
(5,23)
(5,34)
(5,44)
(5,59)
(6,10)
(6,11)
(6,17)
(6,22)
(6,27)
(6,40)
(6,42)
(6,46)
(6,50)
(6,64)
(6,93)
(6,97)
(7,16)
(7,34)
(7,43)
(8,9)
(8,15)
(11,21)
(12,60)
(13,20)
(13,25)
(13,29)
(13,30)
(13,38)
(14,33)
(15,31)
(16,23)
(17,22)
(18,60)
(19,44)
(20,59)
(21,28)
(21,35)
(22,42)
(24,30)
(26,44)
(26,49)
(27,28)
(27,33)
(27,45)
(27,50)
(28,35)
(28,36)
(31,33)
(31,83)
(31,88)
(31,90)
(32,33)
(32,48)
(35,45)
(37,48)
(38,59)
(38,72)
(39,58)
(40,58)
(40,65)
(41,50)
(41,52)
(41,54)
(41,56)
(41,80)
(43,44)
(43,61)
(43,81)
(43,85)
(43,94)
(44,94)
(46,53)
(47,90)
(49,59)
(50,53)
(51,56)
(51,57)
(53,56)
(55,57)
(55,67)
(55,70)
(55,77)
(55,89)
(57,75)
(58,72)
(58,94)
(58,97)
(59,66)
(60,79)
(62,76)
(62,89)
(63,79)
(63,81)
(63,99)
(64,93)
(66,72)
(67,69)
(67,74)
(68,76)
(68,86)
(68,93)
(69,75)
(71,76)
(71,84)
(73,99)
(74,78)
(75,93)
(76,84)
(78,89)
(78,93)
(79,99)
(80,84)
(82,93)
(84,87)
(85,94)
(87,90)
(87,93)
(88,92)
(88,93)
(91,92)
(91,98)
(92,96)
(95,96)
(95,98)
(96,98)
(98,99)
