Nodes: 100
Protection radius: 1.000000
Disaster radius: 0.500000
0: 0.533624 18.462564
1: 0.657288 37.319743
2: 1.374099 55.761824
3: 1.534934 48.846932
4: 2.035978 9.451753
5: 3.910874 6.585681
6: 3.998775 3.755694
7: 4.261782 40.138098
8: 4.646138 34.774332
9: 6.091460 18.393556
10: 8.853717 37.157261
11: 8.865417 54.725207
12: 9.750005 29.257776
13: 9.755894 13.350052
14: 11.185903 17.342647
15: 11.646663 26.487451
16: 11.659106 43.962571
17: 11.876890 39.836376
18: 13.277862 36.990125
19: 13.664926 45.524300
20: 13.685402 48.866712
21: 13.782720 32.322898
22: 13.813048 25.868633
23: 14.716452 4.121885
24: 15.700032 1.526061
25: 15.901300 23.563841
26: 15.957939 46.605125
27: 16.409046 26.302298
28: 16.499615 38.684416
29: 17.932193 54.399555
30: 18.311854 11.976366
31: 18.983102 52.409609
32: 19.396160 26.385319
33: 20.017507 47.877635
34: 21.373567 18.881321
35: 21.640232 5.563127
36: 22.801478 38.228564
37: 24.333699 19.812175
38: 25.019490 10.959863
39: 26.351674 17.697247
40: 26.976398 44.616190
41: 27.562037 12.311372
42: 28.705579 5.185681
43: 30.149522 18.774199
44: 30.515007 50.350481
45: 30.747101 16.859524
46: 32.036159 0.621962
47: 32.168778 22.763225
48: 32.185568 43.721412
49: 32.214978 26.805631
50: 32.569746 6.295986
51: 32.945632 47.249208
52: 33.971922 3.118508
53: 34.175513 17.277363
54: 35.588851 10.710059
55: 35.774295 29.778203
56: 36.038564 20.313866
57: 36.078592 16.233459
58: 36.854333 50.114468
59: 37.109524 45.747834
60: 37.629952 6.625934
61: 38.160507 9.733398
62: 38.279884 21.518703
63: 39.033982 33.576279
64: 39.067397 41.398037
65: 39.412224 29.475242
66: 40.750503 50.667381
67: 41.448761 53.542345
68: 41.644546 12.010798
69: 41.726471 56.121549
70: 42.319455 36.244047
71: 42.356870 34.204756
72: 42.440110 19.805106
73: 44.082566 2.911003
74: 44.642832 40.364686
75: 45.163946 42.964621
76: 46.619559 10.394812
77: 47.700184 22.550819
78: 47.937806 33.631394
79: 48.136169 41.841032
80: 48.579534 48.903571
81: 48.904923 39.945848
82: 49.148251 7.038993
83: 50.460231 36.646468
84: 51.440499 8.893405
85: 52.661086 10.676358
86: 52.740349 23.351147
87: 52.786827 53.832571
88: 52.912515 17.781495
89: 53.586695 43.551434
90: 53.709410 8.790576
91: 54.016785 3.456661
92: 54.679740 31.923844
93: 54.922728 29.287365
94: 55.088198 55.022409
95: 55.094982 40.684702
96: 56.410455 36.775958
97: 56.484162 18.535593
98: 56.927427 16.292801
99: 56.977504 2.349980
Edges
(0,4)
(1,2)
(1,7)
(1,8)
(2,29)
(3,11)
(3,16)
(4,9)
(5,23)
(6,23)
(6,24)
(9,12)
(10,12)
(10,18)
(12,15)
(12,21)
(13,23)
(14,34)
(15,21)
(15,22)
(16,17)
(16,19)
(17,18)
(17,28)
(20,31)
(21,27)
(21,32)
(21,36)
(22,25)
(23,30)
(25,27)
(25,32)
(26,28)
(29,69)
(30,38)
(31,44)
(32,34)
(32,49)
(33,40)
(34,39)
(35,38)
(35,42)
(35,46)
(36,48)
(37,47)
(39,41)
(39,43)
(40,48)
(41,42)
(41,45)
(41,50)
(41,54)
(42,46)
(42,50)
(44,51)
(44,69)
(45,54)
(46,52)
(46,73)
(47,53)
(47,56)
(49,55)
(49,62)
(50,52)
(51,59)
(52,60)
(53,56)
(54,60)
(56,57)
(57,61)
(57,62)
(58,69)
(59,66)
(59,75)
(60,61)
(62,72)
(63,70)
(63,71)
(64,74)
(64,75)
(65,78)
(67,69)
(68,72)
(68,76)
(70,78)
(71,78)
(72,76)
(72,88)
(73,91)
(73,99)
(74,75)
(74,78)
(75,79)
(76,88)
(77,88)
(78,81)
(78,83)
(78,92)
(79,81)
(79,89)
(80,87)
(81,83)
(81,95)
(82,84)
(82,91)
(83,96)
(84,91)
(85,90)
(85,98)
(86,93)
(87,89)
(87,94)
(88,97)
(90,98)
(92,96)
(93,97)
(96,98)
(98,99)
