Nodes: 180
Protection radius: 1.000000
Disaster radius: 0.500000
0: 0.680221 40.319944
1: 0.812263 38.145853
2: 1.474034 64.871131
3: 1.541198 80.815606
4: 1.601484 76.566102
5: 2.522785 41.132544
6: 3.368435 26.187312
7: 3.509684 3.310637
8: 3.543738 56.396973
9: 3.871491 82.706176
10: 4.124770 35.018898
11: 4.215752 0.623804
12: 4.891449 44.346506
13: 5.548236 23.223491
14: 7.043629 30.475990
15: 7.050445 42.701849
16: 7.976983 36.409723
17: 8.481907 74.325855
18: 8.553867 46.586292
19: 8.814035 3.240478
20: 9.166532 55.661464
21: 9.240244 15.283569
22: 10.386860 38.126312
23: 10.870007 6.375460
24: 11.089878 28.632036
25: 12.222271 82.935059
26: 12.331351 1.405781
27: 12.879822 76.735936
28: 14.736261 31.312616
29: 14.926092 0.415807
30: 15.646431 43.203298
31: 16.174459 85.006080
32: 16.209864 12.477126
33: 17.183669 41.669472
34: 17.222819 66.498121
35: 17.315669 80.741029
36: 18.508971 29.496304
37: 18.797889 74.823016
38: 19.381321 82.634237
39: 19.446022 60.429275
40: 19.915366 53.932777
41: 20.763292 66.019521
42: 21.333839 59.062473
43: 22.498581 34.483858
44: 22.687546 90.465997
45: 23.180998 36.546580
46: 23.588640 44.111438
47: 24.545695 46.785907
48: 25.444353 7.725880
49: 26.832076 62.997870
50: 30.159585 45.317381
51: 30.371163 61.348970
52: 30.611448 91.231871
53: 30.790659 32.795188
54: 31.153411 6.181692
55: 31.433882 86.115010
56: 31.435394 79.117602
57: 31.866412 29.753040
58: 32.838285 2.048126
59: 36.244071 43.110651
60: 36.585114 74.856484
61: 36.716597 62.420183
62: 36.875792 29.805010
63: 37.688076 15.170587
64: 37.724336 25.606268
65: 39.118451 37.414647
66: 39.158111 12.204773
67: 39.219988 79.088888
68: 39.980988 83.289637
69: 40.252972 26.549432
70: 40.883179 73.617467
71: 41.436075 39.460221
72: 41.470881 81.509872
73: 41.795836 53.085656
74: 41.920304 87.948049
75: 42.282136 19.615561
76: 43.580172 21.326927
77: 44.637160 26.389352
78: 44.924619 9.532110
79: 45.018100 85.311320
80: 46.168015 60.254400
81: 46.297724 65.266446
82: 47.183297 54.281951
83: 47.365507 1.541372
84: 47.586984 70.265223
85: 48.026625 47.451015
86: 48.055809 39.263088
87: 48.057182 52.454310
88: 49.410966 0.442724
89: 50.363181 13.001243
90: 50.622979 32.125065
91: 51.424413 59.911169
92: 51.506137 71.856165
93: 51.740626 49.816416
94: 52.357642 86.448918
95: 52.763526 3.477193
96: 52.970989 89.963560
97: 52.976531 18.590233
98: 53.028501 21.267618
99: 53.053897 44.988789
100: 53.691116 73.605894
101: 53.874245 84.225310
102: 54.171511 50.435894
103: 54.305340 54.686507
104: 54.925927 17.773353
105: 55.528963 13.705484
106: 57.382825 10.835022
107: 57.816922 79.022379
108: 58.521138 8.227437
109: 59.453239 34.389000
110: 59.896923 88.747403
111: 59.933171 15.500406
112: 60.603845 23.764137
113: 61.004566 1.514364
114: 61.065407 66.022467
115: 61.843156 68.016458
116: 62.716910 57.414289
117: 62.733892 17.540573
118: 62.863397 71.808719
119: 63.672090 53.967032
120: 64.895531 72.225721
121: 64.965826 21.531421
122: 65.043477 15.821734
123: 65.419396 31.508262
124: 65.829670 74.838683
125: 65.955376 82.145654
126: 66.146121 11.988344
127: 66.574868 59.116503
128: 66.709296 0.002741
129: 67.336237 44.033233
130: 67.694571 47.907206
131: 68.442407 66.457233
132: 68.601745 88.976124
133: 69.287601 12.608679
134: 69.446251 44.848097
135: 69.819725 17.022126
136: 70.298872 61.939671
137: 70.454365 29.079553
138: 70.624238 1.672104
139: 70.935580 59.634292
140: 71.471782 42.424028
141: 71.708633 80.994142
142: 71.832828 78.745601
143: 72.176539 4.847916
144: 72.207211 85.336696
145: 72.333699 61.254316
146: 72.779891 51.142791
147: 73.694816 91.642524
148: 73.916202 87.913659
149: 74.068342 83.928367
150: 74.143354 69.181598
151: 74.449122 22.068434
152: 75.011675 39.689645
153: 75.219904 58.340164
154: 75.749718 25.750093
155: 76.065012 88.632116
156: 76.654688 3.577274
157: 76.828421 29.586341
158: 77.174865 56.341780
159: 78.238206 39.041651
160: 79.838676 14.005032
161: 80.193535 27.862830
162: 80.279857 86.496652
163: 80.766852 52.468940
164: 81.201434 72.087106
165: 81.364833 4.399709
166: 81.925679 22.341628
167: 82.347125 14.009765
168: 82.917628 6.126896
169: 83.391476 50.248809
170: 84.214065 8.930620
171: 84.329000 65.968936
172: 84.353177 52.760784
173: 84.581006 57.963235
174: 85.162497 19.572597
175: 86.948857 12.129431
176: 89.140327 84.452784
177: 89.163209 1.247012
178: 91.076274 57.067073
179: 91.871778 65.190177
Edges
(0,1)
(0,5)
(0,8)
(2,3)
(3,4)
(3,9)
(4,17)
(5,16)
(6,7)
(6,10)
(6,13)
(7,19)
(7,21)
(8,18)
(9,31)
(10,16)
(11,26)
(12,18)
(13,14)
(13,24)
(15,18)
(17,34)
(18,40)
(20,39)
(22,33)
(23,26)
(23,32)
(24,28)
(25,27)
(25,31)
(27,35)
(28,43)
(29,88)
(29,128)
(30,33)
(30,47)
(31,38)
(31,44)
(32,57)
(34,37)
(34,39)
(36,43)
(39,41)
(41,42)
(42,51)
(43,45)
(43,53)
(44,52)
(44,55)
(45,50)
(46,47)
(46,50)
(48,57)
(48,63)
(49,51)
(51,73)
(52,96)
(53,57)
(53,59)
(53,65)
(54,58)
(55,56)
(56,60)
(56,68)
(57,64)
(58,66)
(58,88)
(59,85)
(60,67)
(60,70)
(61,70)
(61,80)
(61,81)
(62,65)
(68,74)
(69,77)
(70,84)
(71,85)
(72,84)
(72,100)
(75,89)
(76,77)
(76,97)
(76,98)
(77,90)
(78,83)
(79,96)
(80,82)
(81,92)
(82,103)
(83,95)
(85,86)
(85,87)
(86,90)
(88,95)
(89,95)
(89,105)
(91,92)
(93,103)
(94,110)
(96,147)
(98,104)
(99,129)
(100,114)
(100,115)
(101,110)
(102,103)
(102,130)
(104,105)
(104,111)
(105,106)
(107,110)
(107,118)
(108,126)
(109,129)
(110,125)
(111,112)
(112,123)
(113,128)
(114,116)
(115,118)
(115,131)
(117,122)
(119,127)
(120,124)
(120,150)
(121,122)
(121,135)
(122,133)
(123,129)
(123,152)
(125,132)
(125,144)
(126,133)
(126,143)
(127,131)
(129,130)
(134,146)
(135,151)
(136,139)
(136,150)
(137,151)
(137,152)
(138,156)
(139,146)
(140,152)
(141,142)
(141,149)
(143,156)
(145,153)
(146,153)
(147,148)
(147,176)
(149,162)
(149,164)
(151,154)
(153,173)
(154,157)
(154,166)
(155,162)
(157,159)
(158,163)
(159,169)
(160,165)
(160,168)
(160,170)
(161,174)
(162,176)
(163,172)
(166,174)
(167,170)
(167,174)
(168,177)
(169,172)
(169,178)
(171,179)
(173,178)
(175,178)
(178,179)
