Nodes: 100
Protection radius: 1.000000
Disaster radius: 0.500000
0: 0.861441 16.491687
1: 1.360895 31.469085
2: 1.581850 49.206262
3: 1.884826 1.860233
4: 2.205615 53.898428
5: 3.098379 4.175035
6: 3.629512 8.761013
7: 4.415243 19.515240
8: 4.427600 34.549802
9: 4.791833 37.834348
10: 4.824958 14.914703
11: 5.818470 21.417070
12: 6.068755 49.410126
13: 6.343338 8.582296
14: 6.928093 44.428015
15: 9.178096 12.125667
16: 9.498964 53.085044
17: 9.552619 32.133832
18: 9.628755 1.406581
19: 9.920051 47.413319
20: 10.634016 34.943678
21: 10.845084 50.048447
22: 11.289222 24.483921
23: 12.455219 17.786116
24: 14.423616 14.377577
25: 14.560261 43.392508
26: 15.130793 40.051884
27: 15.376596 33.256252
28: 16.129499 16.882819
29: 16.204266 49.561902
30: 16.271354 53.535986
31: 16.520969 38.441241
32: 17.180110 51.463232
33: 17.969012 28.450740
34: 18.969294 41.534994
35: 19.758609 14.516028
36: 20.068678 37.066610
37: 20.186711 6.562781
38: 22.146855 0.464782
39: 22.478539 33.437006
40: 22.860866 19.999693
41: 23.239872 14.836374
42: 23.260944 53.179801
43: 24.343854 12.746563
44: 24.497499 51.148945
45: 25.355416 2.733911
46: 25.694006 20.307242
47: 25.704593 34.808527
48: 25.727854 42.530017
49: 26.312807 47.091720
50: 27.197034 27.612680
51: 27.345171 53.898299
52: 29.356301 18.644682
53: 30.606505 8.025551
54: 31.991347 19.131224
55: 32.967953 21.923238
56: 32.993090 53.262177
57: 33.179933 10.251176
58: 33.763753 36.844145
59: 35.221945 9.781475
60: 35.333732 2.875790
61: 35.566261 40.660609
62: 36.872639 24.923334
63: 37.138993 33.170339
64: 37.149064 5.843345
65: 37.372438 7.941738
66: 37.579800 48.788575
67: 37.917040 42.971298
68: 38.250726 11.290443
69: 38.333829 17.417485
70: 38.556055 51.689026
71: 38.701915 3.261252
72: 39.923116 26.196457
73: 40.480073 34.619771
74: 40.788050 12.557608
75: 41.462557 53.299284
76: 43.768164 49.827657
77: 44.750715 7.157168
78: 44.896541 27.270481
79: 46.163561 29.791175
80: 46.311746 46.327159
81: 46.653759 16.243815
82: 46.737473 4.199951
83: 46.970206 49.128040
84: 47.048535 10.287203
85: 47.170069 39.018741
86: 47.555090 0.595799
87: 47.648955 31.242712
88: 49.996939 48.943088
89: 50.357859 30.518964
90: 50.502194 24.037767
91: 50.676452 36.817930
92: 50.863587 32.792492
93: 51.369046 11.949429
94: 51.730182 52.087565
95: 51.835270 28.111626
96: 52.335918 4.897663
97: 53.264453 49.552680
98: 53.448191 37.630308
99: 53.761853 32.369377
Edges
(0,1)
(0,10)
(1,2)
(2,4)
(2,9)
(2,12)
(2,14)
(3,6)
(4,51)
(5,6)
(5,13)
(5,18)
(7,10)
(7,11)
(8,9)
(9,20)
(11,17)
(11,22)
(11,23)
(12,21)
(13,18)
(14,19)
(14,25)
(15,18)
(15,23)
(15,37)
(16,30)
(17,33)
(18,37)
(18,38)
(21,29)
(24,28)
(25,29)
(26,31)
(26,34)
(27,36)
(28,33)
(29,30)
(29,34)
(29,44)
(29,49)
(30,42)
(31,34)
(31,36)
(32,42)
(33,50)
(34,48)
(34,49)
(35,40)
(36,39)
(36,47)
(37,38)
(37,43)
(37,45)
(38,45)
(38,60)
(40,41)
(40,46)
(41,52)
(45,60)
(46,52)
(48,58)
(48,61)
(49,51)
(50,62)
(50,63)
(51,75)
(52,54)
(52,57)
(53,59)
(54,55)
(54,69)
(56,70)
(56,75)
(58,61)
(58,63)
(59,64)
(59,68)
(60,71)
(60,86)
(61,73)
(62,63)
(63,72)
(63,73)
(65,74)
(66,70)
(67,80)
(67,85)
(68,69)
(69,72)
(71,82)
(72,78)
(73,85)
(74,81)
(75,76)
(75,94)
(77,82)
(78,79)
(78,81)
(78,90)
(78,95)
(79,87)
(80,83)
(80,88)
(81,84)
(82,96)
(83,94)
(87,89)
(87,92)
(88,97)
(91,92)
(91,98)
(92,99)
(93,95)
(93,96)
(93,99)
(94,97)
(97,98)
