Nodes: 100
Protection radius: 1.000000
Disaster radius: 0.500000
0: 0.169256 29.425646
1: 0.409909 32.534820
2: 2.843243 1.251828
3: 3.064271 32.115733
4: 3.137801 52.589639
5: 5.027389 43.190746
6: 5.549030 58.378440
7: 6.582432 45.933526
8: 6.646200 20.617961
9: 6.665851 4.089800
10: 7.628359 26.679746
11: 9.181034 56.803972
12: 9.211073 40.934207
13: 9.820958 9.517402
14: 9.837639 36.886064
15: 10.942573 14.182580
16: 11.614871 47.638142
17: 12.072404 17.352064
18: 13.402765 13.224499
19: 13.929615 23.445601
20: 14.423860 48.496972
21: 14.549707 51.143909
22: 14.730505 53.542314
23: 15.493539 21.354237
24: 15.545228 26.411683
25: 16.525420 29.714525
26: 16.748148 53.091910
27: 17.210392 32.521878
28: 17.271060 17.477145
29: 17.810634 23.651713
30: 19.160020 29.025063
31: 19.207749 42.687834
32: 19.359490 9.669321
33: 19.948134 34.017468
34: 20.033546 31.111504
35: 20.043329 46.327616
36: 20.122923 1.379600
37: 21.640340 3.084125
38: 24.270616 54.305346
39: 26.001773 38.286138
40: 26.203703 22.297821
41: 26.407402 55.332349
42: 27.538947 5.926399
43: 27.774015 42.325161
44: 29.185378 55.294174
45: 30.506671 58.513649
46: 30.975570 9.989167
47: 31.023558 13.277087
48: 31.588495 33.904854
49: 33.506800 45.068646
50: 34.126073 26.830072
51: 34.467483 48.909050
52: 34.639501 30.617258
53: 35.132905 1.609548
54: 35.381641 60.878698
55: 37.203875 28.353475
56: 37.978705 5.153325
57: 38.842858 58.650314
58: 39.000742 23.171620
59: 39.490294 45.377702
60: 39.838810 2.916379
61: 40.237165 27.061615
62: 40.868612 11.298960
63: 40.872618 60.220400
64: 41.012652 18.722075
65: 41.079390 51.945763
66: 41.469113 39.616784
67: 42.984454 10.017596
68: 43.576989 25.904915
69: 43.821264 43.759071
70: 44.414548 32.558431
71: 44.568966 54.940249
72: 44.621760 46.078520
73: 44.944142 12.449773
74: 44.980768 34.788269
75: 45.861400 5.025169
76: 46.011098 58.948240
77: 46.215275 7.593556
78: 46.763570 16.499659
79: 47.040609 28.825262
80: 47.386084 41.715337
81: 47.869685 34.853029
82: 48.881492 11.705531
83: 49.851366 41.061950
84: 49.960712 60.622631
85: 50.332485 48.838381
86: 50.404513 17.621434
87: 50.642391 29.011575
88: 51.729465 46.629102
89: 52.265414 44.312356
90: 52.662202 55.751773
91: 53.077359 29.126716
92: 54.972174 49.291402
93: 55.048880 9.121225
94: 58.117079 44.313939
95: 58.344393 60.851232
96: 58.413520 16.324828
97: 58.529011 7.451645
98: 59.620046 17.979890
99: 60.057684 3.882192
Edges
(0,4)
(1,4)
(2,8)
(2,39)
(2,60)
(3,5)
(3,8)
(3,10)
(4,7)
(4,17)
(4,19)
(6,12)
(6,25)
(6,26)
(7,14)
(8,17)
(9,13)
(11,54)
(12,24)
(13,18)
(13,60)
(15,56)
(15,86)
(16,20)
(16,21)
(16,22)
(16,31)
(16,33)
(20,26)
(23,64)
(24,34)
(26,35)
(26,43)
(26,54)
(27,34)
(28,86)
(29,39)
(29,64)
(30,39)
(32,42)
(33,51)
(33,76)
(36,60)
(37,60)
(38,43)
(38,44)
(39,40)
(40,55)
(41,57)
(41,63)
(41,84)
(42,56)
(44,84)
(45,54)
(46,56)
(47,77)
(48,49)
(48,76)
(49,65)
(50,66)
(50,74)
(50,76)
(50,83)
(50,85)
(50,89)
(50,94)
(52,59)
(53,60)
(53,97)
(55,58)
(58,68)
(58,70)
(58,81)
(58,94)
(59,76)
(60,77)
(60,93)
(61,70)
(62,67)
(62,73)
(62,78)
(62,86)
(64,79)
(69,72)
(71,85)
(71,95)
(72,85)
(75,97)
(77,82)
(77,86)
(80,95)
(87,93)
(88,89)
(88,92)
(90,95)
(91,93)
(94,96)
(94,98)
(98,99)
