Nodes: 20
Protection radius: 1.000000
Disaster radius: 0.500000
0: 0.701449 5.583523
1: 0.920123 12.324633
2: 1.189404 0.556449
3: 1.773357 3.768629
4: 2.024814 9.189834
5: 2.764493 1.804450
6: 3.863127 10.217753
7: 4.338431 6.613484
8: 4.590088 12.692679
9: 5.591354 2.343601
10: 7.904886 8.682676
11: 8.017512 6.225093
12: 8.987735 1.426402
13: 9.595788 3.379322
14: 9.910432 12.653688
15: 9.928186 6.906465
16: 10.177533 9.334046
17: 11.888953 11.364994
18: 11.962906 1.967355
19: 12.726667 6.751125
Edges
(0,2)
(0,4)
(1,4)
(2,3)
(2,5)
(2,12)
(3,9)
(6,7)
(7,9)
(7,10)
(8,10)
(9,11)
(9,13)
(10,11)
(10,14)
(10,15)
(10,16)
(13,19)
(15,16)
(15,19)
(17,19)
(18,19)
