Nodes: 20
Protection radius: 1.000000
Disaster radius: 0.500000
0: 0.398057 9.097674
1: 0.751300 2.830596
2: 1.053643 5.648449
3: 1.384035 12.699924
4: 2.974090 0.344533
5: 3.262884 13.462196
6: 3.284061 10.650513
7: 4.251102 4.638909
8: 5.819288 0.046698
9: 5.834790 8.783333
10: 5.929464 10.911729
11: 7.580759 12.562283
12: 8.214031 9.198568
13: 8.234236 5.788093
14: 8.245529 1.451700
15: 10.488105 0.053524
16: 11.564291 13.414335
17: 12.108011 5.266212
18: 12.295228 1.000120
19: 13.813659 11.317310
Edges
(0,3)
(1,2)
(1,3)
(2,4)
(3,6)
(4,7)
(4,8)
(5,9)
(7,9)
(7,14)
(8,15)
(10,14)
(11,13)
(11,14)
(11,16)
(12,16)
(13,15)
(15,17)
(15,19)
(16,19)
(17,18)
