Nodes: 180
Protection radius: 1.000000
Disaster radius: 0.500000
0: 0.585389 12.173584
1: 0.727321 26.269001
2: 1.099884 88.424793
3: 1.100681 47.133287
4: 1.911754 7.144155
5: 2.431434 63.235189
6: 2.876765 93.461573
7: 3.417958 57.879032
8: 3.488466 15.500165
9: 4.761670 8.274047
10: 5.397283 64.038924
11: 5.699447 13.413032
12: 7.099772 56.175312
13: 7.109557 6.861723
14: 8.440773 28.861221
15: 9.234189 26.695247
16: 10.014337 54.786029
17: 10.198641 88.238161
18: 11.172115 19.955121
19: 11.843703 14.530883
20: 11.857755 65.417546
21: 12.846189 76.694777
22: 13.431833 63.997706
23: 13.442472 18.025255
24: 13.462726 44.239263
25: 13.810650 39.319525
26: 14.343572 13.157774
27: 14.431748 52.848856
28: 14.741423 26.453750
29: 15.400664 72.290240
30: 15.883836 31.210774
31: 16.299450 2.432672
32: 17.515696 4.329423
33: 18.183625 62.344973
34: 18.537957 50.447802
35: 18.888921 60.182170
36: 19.148520 71.219464
37: 19.916219 78.829041
38: 20.232168 47.119800
39: 20.346339 5.191264
40: 20.862667 41.464575
41: 22.303474 64.451702
42: 23.497365 48.084290
43: 23.550551 75.072245
44: 25.331358 30.664774
45: 25.505922 22.778859
46: 25.816871 71.045973
47: 27.563479 20.553902
48: 28.041147 49.759772
49: 29.023534 69.811431
50: 29.032819 27.154714
51: 30.017009 0.840509
52: 30.255276 86.170812
53: 30.843954 11.744766
54: 31.665616 27.995468
55: 31.983122 41.334606
56: 32.125312 57.114532
57: 34.224926 41.645406
58: 35.217348 52.678948
59: 37.001612 11.786194
60: 37.277899 62.718901
61: 37.448192 90.031701
62: 37.904077 75.238378
63: 38.376110 79.648188
64: 38.611905 37.082850
65: 39.639256 21.721379
66: 40.206353 63.720989
67: 40.237404 29.550450
68: 41.230300 81.056704
69: 41.416445 35.881127
70: 41.424260 74.465116
71: 42.108820 24.332464
72: 42.118722 21.183909
73: 42.409540 49.218494
74: 42.777336 13.640361
75: 43.765926 17.825851
76: 44.615205 68.469710
77: 44.672744 26.154754
78: 44.765093 63.727733
79: 44.916818 50.464540
80: 44.919159 15.715328
81: 46.048711 9.647154
82: 46.183259 17.400132
83: 46.503111 7.435238
84: 46.523228 0.432247
85: 46.677768 54.399324
86: 46.821225 75.783964
87: 46.925650 27.861587
88: 48.152005 9.933321
89: 48.302331 19.875841
90: 49.175285 27.189761
91: 49.565959 83.631451
92: 49.758673 58.937402
93: 49.772463 91.184997
94: 50.048683 17.308198
95: 50.733613 47.954477
96: 50.787894 51.349786
97: 51.546786 73.446364
98: 52.179585 16.603977
99: 52.255223 56.219808
100: 53.082397 32.755708
101: 54.892039 36.225181
102: 55.239833 11.422144
103: 55.362143 20.234110
104: 56.094973 13.410337
105: 56.768504 68.914906
106: 56.960071 30.388277
107: 56.976773 43.608797
108: 57.967727 9.019668
109: 58.266758 38.551715
110: 58.956513 65.748980
111: 59.310546 24.282969
112: 60.433219 21.100210
113: 60.530138 77.823014
114: 61.197833 56.089464
115: 62.020268 75.529904
116: 62.049874 7.234239
117: 62.067178 72.064211
118: 62.331522 20.316630
119: 63.500497 86.282928
120: 63.858139 2.868780
121: 63.972093 23.623035
122: 64.114235 6.591807
123: 65.988772 22.952841
124: 66.223916 33.859118
125: 66.401897 52.116553
126: 68.188306 68.917237
127: 68.321942 65.219642
128: 68.524296 22.393450
129: 69.111379 51.897785
130: 69.326162 77.241385
131: 69.740245 12.891571
132: 70.608810 16.374096
133: 70.888879 60.911586
134: 71.379555 77.946499
135: 72.033682 36.464257
136: 72.470018 32.204094
137: 72.538631 55.469799
138: 73.670760 41.513276
139: 75.052766 80.954207
140: 75.115268 65.949450
141: 75.489490 14.928960
142: 75.945877 77.191835
143: 75.991937 85.266031
144: 76.039997 38.562375
145: 76.237896 44.120849
146: 77.140765 48.334776
147: 77.359221 83.489433
148: 78.030165 8.112459
149: 79.458585 82.507064
150: 79.690824 72.943532
151: 79.752768 63.271371
152: 80.691794 68.803775
153: 80.945504 53.547069
154: 80.984944 74.632930
155: 81.055991 86.729580
156: 81.330852 9.076473
157: 81.521258 47.088096
158: 82.468117 37.969916
159: 82.989064 43.909079
160: 83.482385 75.888186
161: 83.588000 70.423014
162: 83.637550 3.100562
163: 85.585423 18.670369
164: 85.639914 41.654458
165: 87.420069 10.182089
166: 87.603835 67.788317
167: 88.931020 61.298461
168: 89.151347 56.536855
169: 90.325379 19.933709
170: 90.739617 2.425681
171: 90.750491 9.042856
172: 90.787572 30.073791
173: 90.838070 76.327141
174: 90.887528 36.531687
175: 91.422551 48.967158
176: 91.471822 27.080023
177: 91.977050 61.538958
178: 92.575955 58.535523
179: 93.401485 18.400495
Edges
(0,2)
(0,4)
(1,8)
(1,9)
(2,6)
(2,61)
(3,7)
(3,9)
(3,10)
(3,12)
(4,32)
(5,7)
(7,17)
(9,13)
(9,19)
(10,16)
(11,12)
(11,15)
(11,16)
(11,20)
(11,24)
(12,16)
(13,32)
(14,20)
(14,24)
(15,18)
(15,19)
(15,24)
(16,17)
(16,20)
(17,37)
(17,49)
(17,51)
(18,19)
(18,25)
(18,26)
(18,32)
(20,24)
(21,35)
(21,43)
(21,53)
(22,27)
(22,32)
(23,28)
(25,28)
(27,34)
(28,32)
(29,33)
(29,36)
(29,43)
(30,34)
(31,39)
(34,39)
(35,43)
(35,48)
(35,55)
(38,44)
(39,51)
(40,44)
(40,47)
(40,53)
(41,48)
(42,50)
(42,55)
(43,46)
(43,48)
(43,55)
(44,53)
(45,53)
(46,55)
(49,52)
(50,65)
(50,77)
(50,105)
(51,59)
(51,84)
(52,57)
(53,72)
(53,74)
(53,89)
(53,101)
(53,103)
(53,136)
(53,138)
(53,145)
(54,67)
(54,69)
(54,79)
(54,115)
(54,160)
(55,56)
(55,57)
(57,58)
(57,60)
(57,63)
(58,61)
(60,62)
(61,73)
(61,93)
(62,63)
(63,66)
(63,73)
(64,96)
(64,160)
(67,77)
(67,101)
(67,107)
(67,133)
(67,161)
(68,93)
(69,133)
(69,160)
(70,85)
(70,86)
(70,91)
(70,93)
(70,97)
(71,77)
(72,90)
(72,106)
(72,145)
(73,85)
(74,80)
(74,84)
(75,89)
(76,78)
(78,97)
(80,81)
(80,84)
(81,94)
(82,121)
(82,136)
(83,94)
(84,170)
(86,91)
(87,101)
(88,108)
(90,125)
(90,145)
(90,146)
(90,178)
(91,97)
(91,119)
(91,139)
(91,142)
(91,173)
(92,97)
(93,119)
(93,155)
(94,102)
(94,108)
(94,120)
(95,96)
(95,99)
(95,115)
(95,127)
(95,150)
(97,105)
(97,113)
(97,115)
(97,130)
(98,103)
(98,122)
(98,148)
(98,170)
(99,115)
(100,109)
(100,129)
(100,168)
(100,173)
(103,112)
(103,118)
(103,121)
(103,131)
(103,132)
(104,170)
(109,153)
(109,168)
(110,126)
(110,150)
(110,154)
(110,160)
(111,121)
(113,134)
(113,173)
(114,160)
(115,160)
(115,173)
(116,120)
(116,122)
(117,160)
(118,159)
(119,143)
(119,147)
(120,170)
(122,162)
(123,128)
(123,148)
(123,159)
(124,136)
(124,157)
(125,137)
(126,150)
(128,175)
(131,148)
(132,148)
(133,140)
(133,152)
(135,136)
(136,144)
(136,159)
(137,173)
(138,178)
(139,147)
(139,173)
(141,148)
(141,158)
(144,157)
(144,159)
(144,178)
(148,158)
(148,163)
(148,170)
(149,173)
(151,168)
(152,173)
(155,173)
(156,170)
(156,171)
(158,164)
(158,165)
(165,175)
(166,167)
(166,178)
(167,168)
(168,178)
(169,171)
(169,172)
(170,172)
(170,174)
(172,174)
(173,177)
(173,178)
(174,175)
(174,176)
(174,179)
(176,179)
(177,178)
