Nodes: 100
Protection radius: 1.000000
Disaster radius: 0.500000
0: 0.240236 27.885337
1: 0.437596 18.999938
2: 0.573188 50.676974
3: 1.113083 14.599327
4: 1.301117 8.360424
5: 2.356400 54.573320
6: 2.808876 50.473356
7: 3.459176 37.284671
8: 3.871194 21.160651
9: 4.793131 54.760480
10: 5.100716 34.234312
11: 5.542262 25.175793
12: 5.613669 9.161271
13: 6.583113 28.322109
14: 7.035616 11.995706
15: 7.990420 24.235945
16: 8.583515 6.718387
17: 8.631307 19.947468
18: 9.003136 0.498180
19: 9.057065 41.795434
20: 9.999352 55.686403
21: 10.971227 23.195765
22: 11.333896 30.256655
23: 11.465243 48.708764
24: 11.755470 7.052654
25: 12.643798 54.162392
26: 13.080794 15.207698
27: 13.277079 31.944429
28: 14.400038 40.977067
29: 14.805379 6.440634
30: 15.223167 29.552766
31: 15.378393 12.808227
32: 15.498163 20.453448
33: 15.764549 32.739030
34: 15.965799 27.043836
35: 16.869311 17.995679
36: 17.038587 11.537192
37: 18.173456 25.596242
38: 19.146742 38.334287
39: 19.673313 4.740970
40: 19.773301 2.121568
41: 20.837034 50.667963
42: 21.283156 7.325460
43: 22.036910 3.798490
44: 22.082682 33.129016
45: 23.068421 36.424180
46: 23.343386 5.629336
47: 23.713473 27.918126
48: 24.071951 46.850978
49: 24.458951 34.479878
50: 24.859648 1.366898
51: 25.155939 31.765039
52: 26.541729 8.622654
53: 26.607771 52.204350
54: 27.196366 41.920997
55: 27.599542 28.578956
56: 27.800888 23.276431
57: 28.167658 31.989496
58: 28.975908 46.789926
59: 29.494332 2.564989
60: 29.562022 7.919749
61: 29.589082 28.356816
62: 30.483046 19.404411
63: 31.412742 39.337212
64: 31.630833 32.594019
65: 31.671002 14.552202
66: 31.827514 16.966448
67: 31.894180 48.302397
68: 32.646412 36.710484
69: 33.748529 20.121963
70: 34.425417 8.900254
71: 34.937991 42.959962
72: 35.661146 2.082588
73: 35.924346 38.772096
74: 36.084658 25.790591
75: 38.030018 0.683054
76: 39.139460 41.121739
77: 40.494317 13.722258
78: 40.681476 43.390824
79: 41.407414 3.188140
80: 41.483400 52.223229
81: 41.952949 30.621750
82: 42.134089 15.376687
83: 42.482594 40.734135
84: 43.591922 7.248897
85: 44.352508 53.544234
86: 45.333138 23.437432
87: 46.254035 34.808629
88: 46.805780 49.239387
89: 47.189315 14.125777
90: 47.288105 3.185316
91: 47.728343 43.617639
92: 48.443518 35.042767
93: 50.159759 43.179282
94: 50.767802 13.363408
95: 51.860216 24.329823
96: 52.750551 0.986503
97: 53.589204 21.288825
98: 54.338100 13.322457
99: 54.499092 35.504299
Edges
(0,5)
(0,7)
(1,10)
(2,5)
(3,8)
(3,20)
(4,11)
(4,15)
(4,17)
(6,7)
(6,9)
(6,20)
(7,20)
(10,20)
(11,20)
(11,23)
(12,14)
(12,16)
(13,21)
(13,22)
(16,40)
(17,24)
(18,75)
(19,23)
(19,25)
(20,80)
(22,24)
(22,26)
(22,31)
(22,36)
(22,40)
(23,28)
(23,32)
(23,34)
(23,45)
(23,69)
(23,77)
(24,29)
(25,68)
(25,77)
(25,80)
(27,36)
(28,33)
(28,37)
(28,39)
(28,42)
(30,35)
(35,39)
(37,42)
(37,44)
(37,47)
(37,52)
(37,65)
(38,62)
(38,69)
(39,46)
(39,79)
(39,84)
(39,90)
(39,94)
(40,50)
(41,58)
(41,67)
(42,70)
(43,50)
(43,72)
(43,75)
(44,62)
(45,49)
(47,65)
(48,58)
(51,69)
(53,67)
(53,78)
(54,58)
(55,77)
(56,70)
(57,77)
(58,68)
(58,71)
(58,73)
(58,82)
(59,72)
(60,70)
(61,77)
(63,68)
(64,68)
(66,77)
(67,98)
(68,74)
(68,77)
(71,73)
(71,81)
(72,79)
(72,96)
(73,89)
(73,94)
(76,83)
(76,87)
(80,85)
(80,92)
(81,94)
(84,90)
(85,92)
(85,95)
(85,98)
(86,94)
(87,98)
(88,91)
(88,95)
(90,94)
(91,95)
(93,95)
(93,99)
(95,97)
(96,98)
(98,99)
