Nodes: 60
Protection radius: 1.000000
Disaster radius: 0.500000
0: 0.008067 15.441491
1: 0.419387 17.993569
2: 2.068124 13.411790
3: 2.730313 35.179454
4: 3.063187 30.592222
5: 3.363033 20.202554
6: 3.416407 32.858543
7: 4.592121 37.542001
8: 4.690481 24.572314
9: 4.937279 28.576874
10: 5.445022 5.261625
11: 7.157093 30.938686
12: 7.308837 15.113607
13: 7.395382 2.531913
14: 7.561470 21.561835
15: 7.944134 5.600450
16: 10.153820 12.594489
17: 10.245216 16.504393
18: 10.598187 30.238325
19: 11.989870 9.978760
20: 13.375029 1.129588
21: 14.708324 12.246116
22: 14.803109 21.728677
23: 14.941305 24.631805
24: 16.012486 29.552085
25: 16.535570 35.833426
26: 17.029235 10.969923
27: 17.760021 38.658381
28: 19.733281 22.235086
29: 19.900662 16.569321
30: 21.386206 8.363521
31: 22.233129 23.046073
32: 22.949104 37.551149
33: 23.594018 15.156444
34: 23.939909 24.995794
35: 24.582747 8.523035
36: 25.160467 20.849781
37: 25.422323 37.154783
38: 26.171646 34.708372
39: 26.202738 12.510055
40: 26.483153 15.906295
41: 28.055512 21.398949
42: 29.019168 13.542417
43: 29.593313 17.446232
44: 30.098761 21.420707
45: 31.510549 0.546675
46: 31.744408 32.614675
47: 32.477536 23.578839
48: 32.506323 4.023374
49: 32.850476 30.867345
50: 34.196211 34.051415
51: 34.374821 8.480701
52: 35.173014 13.608249
53: 35.603731 18.603693
54: 35.837960 4.500419
55: 35.843335 24.190099
56: 36.700155 11.288641
57: 36.706947 6.326834
58: 37.991948 0.758959
59: 38.632784 31.469484
Edges
(0,10)
(1,4)
(2,16)
(3,7)
(4,6)
(4,8)
(4,11)
(5,8)
(7,11)
(9,11)
(9,18)
(10,15)
(10,16)
(12,16)
(13,15)
(14,17)
(14,18)
(14,22)
(15,20)
(16,17)
(17,21)
(18,23)
(18,25)
(19,21)
(20,45)
(22,28)
(24,25)
(24,32)
(26,29)
(26,33)
(27,32)
(28,31)
(28,36)
(30,35)
(33,36)
(33,39)
(34,38)
(34,41)
(34,46)
(35,51)
(36,43)
(37,46)
(37,50)
(40,43)
(42,43)
(42,51)
(43,44)
(46,49)
(47,53)
(48,51)
(50,59)
(51,54)
(51,56)
(52,56)
(53,55)
(53,56)
(56,59)
(57,58)
(58,59)
