Nodes: 180
Protection radius: 1.000000
Disaster radius: 0.500000
0: 0.017811 46.948361
1: 0.150555 77.392080
2: 0.971782 84.383961
3: 1.668244 24.419365
4: 2.889238 6.016195
5: 2.906717 28.563345
6: 2.944475 58.381988
7: 3.193582 69.747159
8: 3.546767 61.537412
9: 3.888226 22.919839
10: 3.933510 26.827371
11: 4.320567 81.133901
12: 4.490305 51.799583
13: 5.118031 29.053671
14: 5.538402 13.372937
15: 7.325693 27.046645
16: 8.164932 41.875914
17: 8.193975 21.124909
18: 8.502488 49.232263
19: 8.506735 63.072506
20: 8.636929 83.975519
21: 9.624245 2.283392
22: 10.076597 16.306837
23: 10.193641 6.226626
24: 10.196877 47.998092
25: 11.928300 13.040938
26: 12.805375 80.070650
27: 13.464789 34.124490
28: 13.799326 20.899793
29: 14.996208 38.329589
30: 15.080591 45.499877
31: 15.330349 23.436733
32: 15.386755 4.763738
33: 15.798536 82.860810
34: 16.154773 21.266697
35: 16.265639 29.497057
36: 16.730438 54.640396
37: 16.777105 66.273743
38: 16.941714 18.269229
39: 17.552341 46.566179
40: 18.065330 22.407246
41: 18.117589 14.114550
42: 18.320635 26.474261
43: 18.857795 75.108128
44: 19.218934 63.057166
45: 20.021123 57.801873
46: 21.310809 42.586027
47: 21.345791 28.460997
48: 21.356654 20.724067
49: 21.551213 0.363110
50: 21.983956 38.133927
51: 22.138563 6.815798
52: 22.323257 50.038490
53: 22.685345 45.290906
54: 24.530058 14.490344
55: 25.738739 61.065800
56: 25.850732 80.898594
57: 25.987782 6.886564
58: 26.077378 77.260295
59: 26.939291 26.183488
60: 27.229862 18.135400
61: 27.262509 52.208765
62: 27.875608 28.522440
63: 29.028809 62.205097
64: 29.170993 80.724355
65: 29.550083 1.146915
66: 30.091959 39.486358
67: 30.105166 26.863885
68: 30.148124 51.259092
69: 30.931277 6.137600
70: 31.040051 13.044556
71: 31.273820 76.036624
72: 31.951141 58.383896
73: 32.220813 45.750468
74: 32.637128 22.833772
75: 33.015896 65.453064
76: 34.439649 50.189469
77: 34.988422 38.887829
78: 35.193847 24.116592
79: 36.098294 70.900778
80: 36.122098 40.696883
81: 36.292776 12.560116
82: 37.174747 4.193943
83: 37.324116 24.946470
84: 38.877074 48.047425
85: 39.009834 9.426629
86: 39.468448 12.497517
87: 39.509865 42.735338
88: 39.924917 31.147234
89: 40.588811 58.016485
90: 40.722013 22.386531
91: 41.088550 19.469975
92: 41.371372 76.091756
93: 41.601841 28.850625
94: 42.278560 63.686140
95: 42.519538 2.006020
96: 42.571779 38.100564
97: 42.730749 21.374465
98: 43.999810 18.709788
99: 44.107273 12.627552
100: 44.666742 69.917125
101: 45.122489 76.718209
102: 45.686063 3.970988
103: 46.133799 84.556310
104: 46.681551 75.266964
105: 47.070065 72.122791
106: 48.462869 10.233895
107: 48.481194 36.375225
108: 49.246508 51.233236
109: 50.838821 34.215141
110: 51.170014 37.643398
111: 51.637676 17.764688
112: 52.174798 81.507746
113: 52.567859 84.880020
114: 52.679938 30.226053
115: 52.848747 19.883896
116: 53.024357 76.003337
117: 53.282490 52.241935
118: 54.082975 36.438225
119: 54.125038 33.408998
120: 54.452123 17.702220
121: 54.573625 15.651721
122: 54.819990 85.787445
123: 55.382889 76.371203
124: 55.513250 52.428423
125: 56.015502 74.331926
126: 57.603902 60.144411
127: 57.895469 42.802092
128: 58.387059 32.602769
129: 59.087334 8.650291
130: 59.550282 20.665331
131: 59.787298 0.883218
132: 59.803202 28.636502
133: 60.761407 38.452784
134: 61.062910 81.312837
135: 61.091980 57.472117
136: 61.889517 8.220119
137: 62.676139 1.840834
138: 63.265595 44.135578
139: 63.987775 51.008906
140: 64.556064 62.289970
141: 65.273448 8.083490
142: 65.362375 5.484859
143: 66.374540 18.215885
144: 67.672428 69.960611
145: 67.949692 25.838045
146: 68.663423 42.070656
147: 69.344629 57.167186
148: 69.399951 17.784279
149: 69.632672 0.742493
150: 70.606727 30.918935
151: 70.940260 40.454926
152: 70.946398 9.356404
153: 71.002811 68.483073
154: 72.154791 55.331075
155: 72.454079 72.184612
156: 73.395437 43.015733
157: 73.654273 14.467295
158: 74.121105 33.903671
159: 75.284912 52.677169
160: 75.916925 72.527693
161: 76.098104 31.334556
162: 76.902375 70.593841
163: 76.948351 42.038514
164: 77.409639 60.391169
165: 78.009356 14.004928
166: 78.215689 80.556052
167: 79.283689 68.197714
168: 80.327406 55.150571
169: 80.837194 78.914711
170: 81.334059 17.823017
171: 81.557014 28.101859
172: 81.689921 48.205697
173: 81.939598 9.543895
174: 82.174224 75.162607
175: 82.307275 12.755382
176: 84.802282 3.975557
177: 85.015923 11.395378
178: 85.162763 84.891406
179: 85.645006 51.875004
Edges
(0,1)
(0,3)
(0,5)
(0,6)
(0,12)
(0,18)
(1,6)
(2,11)
(2,20)
(3,4)
(3,10)
(5,10)
(5,13)
(6,8)
(6,12)
(7,19)
(9,10)
(10,15)
(11,20)
(11,26)
(12,18)
(12,36)
(14,17)
(15,27)
(15,31)
(16,24)
(17,22)
(18,24)
(18,36)
(19,36)
(20,26)
(20,33)
(21,23)
(21,49)
(22,28)
(24,30)
(24,39)
(25,32)
(26,33)
(26,37)
(27,35)
(27,50)
(28,34)
(28,38)
(29,30)
(29,46)
(29,50)
(32,49)
(33,103)
(34,38)
(34,40)
(36,52)
(38,41)
(38,48)
(39,46)
(41,48)
(41,51)
(41,54)
(42,48)
(43,44)
(43,56)
(45,52)
(45,61)
(46,66)
(47,48)
(47,50)
(47,59)
(47,62)
(49,51)
(49,65)
(49,149)
(50,62)
(51,57)
(53,61)
(53,66)
(53,68)
(53,73)
(55,61)
(55,63)
(55,72)
(56,103)
(57,69)
(57,70)
(58,63)
(58,64)
(58,71)
(59,60)
(59,62)
(59,67)
(60,74)
(61,68)
(64,71)
(64,92)
(66,73)
(67,74)
(67,78)
(67,83)
(67,88)
(68,72)
(68,76)
(69,70)
(69,81)
(70,74)
(71,79)
(72,76)
(72,89)
(73,84)
(73,87)
(74,81)
(74,91)
(75,94)
(77,88)
(77,96)
(78,90)
(78,91)
(79,94)
(79,100)
(80,87)
(80,96)
(82,85)
(82,95)
(83,88)
(83,93)
(85,95)
(85,102)
(86,91)
(87,96)
(88,93)
(88,96)
(88,107)
(89,94)
(89,108)
(90,93)
(90,97)
(91,97)
(91,98)
(92,100)
(92,104)
(93,107)
(95,102)
(95,131)
(96,108)
(96,110)
(97,114)
(98,115)
(99,102)
(100,104)
(100,126)
(101,103)
(101,104)
(101,112)
(103,112)
(103,113)
(104,116)
(105,125)
(106,111)
(106,121)
(106,129)
(107,109)
(109,118)
(109,119)
(110,118)
(110,127)
(111,115)
(111,120)
(112,113)
(113,122)
(114,115)
(114,128)
(114,132)
(116,123)
(117,126)
(117,127)
(118,119)
(118,127)
(118,133)
(120,121)
(122,178)
(123,125)
(123,134)
(124,135)
(124,139)
(125,126)
(125,140)
(125,144)
(126,135)
(126,140)
(127,133)
(127,139)
(128,132)
(129,130)
(129,131)
(130,143)
(132,145)
(132,150)
(133,138)
(134,144)
(134,155)
(134,166)
(135,139)
(135,147)
(136,137)
(136,141)
(136,143)
(137,142)
(137,149)
(138,139)
(139,146)
(139,159)
(140,147)
(141,142)
(142,152)
(143,148)
(145,148)
(145,171)
(147,164)
(148,152)
(148,157)
(149,176)
(150,158)
(150,161)
(151,156)
(152,157)
(152,165)
(153,167)
(154,159)
(154,164)
(156,159)
(156,163)
(156,172)
(157,170)
(158,161)
(159,168)
(160,166)
(160,174)
(162,167)
(162,174)
(163,171)
(163,172)
(164,168)
(165,173)
(166,169)
(167,168)
(168,172)
(169,178)
(170,175)
(173,177)
(176,177)
(177,179)
