Nodes: 100
Protection radius: 1.000000
Disaster radius: 0.500000
0: 0.081083 38.284399
1: 0.617717 23.706703
2: 0.653350 43.976063
3: 2.074020 5.875809
4: 2.230811 12.491908
5: 2.811751 27.376229
6: 3.464772 40.533455
7: 3.897313 53.370203
8: 5.290457 2.860591
9: 6.495297 7.537279
10: 7.372317 17.758269
11: 7.921569 43.448114
12: 8.355033 60.284189
13: 9.104048 34.702221
14: 9.732715 56.503506
15: 9.836700 13.843907
16: 10.268144 2.854109
17: 10.589876 59.867092
18: 11.057487 9.595990
19: 12.941861 60.660333
20: 12.960425 49.566882
21: 13.108996 2.168324
22: 15.071539 21.264527
23: 17.178225 9.058102
24: 17.845647 4.224061
25: 18.067969 25.954409
26: 18.439030 45.604551
27: 19.029265 56.034103
28: 19.404460 11.176367
29: 19.499229 51.267689
30: 19.880188 38.722051
31: 20.225040 26.661608
32: 21.748663 25.309565
33: 23.072041 29.665863
34: 23.855888 49.799431
35: 24.084135 9.261236
36: 24.840398 16.984829
37: 25.146510 22.299060
38: 25.785877 12.780664
39: 26.388560 25.979994
40: 26.482451 56.909128
41: 26.727390 16.063430
42: 27.226912 52.358064
43: 27.278359 46.809975
44: 28.285163 28.737710
45: 28.461346 2.913854
46: 28.695068 10.510017
47: 29.173921 19.730159
48: 29.836339 61.508058
49: 30.694834 21.940851
50: 30.752228 26.354944
51: 31.312848 45.635785
52: 31.999026 3.731109
53: 32.468819 39.049867
54: 32.537417 31.641807
55: 32.885312 26.973306
56: 33.050310 56.029480
57: 34.621138 40.893826
58: 35.406990 48.096643
59: 36.752803 36.335220
60: 37.504669 6.669280
61: 39.741610 3.789832
62: 39.880105 37.523166
63: 39.948387 10.450873
64: 40.707810 12.903215
65: 40.769975 20.340362
66: 41.097651 16.203592
67: 42.391974 61.817271
68: 42.625349 59.101751
69: 43.828882 22.756781
70: 45.440616 13.359990
71: 45.729294 8.964909
72: 47.109021 52.908380
73: 47.336070 18.820940
74: 47.802917 47.252422
75: 48.103348 6.695367
76: 48.697731 14.776544
77: 49.312239 2.309033
78: 49.361456 32.346321
79: 50.841825 59.799240
80: 51.181183 21.127447
81: 51.706470 43.475188
82: 52.320705 0.772980
83: 53.605257 32.517369
84: 54.432380 48.980432
85: 54.569459 53.816806
86: 55.218656 56.417008
87: 55.281435 43.094939
88: 56.086659 37.025996
89: 56.192788 29.445430
90: 56.454929 18.462363
91: 57.292021 34.627766
92: 58.221077 25.351526
93: 58.484034 3.520208
94: 59.128446 15.467214
95: 59.490448 36.517253
96: 59.893598 29.971458
97: 60.582176 2.375600
98: 61.808143 56.880925
99: 61.954054 53.686340
Edges
(0,7)
(1,4)
(1,7)
(2,7)
(3,5)
(3,7)
(3,9)
(3,11)
(3,14)
(6,7)
(8,16)
(9,10)
(11,15)
(11,16)
(12,19)
(12,20)
(12,32)
(12,36)
(12,41)
(13,15)
(14,21)
(14,25)
(16,18)
(17,56)
(17,68)
(19,48)
(19,67)
(20,26)
(20,29)
(21,35)
(21,41)
(22,28)
(22,36)
(23,28)
(24,45)
(24,52)
(25,31)
(27,40)
(29,40)
(30,33)
(30,34)
(30,50)
(34,43)
(34,56)
(37,50)
(38,52)
(38,61)
(39,44)
(39,50)
(40,42)
(41,55)
(41,60)
(43,51)
(46,61)
(47,55)
(49,61)
(51,55)
(53,57)
(54,57)
(56,57)
(56,59)
(56,61)
(58,87)
(59,62)
(59,63)
(59,69)
(61,64)
(61,66)
(61,73)
(61,76)
(61,77)
(61,87)
(61,90)
(65,69)
(67,74)
(67,86)
(70,80)
(71,90)
(72,84)
(73,83)
(73,88)
(73,89)
(73,91)
(75,82)
(75,93)
(78,81)
(79,98)
(80,89)
(81,87)
(84,95)
(85,95)
(87,95)
(92,93)
(92,94)
(92,95)
(92,99)
(94,96)
(94,97)
(95,98)
