Nodes: 20
Protection radius: 1.000000
Disaster radius: 0.500000
0: 0.242926 0.852530
1: 0.666081 3.090483
2: 0.875067 7.632542
3: 1.564407 10.682621
4: 2.660539 8.997600
5: 2.866533 2.261103
6: 4.081464 5.987311
7: 5.036596 1.151443
8: 5.207823 9.374243
9: 6.284218 11.444065
10: 6.542493 6.730381
11: 7.010655 0.306071
12: 7.294642 3.193735
13: 8.327147 9.976477
14: 9.026376 1.677191
15: 9.299787 5.838420
16: 11.431430 9.189407
17: 11.534682 6.079197
18: 11.746206 11.954559
19: 11.996942 2.507610
Edges
(0,1)
(0,2)
(0,7)
(0,11)
(1,5)
(2,6)
(3,8)
(3,9)
(4,8)
(5,6)
(5,7)
(5,12)
(6,8)
(6,10)
(8,9)
(9,13)
(10,12)
(12,14)
(12,15)
(15,17)
(15,19)
(16,18)
(18,19)
