Nodes: 20
Protection radius: 1.000000
Disaster radius: 0.500000
0: 0.263971 4.053012
1: 3.116265 3.920987
2: 3.221892 0.685164
3: 3.657016 7.074263
4: 4.596824 11.657740
5: 5.200485 9.574818
6: 5.573300 4.230373
7: 6.186255 13.749623
8: 8.707152 10.056238
9: 9.699637 3.514347
10: 9.721451 12.374040
11: 11.127275 6.336511
12: 11.468076 16.327760
13: 11.726413 11.383230
14: 12.728020 1.618119
15: 14.328218 9.584150
16: 14.857737 14.323922
17: 15.140147 1.559691
18: 15.647559 5.066802
19: 15.871076 12.534264
Edges
(0,14)
(1,3)
(1,4)
(1,14)
(2,14)
(2,17)
(4,6)
(5,7)
(6,7)
(6,11)
(6,14)
(6,17)
(6,18)
(7,8)
(7,10)
(9,18)
(11,12)
(12,16)
(13,19)
(15,18)
(18,19)
