Nodes: 100
Protection radius: 1.000000
Disaster radius: 0.500000
0: 0.066122 14.291393
1: 0.122257 21.955669
2: 0.893842 28.902582
3: 1.102696 25.007795
4: 1.535470 11.620075
5: 2.267070 31.980767
6: 2.401039 3.079638
7: 3.786655 15.594964
8: 4.397732 23.630202
9: 4.668067 28.558999
10: 5.051115 7.105078
11: 5.241379 9.809685
12: 6.110748 36.245278
13: 6.252155 11.763822
14: 6.452178 41.832779
15: 6.522443 18.393642
16: 6.536688 39.456151
17: 8.303055 36.991602
18: 9.373812 43.065427
19: 10.356090 10.162247
20: 11.080897 36.344500
21: 11.112743 3.540328
22: 11.384515 48.342404
23: 11.648842 26.428638
24: 12.539773 42.848321
25: 12.895079 12.105231
26: 13.556686 23.183910
27: 14.263543 0.152341
28: 15.372607 4.009574
29: 15.501416 11.417738
30: 15.914047 39.693818
31: 17.253740 9.653426
32: 17.290946 29.660271
33: 18.083619 39.306757
34: 18.173873 14.682335
35: 19.055032 5.507292
36: 19.217501 33.916773
37: 20.398616 16.200176
38: 20.437814 29.342464
39: 20.843084 23.672502
40: 21.277248 10.095018
41: 21.512757 4.948630
42: 22.036556 12.487211
43: 23.123163 6.602997
44: 23.151314 24.602622
45: 23.350199 29.744056
46: 23.969958 21.301593
47: 25.206217 8.999446
48: 25.580530 2.747121
49: 26.012777 42.022323
50: 26.190585 20.458167
51: 26.779399 30.280046
52: 26.934274 36.318959
53: 26.970591 48.163675
54: 27.349743 45.455880
55: 27.904590 28.365036
56: 28.203327 10.920222
57: 28.581075 25.942222
58: 28.744576 34.158851
59: 29.276342 17.947629
60: 29.670292 36.791919
61: 29.903795 43.155386
62: 30.420465 15.313767
63: 30.742677 5.455992
64: 30.880853 28.018265
65: 31.513944 17.925511
66: 31.649703 31.478394
67: 32.557066 12.850922
68: 33.958355 30.424705
69: 33.980646 5.072074
70: 34.390880 38.018640
71: 35.090240 45.117491
72: 36.082064 26.474373
73: 38.090809 9.335612
74: 38.938487 48.625875
75: 39.229585 1.587962
76: 39.297400 36.359395
77: 40.322821 9.084180
78: 41.098279 18.967692
79: 41.168230 13.834816
80: 41.391180 32.205671
81: 41.794459 2.870191
82: 41.849286 23.364488
83: 42.518739 26.591884
84: 42.895469 12.623160
85: 43.768707 40.881208
86: 43.867733 36.778664
87: 44.114862 25.055268
88: 44.912142 29.237367
89: 45.778926 23.443551
90: 46.075782 3.202030
91: 46.539933 5.602176
92: 46.627460 47.464621
93: 46.664151 7.810763
94: 46.758347 38.788611
95: 47.103205 43.671521
96: 47.478315 13.281372
97: 48.778216 6.431872
98: 49.751638 0.819081
99: 49.788836 23.350284
Edges
(0,15)
(0,49)
(1,30)
(2,3)
(2,5)
(2,14)
(4,6)
(4,7)
(4,10)
(4,11)
(5,16)
(5,17)
(6,21)
(7,11)
(8,33)
(9,20)
(9,24)
(10,11)
(11,13)
(11,23)
(12,17)
(12,18)
(12,22)
(13,25)
(13,28)
(14,22)
(18,54)
(19,73)
(20,24)
(21,27)
(22,74)
(23,25)
(23,38)
(24,71)
(24,92)
(25,26)
(25,37)
(25,46)
(25,52)
(27,28)
(28,35)
(29,34)
(29,40)
(30,33)
(30,71)
(31,35)
(31,43)
(31,73)
(32,38)
(33,49)
(35,69)
(36,52)
(36,61)
(39,45)
(39,52)
(39,55)
(39,79)
(39,85)
(40,46)
(40,56)
(40,73)
(41,81)
(42,56)
(42,59)
(42,67)
(42,73)
(43,47)
(44,85)
(46,50)
(48,75)
(50,77)
(51,85)
(53,92)
(54,92)
(55,66)
(57,76)
(57,79)
(58,61)
(59,77)
(60,70)
(60,71)
(62,73)
(62,90)
(63,73)
(64,84)
(65,77)
(65,84)
(66,85)
(68,72)
(68,91)
(68,93)
(68,96)
(71,85)
(74,92)
(75,98)
(76,83)
(76,85)
(78,96)
(80,83)
(81,90)
(82,89)
(83,87)
(84,90)
(85,87)
(86,92)
(87,88)
(87,95)
(88,94)
(89,94)
(90,97)
(90,98)
(92,99)
(93,97)
(94,96)
(94,97)
(94,98)
(95,99)
