Nodes: 20
Protection radius: 1.000000
Disaster radius: 0.500000
0: 0.886418 8.545498
1: 2.188211 3.008419
2: 3.463406 7.810283
3: 4.566975 3.386604
4: 5.866193 9.130425
5: 5.976129 0.577203
6: 6.001685 6.862547
7: 7.480959 11.648565
8: 8.423519 2.972212
9: 9.122702 9.465091
10: 9.780612 6.471449
11: 10.023840 1.160632
12: 10.048717 12.156622
13: 11.903878 13.045099
14: 12.271610 10.924968
15: 13.980758 0.650874
16: 14.247030 15.869957
17: 14.495011 8.927896
18: 14.811066 6.320328
19: 15.132803 3.883588
Edges
(0,1)
(1,3)
(2,3)
(2,6)
(3,8)
(4,6)
(4,7)
(5,15)
(7,16)
(8,11)
(9,10)
(9,14)
(11,15)
(12,14)
(13,14)
(13,16)
(14,17)
(15,19)
(16,18)
