Nodes: 20
Protection radius: 1.000000
Disaster radius: 0.500000
0: 0.090905 4.055538
1: 0.242833 8.300071
2: 0.315227 13.288200
3: 0.752382 1.553597
4: 2.007071 10.272302
5: 2.114599 6.831076
6: 2.781490 1.054874
7: 4.837740 11.831301
8: 6.306185 0.571759
9: 6.588243 8.431201
10: 8.007376 11.912779
11: 8.932246 3.041902
12: 9.678757 13.657202
13: 10.384861 7.712978
14: 11.432332 2.581494
15: 11.929117 14.260353
16: 12.915210 9.401621
17: 13.457159 7.271377
18: 14.340750 0.768815
19: 14.712076 12.011596
Edges
(0,1)
(0,3)
(1,4)
(2,4)
(2,15)
(4,5)
(4,9)
(5,6)
(5,11)
(6,8)
(7,12)
(8,18)
(9,13)
(10,16)
(11,14)
(12,16)
(15,16)
(16,17)
(16,19)
