Nodes: 100
Protection radius: 1.000000
Disaster radius: 0.500000
0: 0.872531 50.034596
1: 0.903088 23.363511
2: 2.301764 20.007996
3: 2.849987 36.547660
4: 4.301984 19.709710
5: 4.495979 0.578223
6: 4.942476 16.962781
7: 5.518680 10.302418
8: 5.546605 31.768575
9: 6.001794 52.904232
10: 6.222512 3.072764
11: 6.678860 22.694066
12: 7.465664 46.674765
13: 8.445525 19.874820
14: 8.956433 52.139119
15: 9.480944 55.285727
16: 9.692084 42.683816
17: 10.118302 47.050713
18: 10.499976 5.685207
19: 11.531626 0.251894
20: 11.847368 30.653285
21: 12.080448 41.517583
22: 12.256720 36.359919
23: 12.660797 18.718919
24: 12.752008 20.837832
25: 13.712562 3.325901
26: 14.042592 6.972664
27: 14.260258 52.827835
28: 14.944086 12.057603
29: 15.184121 28.188847
30: 15.709199 23.761063
31: 15.978125 54.062550
32: 17.100666 16.474102
33: 17.183183 34.643251
34: 17.815830 24.304171
35: 18.058821 29.908139
36: 18.070545 10.843166
37: 18.534376 26.623689
38: 19.414361 45.354436
39: 19.891537 33.815047
40: 20.513524 8.634244
41: 21.365360 46.636594
42: 21.454184 32.113137
43: 22.034671 13.658705
44: 22.505068 49.930425
45: 22.563166 34.564919
46: 23.057549 23.806376
47: 23.726267 2.445916
48: 24.872834 27.576442
49: 25.722992 51.540975
50: 25.794248 3.174295
51: 26.264807 9.759377
52: 26.573969 19.166403
53: 27.322339 24.053056
54: 28.153899 43.892014
55: 28.463439 21.922516
56: 29.020920 33.557525
57: 29.255301 49.519259
58: 29.491583 47.079741
59: 29.647293 16.088460
60: 30.002269 29.948779
61: 30.807754 9.089487
62: 31.272796 12.794721
63: 32.020469 21.836066
64: 33.221768 7.098404
65: 33.552334 49.235144
66: 33.602909 3.489921
67: 34.528608 18.364944
68: 35.818665 7.344444
69: 36.300149 53.373560
70: 36.926107 12.055753
71: 37.178416 55.675692
72: 37.878860 1.587008
73: 38.428628 52.610158
74: 39.008247 43.925203
75: 39.685820 12.947328
76: 40.733414 37.948738
77: 41.048919 18.279889
78: 42.129177 32.643545
79: 42.529914 44.441304
80: 43.316902 38.972527
81: 43.355736 14.484350
82: 44.075311 23.037796
83: 45.181904 27.477058
84: 46.195977 34.197596
85: 46.284005 21.468772
86: 46.323540 43.359854
87: 46.365468 50.782566
88: 47.667682 1.842701
89: 50.093377 21.800070
90: 51.497077 30.893321
91: 51.949910 53.390956
92: 53.574173 0.315890
93: 54.200681 40.753740
94: 54.414842 7.401003
95: 54.444570 18.804967
96: 54.652879 46.625156
97: 54.803161 28.470472
98: 55.030896 25.969282
99: 55.259400 3.795738
Edges
(0,3)
(0,15)
(1,4)
(1,11)
(2,5)
(2,7)
(3,12)
(4,6)
(6,23)
(7,10)
(7,18)
(7,23)
(8,11)
(9,12)
(9,14)
(9,15)
(11,20)
(11,29)
(12,14)
(12,16)
(12,17)
(13,24)
(14,15)
(14,27)
(15,27)
(15,31)
(16,17)
(16,22)
(17,21)
(17,27)
(18,25)
(18,28)
(19,25)
(19,47)
(19,92)
(20,22)
(20,29)
(20,33)
(21,38)
(23,24)
(23,28)
(24,32)
(26,36)
(28,32)
(29,37)
(30,37)
(31,49)
(32,36)
(32,43)
(33,38)
(33,39)
(34,37)
(34,46)
(35,37)
(36,43)
(38,44)
(38,54)
(40,43)
(41,44)
(41,54)
(41,58)
(42,56)
(43,59)
(44,49)
(45,54)
(45,56)
(46,52)
(48,60)
(49,58)
(49,71)
(50,51)
(50,61)
(50,64)
(50,66)
(52,53)
(52,55)
(53,55)
(54,56)
(54,58)
(55,59)
(56,76)
(56,78)
(57,58)
(57,65)
(57,69)
(59,63)
(59,67)
(60,63)
(61,64)
(61,70)
(62,67)
(63,82)
(64,68)
(64,70)
(65,69)
(65,73)
(66,68)
(67,70)
(67,75)
(68,70)
(68,72)
(68,75)
(69,73)
(70,75)
(71,91)
(72,88)
(73,79)
(73,87)
(74,76)
(74,79)
(75,77)
(75,81)
(76,80)
(77,85)
(78,84)
(79,80)
(79,86)
(79,87)
(80,84)
(80,86)
(81,95)
(82,85)
(83,90)
(84,86)
(84,93)
(85,89)
(86,87)
(88,92)
(88,94)
(88,99)
(89,95)
(89,98)
(90,93)
(90,97)
(92,99)
(93,96)
(94,95)
