Nodes: 180
Protection radius: 1.000000
Disaster radius: 0.500000
0: 0.287802 19.318612
1: 0.558555 79.521034
2: 0.649158 74.953712
3: 0.977535 49.603526
4: 1.157269 34.638363
5: 1.431794 37.373059
6: 1.749704 2.818321
7: 1.838085 30.175085
8: 1.884461 46.672555
9: 2.226852 20.314548
10: 3.259653 88.172985
11: 3.389427 14.829055
12: 3.707942 58.863339
13: 3.803293 64.565260
14: 4.143213 81.578682
15: 5.327248 90.411208
16: 5.723542 19.942793
17: 5.828155 55.943684
18: 6.057658 29.774472
19: 7.579878 66.490570
20: 8.724147 57.471229
21: 8.827123 91.384427
22: 9.291509 7.035665
23: 10.788653 37.366469
24: 10.875401 30.006987
25: 11.178983 21.251424
26: 11.458523 52.688245
27: 12.128797 90.298998
28: 13.163402 19.352468
29: 13.542268 29.028275
30: 13.550575 24.199020
31: 13.640898 45.973480
32: 13.971851 12.274418
33: 14.744027 65.785268
34: 15.223762 80.844671
35: 15.986654 52.341643
36: 16.093642 13.094802
37: 16.192456 36.792360
38: 16.932060 47.604659
39: 17.102105 24.576940
40: 17.619142 32.910936
41: 19.678958 24.106367
42: 20.716940 33.093652
43: 21.039657 20.556938
44: 21.084445 49.454132
45: 21.284338 45.265147
46: 21.734928 26.769636
47: 22.463770 85.576718
48: 22.550190 37.085457
49: 23.162976 16.392718
50: 23.251301 82.604867
51: 23.311598 90.024382
52: 23.509578 61.883487
53: 25.032432 52.752619
54: 25.237116 13.738625
55: 25.557339 66.253930
56: 27.370109 50.012435
57: 28.942995 26.448236
58: 29.253757 60.199722
59: 29.616530 30.411026
60: 30.675630 82.456538
61: 31.241298 55.987809
62: 31.330024 73.355685
63: 31.388268 67.720110
64: 31.478978 4.957449
65: 33.547730 20.978329
66: 33.719643 63.821333
67: 34.878850 26.402321
68: 35.098078 1.234311
69: 35.720671 80.675022
70: 35.865398 21.281421
71: 36.027167 77.378984
72: 37.908496 64.116346
73: 38.264521 60.022092
74: 38.279729 53.523219
75: 38.559007 49.706296
76: 40.234346 17.405909
77: 40.535212 85.352665
78: 41.122184 28.947728
79: 41.398479 48.712329
80: 41.798644 59.010795
81: 42.346911 91.334347
82: 44.307827 30.914809
83: 44.426264 10.744305
84: 44.891488 62.572449
85: 44.975157 75.112487
86: 45.337182 42.955913
87: 45.766574 26.115894
88: 46.169492 67.983558
89: 46.946118 15.112056
90: 47.516422 72.522045
91: 47.922707 89.634185
92: 48.022992 76.117529
93: 49.342823 44.068449
94: 49.926057 6.005352
95: 50.058275 38.980324
96: 50.267277 78.566852
97: 50.526571 67.856757
98: 50.527893 47.049970
99: 50.743250 88.106281
100: 50.837639 91.784426
101: 51.475575 36.087326
102: 52.235742 69.857332
103: 52.442214 90.026272
104: 52.774964 83.675070
105: 53.089547 0.981586
106: 54.861756 58.443241
107: 55.885480 86.553737
108: 56.290979 69.707024
109: 56.542901 56.567139
110: 57.575754 35.017444
111: 58.620918 3.678537
112: 58.639784 63.423403
113: 59.280190 85.985330
114: 60.097650 88.487766
115: 60.130230 29.929825
116: 60.276879 82.394911
117: 60.298110 59.101447
118: 61.010076 15.605975
119: 62.345827 60.480127
120: 62.998608 28.349178
121: 63.321767 86.156209
122: 63.388491 80.319847
123: 63.413786 78.238639
124: 63.516841 88.791092
125: 64.365850 83.688963
126: 65.241689 68.649015
127: 65.724270 1.528480
128: 67.006022 88.371631
129: 67.650884 63.241899
130: 68.301394 55.479777
131: 69.247251 19.328958
132: 69.842705 61.086110
133: 69.911043 37.780505
134: 69.955228 51.392571
135: 69.963753 28.449329
136: 70.810623 67.373065
137: 70.833711 45.178165
138: 71.600925 64.116633
139: 72.246658 75.521873
140: 72.314236 29.506102
141: 72.434755 34.440763
142: 73.366939 2.487242
143: 73.664165 91.278462
144: 74.218752 48.908997
145: 74.564012 44.635889
146: 74.846867 38.806020
147: 75.181584 26.178472
148: 75.498938 70.472898
149: 75.848007 51.807979
150: 76.162788 86.529204
151: 76.604980 22.061981
152: 77.965695 74.669914
153: 78.276204 35.432191
154: 78.298543 59.187624
155: 78.996106 70.111808
156: 80.458946 62.666523
157: 80.509063 24.844688
158: 80.525575 16.630756
159: 81.322395 0.360813
160: 82.002359 5.110965
161: 82.317065 52.343438
162: 82.344829 87.114591
163: 83.567416 57.943046
164: 84.049776 81.369565
165: 84.779500 91.338948
166: 85.397902 67.207516
167: 85.718971 58.769630
168: 86.325199 15.769121
169: 86.379455 88.693676
170: 86.470329 55.914743
171: 87.094310 52.918125
172: 88.405874 61.206963
173: 89.212331 72.672286
174: 90.045538 51.032815
175: 90.232240 75.735191
176: 90.468750 16.082208
177: 90.713064 24.767723
178: 92.511625 70.749716
179: 92.673510 45.736338
Edges
(0,1)
(1,10)
(2,4)
(2,14)
(2,19)
(3,18)
(3,23)
(3,35)
(3,45)
(3,55)
(3,79)
(3,86)
(4,7)
(5,22)
(6,11)
(8,25)
(9,16)
(10,15)
(10,19)
(11,16)
(11,22)
(12,17)
(12,33)
(12,69)
(13,69)
(18,22)
(18,25)
(19,21)
(19,34)
(20,62)
(21,77)
(22,29)
(22,68)
(24,31)
(24,37)
(26,35)
(27,47)
(28,32)
(29,36)
(29,54)
(30,36)
(31,86)
(32,64)
(33,62)
(35,52)
(36,49)
(37,39)
(38,79)
(40,48)
(40,57)
(40,59)
(40,78)
(40,179)
(41,43)
(41,46)
(41,67)
(41,83)
(41,105)
(41,115)
(41,120)
(42,133)
(44,61)
(44,88)
(47,50)
(48,86)
(50,60)
(50,69)
(50,77)
(51,81)
(53,66)
(53,69)
(53,88)
(54,64)
(55,62)
(56,79)
(56,130)
(56,174)
(57,115)
(58,77)
(61,119)
(61,126)
(63,69)
(65,83)
(70,83)
(70,89)
(71,77)
(72,81)
(72,88)
(73,88)
(74,119)
(74,163)
(75,145)
(76,94)
(76,105)
(79,95)
(79,98)
(79,145)
(80,112)
(80,119)
(80,132)
(81,91)
(82,115)
(84,116)
(85,92)
(85,100)
(87,111)
(87,118)
(88,90)
(88,96)
(88,103)
(88,116)
(92,103)
(93,95)
(97,108)
(97,122)
(99,100)
(100,148)
(101,179)
(102,122)
(103,104)
(106,119)
(107,116)
(109,117)
(110,133)
(111,127)
(113,125)
(114,121)
(114,124)
(117,154)
(118,131)
(120,135)
(121,125)
(122,138)
(122,170)
(122,174)
(123,129)
(123,138)
(124,148)
(128,139)
(128,148)
(131,142)
(133,140)
(133,142)
(133,147)
(134,163)
(136,154)
(137,145)
(140,160)
(141,179)
(142,159)
(143,165)
(143,167)
(143,169)
(144,179)
(146,179)
(147,151)
(148,152)
(149,161)
(150,169)
(151,153)
(151,168)
(151,176)
(151,179)
(152,156)
(154,163)
(155,170)
(157,176)
(158,160)
(161,163)
(162,175)
(163,171)
(164,166)
(166,167)
(166,175)
(167,173)
(170,175)
(172,174)
(172,178)
(176,177)
