Nodes: 180
Protection radius: 1.000000
Disaster radius: 0.500000
0: 0.055598 26.464179
1: 0.397134 7.547635
2: 0.724219 39.219138
3: 0.888292 59.362652
4: 1.637081 45.985184
5: 2.017358 35.214183
6: 2.150077 63.617916
7: 2.476744 32.257013
8: 2.485911 82.706436
9: 2.551410 85.364942
10: 3.049090 7.128009
11: 3.097887 10.138091
12: 3.603454 20.852072
13: 3.942061 27.755057
14: 4.110091 63.041397
15: 4.368347 93.069330
16: 4.654407 89.005471
17: 4.734295 67.725756
18: 4.807500 59.490266
19: 5.086600 15.892467
20: 5.545313 2.942510
21: 7.104856 42.417629
22: 7.625722 32.884734
23: 7.997113 59.540093
24: 8.013046 3.183089
25: 8.178234 37.076338
26: 8.527762 66.416989
27: 9.170966 27.702748
28: 9.412998 95.216496
29: 10.698186 82.837472
30: 11.950406 94.247070
31: 12.794823 80.164340
32: 12.885503 13.261210
33: 14.154729 78.472244
34: 14.192157 1.409140
35: 14.543007 27.714970
36: 15.016099 49.907130
37: 15.456435 82.237678
38: 15.905363 54.124907
39: 16.663908 65.590887
40: 17.064046 31.328263
41: 17.093157 36.324146
42: 17.429205 52.624092
43: 17.611494 26.698723
44: 18.016425 79.516276
45: 18.238428 71.805138
46: 18.562883 57.964994
47: 18.837910 3.912509
48: 19.117670 45.100451
49: 19.209944 19.763547
50: 20.198084 11.304933
51: 20.852029 81.781766
52: 21.300177 14.808830
53: 21.732572 76.541657
54: 23.098777 95.334887
55: 23.145015 21.619879
56: 23.858943 5.027034
57: 24.294562 80.685271
58: 24.544082 13.747275
59: 25.799066 17.720045
60: 26.002127 32.909353
61: 26.911147 62.571595
62: 27.311181 72.675436
63: 27.822753 56.518952
64: 30.229855 87.494974
65: 31.648315 16.313731
66: 31.990059 77.775568
67: 32.020753 23.154375
68: 32.280104 41.979386
69: 33.426970 19.607079
70: 33.840090 56.161243
71: 34.289569 47.517284
72: 34.730460 89.314217
73: 35.286998 84.145708
74: 35.642857 65.122069
75: 36.265648 56.170731
76: 36.706769 95.395370
77: 37.935592 93.487630
78: 38.397411 15.722179
79: 39.248467 40.061973
80: 39.364805 65.451830
81: 39.561454 81.693184
82: 40.927206 58.369920
83: 41.599804 31.051862
84: 41.626041 95.311336
85: 42.249273 20.791936
86: 42.967834 78.238737
87: 43.704433 6.663204
88: 43.723606 63.842550
89: 44.462790 94.548744
90: 44.568547 52.478188
91: 44.823221 49.471477
92: 47.510575 23.492963
93: 49.018838 1.781301
94: 49.049124 44.772862
95: 50.037837 16.956104
96: 50.191686 53.881285
97: 50.725258 81.107072
98: 51.340381 22.559797
99: 51.426948 28.329842
100: 51.828565 86.227022
101: 51.887826 6.579413
102: 54.315835 17.754806
103: 54.498511 84.654108
104: 54.670234 47.619126
105: 56.644125 89.748757
106: 57.764096 38.659811
107: 58.286095 0.236056
108: 58.697419 22.958728
109: 58.766047 83.692009
110: 58.874980 92.434684
111: 59.669052 32.856494
112: 59.694044 27.489067
113: 59.732459 64.948662
114: 60.936480 2.693453
115: 61.143953 0.600132
116: 61.212063 63.161311
117: 61.494797 71.859510
118: 61.788092 19.243233
119: 61.966966 81.843367
120: 62.460351 8.186089
121: 63.153887 66.807319
122: 64.798419 36.181716
123: 66.700526 54.881067
124: 66.714423 90.475605
125: 67.125215 51.373021
126: 67.551040 2.430504
127: 68.825739 92.960406
128: 69.016284 41.642881
129: 69.924315 79.034528
130: 70.111101 68.682164
131: 70.983180 26.181163
132: 72.411419 76.727385
133: 73.586779 95.891449
134: 74.309711 54.127093
135: 75.431074 63.785052
136: 75.591964 52.050831
137: 75.617946 31.220092
138: 75.717646 24.083597
139: 76.428714 72.811465
140: 76.455193 28.468220
141: 77.141789 58.182979
142: 77.583272 1.522627
143: 79.225092 54.379975
144: 79.304224 22.504944
145: 79.326717 42.896850
146: 79.506621 39.152612
147: 81.584034 41.815498
148: 81.699292 1.067604
149: 82.119044 53.694853
150: 82.453517 86.158869
151: 83.347429 31.272389
152: 84.219135 90.687478
153: 84.637124 18.387105
154: 84.906766 59.130037
155: 85.023116 20.807869
156: 85.470205 27.237977
157: 85.720052 84.390824
158: 86.072675 74.095265
159: 88.058217 17.542444
160: 88.059891 31.766223
161: 88.420716 28.079558
162: 88.610335 83.313350
163: 88.624089 25.538049
164: 89.965481 7.870799
165: 90.408997 53.602891
166: 90.957623 20.644853
167: 91.062615 47.842315
168: 91.201245 67.775863
169: 91.253459 17.252616
170: 91.698924 32.120343
171: 91.722628 82.876526
172: 92.176903 60.060990
173: 92.449564 39.316602
174: 92.885191 5.585251
175: 93.619334 26.712234
176: 94.045296 84.554420
177: 94.325105 19.594579
178: 94.865949 8.267682
179: 95.783276 77.035967
Edges
(0,3)
(0,5)
(1,10)
(1,11)
(2,3)
(2,4)
(2,25)
(3,8)
(3,14)
(4,23)
(5,22)
(6,17)
(7,13)
(8,9)
(8,17)
(9,15)
(10,11)
(10,20)
(11,12)
(12,13)
(13,27)
(14,17)
(14,18)
(14,23)
(14,26)
(15,28)
(16,30)
(17,31)
(18,23)
(19,32)
(20,34)
(21,41)
(21,48)
(22,25)
(22,41)
(24,34)
(29,37)
(30,37)
(31,37)
(32,34)
(32,47)
(32,50)
(33,37)
(33,44)
(34,47)
(35,43)
(35,49)
(36,48)
(37,54)
(38,42)
(38,46)
(39,46)
(39,61)
(40,41)
(40,43)
(40,60)
(41,48)
(45,53)
(45,61)
(48,68)
(49,59)
(50,56)
(51,54)
(52,59)
(53,57)
(53,62)
(55,59)
(55,60)
(56,65)
(56,93)
(57,64)
(58,59)
(59,65)
(60,68)
(60,83)
(61,62)
(61,63)
(61,74)
(62,74)
(64,73)
(64,76)
(65,78)
(65,87)
(66,73)
(66,80)
(66,86)
(67,69)
(67,85)
(68,71)
(70,75)
(71,75)
(71,90)
(72,77)
(73,81)
(76,77)
(76,133)
(77,84)
(78,85)
(79,91)
(79,94)
(80,82)
(81,86)
(81,89)
(81,100)
(82,90)
(82,96)
(83,85)
(84,89)
(86,88)
(86,97)
(92,95)
(92,98)
(93,107)
(94,99)
(94,106)
(96,104)
(96,113)
(97,100)
(97,117)
(98,102)
(100,103)
(100,105)
(101,114)
(102,108)
(102,118)
(102,120)
(104,125)
(106,122)
(107,115)
(108,112)
(109,110)
(109,124)
(111,112)
(112,122)
(112,131)
(113,121)
(114,120)
(115,148)
(116,123)
(117,119)
(118,131)
(118,138)
(120,144)
(121,123)
(122,131)
(123,135)
(124,129)
(124,150)
(125,134)
(126,142)
(127,150)
(128,145)
(129,130)
(129,150)
(130,132)
(130,135)
(130,139)
(131,138)
(131,140)
(134,136)
(134,141)
(134,143)
(135,139)
(135,158)
(136,145)
(137,140)
(138,140)
(139,150)
(139,158)
(142,148)
(143,154)
(144,153)
(144,155)
(145,147)
(145,149)
(146,147)
(146,151)
(147,149)
(147,151)
(148,174)
(149,154)
(150,158)
(151,156)
(151,160)
(152,157)
(152,162)
(152,176)
(153,164)
(154,165)
(154,168)
(155,163)
(156,161)
(156,163)
(158,162)
(158,168)
(158,171)
(159,166)
(159,169)
(160,161)
(160,170)
(161,163)
(162,171)
(163,175)
(165,172)
(166,169)
(166,175)
(167,172)
(168,172)
(169,177)
(171,176)
(171,179)
(172,173)
(173,179)
(178,179)
