Nodes: 20
Protection radius: 1.000000
Disaster radius: 0.500000
0: 0.027467 5.671963
1: 0.332620 2.201158
2: 0.924131 10.793092
3: 1.491575 13.706215
4: 3.534323 6.415991
5: 3.564644 9.943983
6: 3.616574 2.302864
7: 3.981377 14.299744
8: 6.309503 13.575015
9: 6.851677 11.038168
10: 7.249279 3.171754
11: 8.556734 14.355022
12: 9.075987 6.877938
13: 9.964970 0.446912
14: 10.882732 12.266785
15: 11.235733 3.128544
16: 13.091964 2.140742
17: 14.115385 4.823643
18: 14.563900 13.282894
19: 14.936880 9.680070
Edges
(0,1)
(0,2)
(0,4)
(1,6)
(2,3)
(4,9)
(5,7)
(6,13)
(7,8)
(7,11)
(9,12)
(10,13)
(10,15)
(11,14)
(12,17)
(12,19)
(14,18)
(14,19)
(16,17)
