Nodes: 100
Protection radius: 1.000000
Disaster radius: 0.500000
0: 0.527047 17.136987
1: 0.635058 51.393688
2: 2.490468 11.334980
3: 2.532482 22.818918
4: 3.179620 19.022524
5: 3.311591 3.981802
6: 4.451740 29.327778
7: 5.682678 16.901776
8: 6.198906 42.729227
9: 6.210913 40.516920
10: 6.652350 35.081392
11: 8.169182 36.860726
12: 8.541321 23.629233
13: 8.993787 17.799838
14: 9.406486 7.287408
15: 11.166313 53.559637
16: 11.259059 25.315754
17: 12.370174 56.071855
18: 12.553679 20.506983
19: 12.963258 42.102567
20: 12.986006 13.490681
21: 13.906719 9.464343
22: 14.462157 37.535662
23: 15.385159 46.945056
24: 16.172294 30.376784
25: 16.872098 42.110586
26: 16.965702 34.447256
27: 17.134210 8.508345
28: 18.832707 12.712902
29: 19.208105 27.338607
30: 19.336727 43.765446
31: 20.084286 15.495740
32: 20.401452 32.764910
33: 20.470499 6.999018
34: 21.732332 16.838995
35: 21.774117 11.149981
36: 22.523209 46.743786
37: 22.773859 6.386697
38: 24.259146 44.838599
39: 24.307047 11.961689
40: 24.387608 0.832738
41: 24.448431 49.330001
42: 24.524363 24.875105
43: 25.070855 21.155188
44: 25.354968 37.464731
45: 25.645332 54.061657
46: 26.309932 6.628327
47: 26.536898 22.619601
48: 26.936421 15.064136
49: 27.103018 9.815399
50: 27.142006 35.966041
51: 28.870479 19.662700
52: 29.475080 12.586106
53: 29.537294 17.661257
54: 31.365415 16.265857
55: 31.475878 30.778818
56: 31.852592 10.957750
57: 32.127370 56.115645
58: 32.468672 40.296551
59: 32.654450 20.508748
60: 33.882599 33.597528
61: 34.153247 11.720941
62: 34.235339 53.056795
63: 34.855225 30.586514
64: 35.790455 7.688550
65: 35.876768 39.488911
66: 35.976371 51.301379
67: 35.988401 18.708040
68: 36.488434 41.648236
69: 37.585532 11.916934
70: 37.900546 48.544272
71: 38.048540 9.445660
72: 38.308587 29.357961
73: 41.061108 40.733281
74: 41.273255 43.999451
75: 42.651758 1.540855
76: 42.779300 32.475475
77: 43.561966 55.325724
78: 43.776013 12.698299
79: 43.799233 6.357679
80: 43.959290 8.621021
81: 44.597484 43.732630
82: 44.601067 16.487822
83: 46.183634 13.109165
84: 46.864606 9.819464
85: 47.127616 44.710432
86: 47.611360 3.773360
87: 48.924541 16.410905
88: 49.157700 43.538292
89: 49.291417 11.225992
90: 49.860942 25.024401
91: 50.152143 13.818666
92: 50.351407 0.539527
93: 50.386148 52.143487
94: 52.856032 32.151861
95: 53.009453 47.008949
96: 53.060317 44.158433
97: 53.946568 7.047114
98: 55.093763 28.436203
99: 55.196919 9.918587
Edges
(0,4)
(0,8)
(0,9)
(1,15)
(1,23)
(2,5)
(3,13)
(3,31)
(3,34)
(3,35)
(4,5)
(5,37)
(5,49)
(5,69)
(5,78)
(5,79)
(5,83)
(6,26)
(6,32)
(7,13)
(7,28)
(7,35)
(9,30)
(9,45)
(9,66)
(10,11)
(10,19)
(10,44)
(10,85)
(12,16)
(13,28)
(14,20)
(14,27)
(14,56)
(14,61)
(15,23)
(16,18)
(16,24)
(16,29)
(16,47)
(16,51)
(17,45)
(17,77)
(21,52)
(21,83)
(22,25)
(22,70)
(22,85)
(23,45)
(24,32)
(24,42)
(25,30)
(25,38)
(29,67)
(30,70)
(31,34)
(32,44)
(32,55)
(33,37)
(33,83)
(34,51)
(35,51)
(36,77)
(37,64)
(39,52)
(40,79)
(41,77)
(42,55)
(43,82)
(43,83)
(44,76)
(44,94)
(44,98)
(44,99)
(45,62)
(45,77)
(46,79)
(47,67)
(48,52)
(50,72)
(52,53)
(53,83)
(54,83)
(55,59)
(56,61)
(56,69)
(57,77)
(58,65)
(59,82)
(60,90)
(60,98)
(61,83)
(63,72)
(65,68)
(65,73)
(65,85)
(66,74)
(66,93)
(71,79)
(71,84)
(71,89)
(72,87)
(72,90)
(75,92)
(76,98)
(80,86)
(81,85)
(83,91)
(86,89)
(88,94)
(92,97)
(92,99)
(93,94)
(93,96)
(94,96)
(95,96)
(97,99)
