Nodes: 20
Protection radius: 1.000000
Disaster radius: 0.500000
0: 0.204635 2.282757
1: 0.549377 8.636774
2: 2.721766 5.479985
3: 3.170587 8.959814
4: 3.750683 11.771477
5: 4.135995 0.538522
6: 5.443925 7.453339
7: 5.698223 3.777899
8: 6.371041 14.302932
9: 8.410437 4.023131
10: 8.747449 14.756571
11: 9.008832 0.838030
12: 10.342508 9.896196
13: 10.434718 12.783424
14: 10.732694 5.591455
15: 14.076486 3.297965
16: 14.106650 0.615149
17: 14.320699 12.855000
18: 14.363563 8.721682
19: 14.515317 6.588133
Edges
(0,5)
(1,2)
(1,3)
(1,5)
(4,5)
(4,6)
(6,8)
(7,15)
(7,17)
(8,12)
(8,17)
(9,17)
(10,17)
(11,16)
(13,17)
(14,18)
(16,18)
(17,18)
(17,19)
