Nodes: 100
Protection radius: 1.000000
Disaster radius: 0.500000
0: 0.030135 28.714690
1: 0.228650 55.843325
2: 1.188634 50.613706
3: 1.299293 4.551638
4: 2.685808 9.651221
5: 4.132940 26.329526
6: 4.502326 6.819435
7: 4.569741 39.653288
8: 4.600539 11.448270
9: 5.016239 22.175576
10: 5.304020 36.724102
11: 5.783940 56.532842
12: 6.590785 11.914854
13: 7.204493 15.075881
14: 7.296001 22.293692
15: 7.322662 46.237384
16: 7.421611 30.807228
17: 7.704217 50.635924
18: 9.915486 11.140549
19: 10.758179 32.911228
20: 11.547206 6.418100
21: 12.394256 21.693483
22: 12.488904 49.888627
23: 14.092312 11.022591
24: 14.808434 2.424578
25: 15.068815 29.143959
26: 16.391636 37.603294
27: 16.396247 10.382644
28: 16.796909 42.714270
29: 17.496792 15.091609
30: 17.650237 56.251525
31: 17.761067 23.937497
32: 18.554020 7.473182
33: 19.228474 39.172099
34: 19.804557 51.064665
35: 20.394190 22.330808
36: 21.432375 36.124321
37: 21.970367 42.410525
38: 23.478688 4.778548
39: 24.264428 29.373020
40: 24.419831 46.971246
41: 25.110399 31.730736
42: 25.127553 56.086165
43: 25.652203 7.234628
44: 25.804475 44.366516
45: 26.683195 14.315865
46: 26.882446 18.985041
47: 26.954124 34.368210
48: 27.085934 54.205821
49: 28.013049 15.987880
50: 28.331468 12.135920
51: 28.408902 46.669782
52: 28.956243 27.863178
53: 29.507936 31.010411
54: 32.162812 14.309887
55: 32.867283 33.324452
56: 33.164982 10.876917
57: 33.492380 8.845829
58: 33.608337 31.384773
59: 35.228030 9.904560
60: 35.562049 19.815867
61: 35.859779 32.258144
62: 36.133541 28.787791
63: 36.829268 7.605384
64: 37.136135 3.667885
65: 37.425831 34.507545
66: 37.823485 44.001578
67: 38.800908 29.109048
68: 39.024241 38.059588
69: 39.492027 7.364852
70: 40.886164 0.525473
71: 42.162704 5.264683
72: 43.729705 12.098373
73: 43.776825 26.104236
74: 43.790571 45.456760
75: 43.977014 4.075066
76: 44.219840 18.964851
77: 45.386912 16.628781
78: 45.921308 48.192939
79: 46.441133 54.936730
80: 46.444542 0.009220
81: 46.568032 38.512142
82: 47.291809 19.210013
83: 48.172372 14.087808
84: 48.520664 39.171518
85: 48.615046 26.950235
86: 48.828624 5.015722
87: 50.030831 25.178263
88: 51.034529 46.046377
89: 51.412884 22.488067
90: 51.904751 29.266367
91: 52.500711 5.444495
92: 52.622809 1.261643
93: 52.847407 43.480104
94: 53.489217 7.538235
95: 53.780055 46.059139
96: 54.232075 28.494927
97: 55.092329 41.432351
98: 55.651646 22.180187
99: 55.731174 33.517573
Edges
(0,2)
(0,3)
(0,4)
(0,5)
(1,2)
(2,15)
(4,6)
(4,8)
(6,8)
(6,12)
(6,20)
(6,24)
(7,10)
(7,26)
(8,13)
(9,14)
(10,19)
(11,22)
(12,13)
(12,18)
(13,14)
(13,21)
(13,23)
(15,17)
(15,28)
(16,25)
(17,22)
(19,25)
(19,26)
(21,25)
(22,28)
(22,30)
(22,34)
(23,27)
(24,38)
(25,26)
(25,39)
(26,33)
(26,36)
(27,29)
(28,33)
(28,37)
(29,31)
(29,32)
(29,35)
(29,45)
(29,46)
(31,35)
(32,45)
(33,36)
(34,37)
(34,42)
(35,39)
(35,52)
(36,37)
(36,41)
(36,47)
(37,40)
(37,47)
(38,64)
(38,70)
(39,41)
(41,53)
(42,48)
(42,79)
(43,45)
(43,57)
(44,47)
(44,51)
(44,55)
(45,46)
(45,50)
(47,55)
(48,51)
(48,66)
(49,60)
(52,60)
(52,62)
(53,55)
(54,56)
(55,61)
(55,65)
(55,66)
(55,68)
(56,57)
(56,59)
(58,61)
(59,63)
(59,72)
(60,72)
(60,73)
(61,62)
(61,65)
(63,69)
(64,69)
(64,70)
(64,71)
(65,67)
(65,68)
(65,81)
(66,74)
(66,78)
(66,79)
(68,74)
(69,72)
(70,75)
(71,72)
(72,77)
(72,86)
(73,76)
(73,82)
(73,87)
(74,81)
(74,88)
(75,80)
(81,84)
(82,87)
(83,86)
(83,94)
(83,98)
(84,88)
(84,90)
(84,93)
(84,99)
(85,87)
(87,89)
(89,96)
(89,98)
(90,99)
(91,92)
(91,94)
(92,94)
(92,98)
(93,97)
(95,97)
(96,99)
