Nodes: 60
Protection radius: 1.000000
Disaster radius: 0.500000
0: 1.495132 20.746964
1: 1.513505 4.233232
2: 3.701839 1.479329
3: 4.071255 16.060382
4: 4.355548 26.339128
5: 4.541151 33.608825
6: 4.851088 18.740879
7: 5.243579 10.252625
8: 5.903089 35.085096
9: 8.242928 24.242836
10: 8.290128 1.855829
11: 8.391006 29.721537
12: 8.910801 12.271225
13: 9.395612 3.959343
14: 10.324818 35.510116
15: 10.497951 16.726770
16: 11.471457 19.788581
17: 12.305098 29.806935
18: 12.733097 2.492902
19: 13.852067 19.690401
20: 14.428658 13.260016
21: 14.503028 8.499865
22: 15.118530 27.242280
23: 15.286283 3.788219
24: 16.049770 21.581205
25: 16.409394 33.580932
26: 16.604086 6.944407
27: 16.699925 16.575187
28: 19.152274 14.226927
29: 19.682549 5.566387
30: 20.433159 33.931514
31: 21.617815 27.884469
32: 21.947953 17.482808
33: 21.965795 13.244708
34: 22.489888 22.012324
35: 22.807595 7.446769
36: 22.828281 34.020152
37: 25.213200 15.380100
38: 25.521568 9.243754
39: 25.629146 24.029331
40: 26.482574 7.456055
41: 26.705359 20.309144
42: 28.360190 8.993734
43: 28.746844 29.714941
44: 29.552898 6.365475
45: 29.607027 0.948510
46: 29.906986 32.385663
47: 30.973738 16.016533
48: 30.999589 7.908971
49: 31.243247 20.358660
50: 32.132238 1.504216
51: 33.391688 37.461873
52: 33.864992 8.896700
53: 34.260637 20.990621
54: 35.124168 28.447465
55: 35.840629 25.760772
56: 36.033606 2.231804
57: 36.781168 6.437841
58: 36.807346 23.404602
59: 37.257242 29.590054
Edges
(0,1)
(1,3)
(1,6)
(2,10)
(3,5)
(4,8)
(6,8)
(7,8)
(8,10)
(8,13)
(8,17)
(8,22)
(9,11)
(10,45)
(11,22)
(12,18)
(12,20)
(12,32)
(14,22)
(14,25)
(14,37)
(15,27)
(16,22)
(18,42)
(19,22)
(21,28)
(22,24)
(22,32)
(23,28)
(23,33)
(23,38)
(24,27)
(26,33)
(28,37)
(29,38)
(30,31)
(30,46)
(31,34)
(31,43)
(34,39)
(34,55)
(35,38)
(36,46)
(39,54)
(40,42)
(41,45)
(41,47)
(41,55)
(43,51)
(44,50)
(47,48)
(47,50)
(47,57)
(49,58)
(50,56)
(51,58)
(52,56)
(53,57)
(57,59)
