Nodes: 180
Protection radius: 1.000000
Disaster radius: 0.500000
0: 1.312162 85.203661
1: 1.965066 42.051195
2: 2.198275 55.902084
3: 2.467256 76.688397
4: 2.645032 19.944245
5: 2.900495 15.428712
6: 3.254444 6.379745
7: 3.682232 64.320960
8: 4.020820 17.498008
9: 4.254696 68.433697
10: 4.569056 10.375431
11: 5.149997 27.675310
12: 5.220895 38.779103
13: 5.267398 43.240948
14: 6.816747 22.149638
15: 6.956700 48.410975
16: 7.154529 37.118733
17: 7.378061 68.923846
18: 7.556617 55.009176
19: 8.021650 10.071191
20: 9.977116 17.191817
21: 10.614883 71.074074
22: 10.658688 65.466862
23: 10.827545 46.328733
24: 11.398720 25.386223
25: 11.547434 38.442249
26: 11.959835 85.533171
27: 12.781079 50.845693
28: 13.303102 66.352183
29: 13.948173 22.150774
30: 14.558738 68.763506
31: 14.649453 41.705736
32: 15.001192 63.407453
33: 16.078864 21.543746
34: 16.612055 66.603028
35: 16.915356 32.618141
36: 16.996157 54.493181
37: 17.580581 86.646220
38: 17.963977 48.740304
39: 19.028674 56.177437
40: 19.353738 58.787770
41: 20.328755 62.645817
42: 20.808639 75.536354
43: 20.894030 48.021030
44: 20.966273 72.707065
45: 21.057988 33.259916
46: 21.400221 10.903250
47: 21.576693 8.312689
48: 21.832005 16.906486
49: 21.975766 28.414954
50: 22.562240 59.172722
51: 22.582630 61.566947
52: 23.387738 66.726997
53: 23.587455 54.634037
54: 24.394135 8.797144
55: 24.656094 88.262498
56: 25.439141 23.709134
57: 25.557303 17.286870
58: 26.141696 75.892708
59: 26.295152 10.227820
60: 28.095067 43.177245
61: 28.529382 31.409389
62: 29.217423 35.565172
63: 29.508268 48.026320
64: 29.879812 3.364784
65: 29.913820 40.626690
66: 30.985481 6.254704
67: 31.354114 45.538259
68: 31.766164 60.423968
69: 32.274469 84.807400
70: 33.333638 51.188718
71: 33.615196 4.574849
72: 33.851261 9.193405
73: 34.113940 1.804405
74: 37.632040 48.989098
75: 37.989723 4.419734
76: 38.201547 22.244487
77: 38.591963 7.487648
78: 39.113502 84.239148
79: 39.210913 80.678428
80: 39.538744 17.930120
81: 39.654379 60.901647
82: 40.139828 0.087257
83: 40.393575 56.434016
84: 41.275584 31.630343
85: 42.192413 76.576407
86: 42.522731 9.742631
87: 42.884231 44.429210
88: 43.413170 18.321194
89: 43.726581 30.204434
90: 43.834494 69.179384
91: 43.992205 39.657285
92: 44.986203 62.790547
93: 45.443734 64.840453
94: 45.646245 71.653187
95: 45.794389 7.702240
96: 46.542029 67.211856
97: 46.942783 9.569975
98: 47.310244 1.149680
99: 48.801844 7.521687
100: 48.941811 14.865549
101: 49.339509 0.579267
102: 50.191964 29.657129
103: 50.369321 38.655849
104: 51.868955 19.560388
105: 52.562385 30.898224
106: 52.637677 77.880160
107: 52.844982 61.048443
108: 52.852042 38.247513
109: 53.263017 64.863040
110: 53.823657 70.564318
111: 54.172843 40.488166
112: 54.492487 18.976561
113: 54.657030 37.151850
114: 54.812136 4.069296
115: 55.621961 58.065877
116: 56.534483 60.079534
117: 56.823464 4.330918
118: 57.327117 39.401955
119: 58.320141 87.813501
120: 58.724420 31.415698
121: 58.758893 61.845307
122: 58.766139 72.436551
123: 59.865270 41.792855
124: 60.026930 45.363439
125: 60.228063 3.944900
126: 62.195421 1.632448
127: 62.669951 9.804341
128: 63.230706 85.837309
129: 63.298000 69.215768
130: 64.083979 36.644025
131: 64.654384 66.338918
132: 64.922834 82.299899
133: 66.030980 16.828086
134: 66.223088 62.049104
135: 66.356401 53.594205
136: 68.029269 65.717200
137: 68.375742 88.681231
138: 68.523093 54.774727
139: 68.889711 23.520150
140: 69.012964 7.270221
141: 69.883875 2.036825
142: 69.946478 44.360910
143: 70.995340 88.250777
144: 72.840428 86.196408
145: 73.254764 69.038338
146: 73.458072 58.530302
147: 73.687559 43.693042
148: 73.985737 36.289595
149: 74.731844 50.551798
150: 74.972501 57.148665
151: 75.446149 64.201525
152: 75.926769 24.515714
153: 76.798188 68.068126
154: 77.252054 53.902403
155: 77.434952 86.663472
156: 77.841292 70.196394
157: 78.068104 82.127030
158: 79.385982 24.080105
159: 79.399404 68.128323
160: 79.706771 55.590216
161: 80.156002 36.581196
162: 80.287182 58.186871
163: 80.635509 87.288275
164: 81.035478 48.351741
165: 82.317357 83.118616
166: 82.592189 63.000022
167: 83.557035 1.361975
168: 83.996081 12.601782
169: 84.400841 74.139079
170: 84.890303 77.140304
171: 84.940214 82.323915
172: 85.277588 3.702213
173: 86.043553 68.519342
174: 86.190425 55.319299
175: 86.264380 52.316968
176: 86.933132 9.735322
177: 87.041654 36.316652
178: 88.053952 42.941193
179: 88.307451 64.787726
Edges
(0,1)
(0,3)
(1,4)
(2,3)
(2,18)
(3,9)
(3,21)
(4,11)
(4,14)
(5,10)
(5,20)
(6,10)
(6,73)
(7,18)
(7,22)
(8,20)
(9,17)
(11,24)
(12,13)
(12,25)
(14,20)
(15,18)
(15,23)
(15,27)
(16,24)
(16,25)
(16,35)
(18,32)
(19,20)
(19,46)
(20,29)
(20,46)
(21,22)
(21,26)
(21,28)
(21,30)
(21,42)
(23,25)
(24,29)
(26,37)
(27,36)
(27,38)
(28,30)
(28,32)
(30,44)
(31,38)
(32,36)
(32,41)
(33,56)
(34,41)
(35,45)
(35,49)
(36,38)
(36,40)
(38,43)
(39,53)
(40,41)
(40,51)
(41,52)
(44,52)
(44,58)
(45,60)
(45,61)
(45,62)
(46,47)
(46,54)
(46,59)
(48,56)
(50,53)
(51,52)
(52,68)
(53,68)
(53,70)
(54,64)
(55,137)
(56,76)
(57,59)
(57,72)
(57,80)
(60,62)
(60,63)
(61,76)
(62,84)
(63,70)
(64,66)
(64,73)
(65,84)
(65,87)
(66,72)
(67,74)
(68,70)
(69,79)
(71,75)
(73,75)
(74,83)
(74,87)
(75,82)
(77,80)
(78,85)
(79,85)
(80,86)
(81,92)
(82,95)
(83,92)
(84,89)
(85,90)
(87,91)
(87,103)
(87,115)
(88,89)
(88,100)
(89,102)
(90,93)
(90,94)
(91,103)
(92,107)
(93,96)
(93,107)
(93,109)
(94,110)
(95,98)
(97,99)
(98,99)
(98,101)
(99,100)
(99,101)
(101,126)
(101,167)
(102,103)
(103,111)
(104,105)
(105,108)
(105,112)
(105,113)
(105,120)
(106,122)
(107,115)
(108,111)
(109,110)
(109,122)
(111,124)
(113,120)
(114,126)
(115,116)
(117,125)
(117,126)
(117,127)
(118,130)
(119,132)
(121,129)
(123,142)
(124,135)
(126,140)
(126,141)
(127,133)
(127,140)
(128,132)
(128,137)
(129,132)
(129,136)
(129,145)
(130,148)
(131,134)
(132,137)
(132,145)
(133,139)
(134,135)
(137,143)
(137,144)
(138,146)
(139,148)
(140,141)
(140,167)
(140,168)
(141,167)
(142,148)
(143,163)
(145,156)
(145,157)
(146,150)
(146,151)
(147,164)
(149,150)
(150,154)
(150,160)
(151,162)
(152,161)
(152,168)
(153,156)
(155,157)
(156,157)
(156,169)
(157,163)
(157,169)
(158,168)
(159,169)
(160,162)
(160,164)
(161,164)
(161,177)
(161,178)
(162,166)
(162,174)
(163,165)
(164,178)
(165,170)
(167,172)
(168,176)
(169,170)
(170,171)
(170,173)
(170,179)
(174,175)
(178,179)
