Nodes: 100
Protection radius: 1.000000
Disaster radius: 0.500000
0: 0.435224 55.029499
1: 1.030725 44.580304
2: 2.095043 24.285250
3: 2.684676 46.558593
4: 2.856703 26.973493
5: 3.205878 38.006587
6: 5.199529 1.563174
7: 5.259631 31.216517
8: 6.856342 53.634461
9: 7.192829 17.508889
10: 7.325354 11.505762
11: 8.228519 9.713046
12: 8.601947 43.168634
13: 8.954913 14.752033
14: 9.032887 55.949096
15: 9.900958 52.470771
16: 10.226315 25.787849
17: 10.307249 41.050642
18: 11.830421 20.765319
19: 13.004087 37.755630
20: 13.157079 41.223069
21: 13.450395 35.047467
22: 13.472394 7.905067
23: 14.005513 16.157070
24: 15.793329 49.307243
25: 16.489070 7.861235
26: 17.078969 28.296608
27: 17.423510 23.936069
28: 17.484836 42.230204
29: 18.511245 50.647478
30: 18.781572 18.478005
31: 19.724407 46.722178
32: 20.216451 35.551730
33: 20.910014 24.981331
34: 21.036949 2.059687
35: 21.529043 45.307604
36: 21.912436 4.846396
37: 22.258621 16.297474
38: 24.236791 5.293549
39: 24.607953 27.952927
40: 24.757124 55.233916
41: 25.310560 48.047104
42: 25.521645 11.945827
43: 25.574564 33.075813
44: 26.211321 26.625416
45: 27.713647 29.249338
46: 27.720477 18.356608
47: 28.161755 3.714246
48: 28.483254 45.401783
49: 28.593459 7.562955
50: 28.594408 32.372868
51: 28.603891 21.925907
52: 29.782619 52.126014
53: 30.421546 54.359482
54: 31.042956 18.091887
55: 31.119838 10.054251
56: 32.025819 11.972820
57: 32.307870 35.934755
58: 32.358166 0.886852
59: 34.248359 51.122165
60: 34.488120 38.901658
61: 34.852889 1.246403
62: 35.500826 35.555048
63: 35.791011 14.231432
64: 37.167111 44.474675
65: 37.873266 9.420397
66: 38.290219 5.928023
67: 38.383423 19.174011
68: 39.098963 33.460603
69: 39.121927 38.460821
70: 39.785384 49.169490
71: 41.278806 18.131004
72: 41.453074 13.549099
73: 41.483070 9.064129
74: 42.427119 6.649875
75: 42.615903 3.850629
76: 42.786243 39.550897
77: 43.814220 20.127273
78: 45.217563 34.839198
79: 45.447949 49.406212
80: 46.023776 2.738490
81: 46.201030 9.951861
82: 46.882952 40.003156
83: 48.120604 6.982117
84: 48.839597 12.638440
85: 50.207534 33.973905
86: 50.785593 49.764693
87: 50.866858 41.175787
88: 50.969387 46.231722
89: 51.363481 29.518287
90: 51.674578 22.218213
91: 51.678071 31.548615
92: 51.681358 15.947359
93: 52.581857 20.256688
94: 52.969379 42.371236
95: 53.880356 32.912978
96: 54.086622 15.334337
97: 54.379274 0.274454
98: 54.463661 45.125351
99: 54.664619 18.328230
Edges
(0,8)
(0,14)
(1,2)
(1,3)
(1,4)
(1,5)
(2,9)
(4,16)
(5,12)
(6,10)
(6,34)
(6,97)
(7,16)
(7,21)
(9,13)
(9,16)
(10,13)
(11,13)
(12,17)
(12,24)
(13,18)
(14,15)
(14,29)
(14,40)
(15,24)
(16,18)
(16,21)
(19,21)
(20,28)
(22,23)
(22,34)
(23,25)
(23,30)
(25,34)
(26,33)
(27,30)
(28,35)
(29,31)
(29,41)
(32,35)
(32,39)
(32,43)
(32,48)
(33,39)
(33,46)
(33,51)
(34,36)
(35,41)
(35,48)
(36,42)
(37,46)
(38,47)
(38,49)
(39,43)
(40,52)
(40,53)
(42,56)
(43,57)
(44,45)
(45,68)
(46,54)
(47,49)
(49,55)
(50,57)
(50,62)
(50,68)
(51,67)
(52,53)
(54,56)
(55,56)
(56,63)
(58,97)
(59,70)
(60,62)
(60,64)
(61,66)
(61,80)
(62,69)
(63,71)
(63,72)
(64,70)
(65,72)
(67,68)
(67,71)
(68,69)
(68,77)
(70,76)
(71,72)
(71,77)
(72,73)
(72,81)
(74,75)
(75,80)
(77,89)
(77,90)
(78,82)
(79,82)
(79,88)
(80,83)
(81,83)
(82,85)
(82,87)
(83,84)
(84,96)
(85,89)
(85,95)
(86,98)
(88,94)
(88,98)
(90,95)
(91,95)
(92,96)
(92,99)
(93,99)
(95,99)
(96,97)
(96,99)
(98,99)
