Nodes: 20
Protection radius: 1.000000
Disaster radius: 0.500000
0: 0.464893 3.606332
1: 1.425227 8.007132
2: 1.703118 12.000080
3: 1.970922 15.616923
4: 2.131174 2.191588
5: 4.102838 7.861071
6: 4.439041 10.404023
7: 5.078813 2.690946
8: 7.266839 10.074065
9: 9.609171 0.578530
10: 9.878951 13.460819
11: 9.886137 7.687872
12: 10.404929 3.002682
13: 11.420019 14.971186
14: 13.889037 5.446160
15: 13.913805 3.142858
16: 14.588109 9.029075
17: 14.697978 15.453744
18: 15.142938 13.390941
19: 15.299107 6.911508
Edges
(0,2)
(0,4)
(1,2)
(2,3)
(2,6)
(3,6)
(3,13)
(4,7)
(5,7)
(5,11)
(7,11)
(8,11)
(9,12)
(10,11)
(11,12)
(11,14)
(11,16)
(13,18)
(14,19)
(15,19)
(16,18)
(17,18)
