Nodes: 100
Protection radius: 1.000000
Disaster radius: 0.500000
0: 0.076049 36.805200
1: 0.216976 50.708887
2: 1.661970 6.697104
3: 2.223116 15.498307
4: 2.760111 30.674928
5: 2.850031 19.786769
6: 3.744792 14.146852
7: 4.415317 3.592233
8: 4.960756 42.010001
9: 5.916899 10.014521
10: 6.973251 7.350726
11: 7.649266 32.117744
12: 7.920868 54.664060
13: 8.459260 16.077471
14: 8.752214 9.748192
15: 9.076532 6.177673
16: 9.293898 50.557639
17: 9.750206 48.595973
18: 10.160572 2.937536
19: 10.194918 32.411776
20: 10.601319 26.905696
21: 11.579190 50.286188
22: 12.952056 2.061181
23: 13.059113 4.593364
24: 13.180004 11.753151
25: 13.910438 48.710324
26: 14.285928 43.470851
27: 15.757608 25.005751
28: 15.844063 54.897110
29: 16.473858 9.035905
30: 17.377116 13.487650
31: 18.085900 31.850133
32: 18.670129 55.826040
33: 19.749896 16.491174
34: 20.107839 47.843397
35: 20.867305 43.854301
36: 21.746800 55.068258
37: 22.047642 9.591463
38: 22.386183 3.849728
39: 24.198124 27.345042
40: 24.361844 1.327091
41: 25.025527 36.200980
42: 25.142817 18.607639
43: 26.347043 32.449071
44: 26.781806 46.250473
45: 28.946441 23.170566
46: 28.960428 0.885942
47: 28.968438 55.037467
48: 29.241083 40.682005
49: 29.401173 27.652819
50: 29.589574 13.197997
51: 31.151708 54.496183
52: 31.415087 19.000021
53: 32.200288 51.878535
54: 32.275110 15.464019
55: 32.635575 26.590510
56: 32.664723 9.826255
57: 33.231232 5.789861
58: 33.776162 53.595095
59: 34.701303 40.979657
60: 35.295848 43.072118
61: 35.537296 0.753376
62: 36.370690 16.690834
63: 36.551353 4.609532
64: 36.810333 23.617649
65: 37.682825 38.774468
66: 37.691142 8.898534
67: 38.102927 6.848642
68: 38.110039 27.945122
69: 38.698532 21.478082
70: 38.862732 11.092314
71: 38.966386 19.043424
72: 39.152602 1.623396
73: 40.308634 38.208829
74: 40.674061 35.043598
75: 41.712004 28.567099
76: 41.805424 44.245074
77: 42.288244 53.526888
78: 43.337468 19.502400
79: 43.628337 45.752193
80: 44.120756 8.750271
81: 44.323406 52.128328
82: 44.635061 26.646634
83: 44.792519 12.480284
84: 45.370284 23.383582
85: 45.471526 30.140688
86: 47.464407 14.867764
87: 47.809410 7.732765
88: 48.064216 22.103697
89: 48.465941 17.564490
90: 49.601921 44.883285
91: 49.912736 4.135083
92: 50.988096 29.036477
93: 52.673994 26.789937
94: 52.911774 52.624743
95: 53.189337 30.570297
96: 53.905573 22.809320
97: 53.993266 43.995201
98: 54.631477 38.351842
99: 55.577212 45.392604
Edges
(0,3)
(1,3)
(1,5)
(2,3)
(2,6)
(2,7)
(2,8)
(2,11)
(2,19)
(2,23)
(4,8)
(6,11)
(6,19)
(8,12)
(9,10)
(9,19)
(9,20)
(9,23)
(10,15)
(11,12)
(12,21)
(12,30)
(12,34)
(12,36)
(12,44)
(12,53)
(12,81)
(12,99)
(13,30)
(14,23)
(16,25)
(16,35)
(17,27)
(18,22)
(18,23)
(19,30)
(22,39)
(22,40)
(22,72)
(23,24)
(25,34)
(25,44)
(26,99)
(27,41)
(28,36)
(29,37)
(30,41)
(31,41)
(32,47)
(32,51)
(32,58)
(32,81)
(33,42)
(33,57)
(35,79)
(37,38)
(37,63)
(39,41)
(39,50)
(41,48)
(41,49)
(41,57)
(41,60)
(41,63)
(41,72)
(43,56)
(43,57)
(45,54)
(45,56)
(46,72)
(47,51)
(47,77)
(47,81)
(52,72)
(55,62)
(55,67)
(56,57)
(58,81)
(59,60)
(59,66)
(60,65)
(60,68)
(60,74)
(60,90)
(61,91)
(64,67)
(65,72)
(65,75)
(65,82)
(67,68)
(69,71)
(70,78)
(70,84)
(71,75)
(73,74)
(76,90)
(76,99)
(78,80)
(78,83)
(81,99)
(83,87)
(83,91)
(84,85)
(84,87)
(84,90)
(86,88)
(86,92)
(86,93)
(86,99)
(89,98)
(89,99)
(90,92)
(91,95)
(94,99)
(95,96)
(97,99)
(98,99)
