Nodes: 180
Protection radius: 1.000000
Disaster radius: 0.500000
0: 0.362465 30.569841
1: 0.634193 37.541597
2: 0.715183 42.517788
3: 0.791438 65.417787
4: 1.751236 21.732057
5: 1.894643 16.166868
6: 2.408221 96.269482
7: 2.969722 74.111086
8: 3.833901 28.701605
9: 4.474877 2.950727
10: 4.875880 96.830754
11: 5.283124 39.251292
12: 6.742284 60.238428
13: 6.876621 36.217652
14: 7.152406 8.930795
15: 7.466039 94.628070
16: 8.161953 23.330142
17: 8.322412 43.541259
18: 9.331944 64.258641
19: 9.659296 21.741810
20: 9.915746 93.628479
21: 10.631501 12.399269
22: 11.449061 32.923283
23: 12.219109 98.967888
24: 12.435347 85.732215
25: 13.890733 35.372059
26: 14.985307 63.839329
27: 17.906426 94.038927
28: 18.578633 59.061674
29: 18.789600 12.906866
30: 18.900375 75.802052
31: 19.389351 56.566380
32: 19.782775 79.802004
33: 19.891705 18.154839
34: 19.971917 42.373539
35: 20.131472 11.131674
36: 24.999706 11.753364
37: 25.192330 73.498284
38: 25.966880 4.445700
39: 26.584731 36.549414
40: 26.676210 57.063741
41: 26.838279 25.521195
42: 28.186128 1.932700
43: 29.192766 6.263499
44: 29.347678 82.337057
45: 29.847550 49.868823
46: 31.144893 56.165124
47: 31.243456 25.058832
48: 32.126890 20.599381
49: 32.412140 63.705789
50: 32.826329 73.170091
51: 34.149801 80.687386
52: 34.380930 69.014835
53: 35.492642 9.202559
54: 35.519661 33.559942
55: 35.589339 95.091758
56: 36.186949 55.629411
57: 37.465297 61.341845
58: 38.005642 23.623770
59: 39.194538 96.561563
60: 39.397306 4.599263
61: 40.338362 92.798265
62: 41.016056 41.458834
63: 41.058474 8.157245
64: 41.120809 90.722723
65: 41.370539 53.907013
66: 41.942446 24.146387
67: 42.232383 29.907948
68: 42.867630 6.086061
69: 43.239035 87.490223
70: 44.417021 2.059272
71: 45.518857 82.814212
72: 45.980179 10.068715
73: 46.298177 29.803312
74: 47.147996 80.847882
75: 47.977761 24.526330
76: 48.484253 76.815459
77: 48.781287 32.094024
78: 48.863870 39.734556
79: 50.813050 22.527785
80: 51.306158 28.375101
81: 51.359629 41.807494
82: 51.603095 3.322746
83: 52.869427 85.515282
84: 53.195402 13.522975
85: 53.257531 2.045507
86: 53.718103 92.888226
87: 54.119728 6.097763
88: 54.233900 41.530616
89: 55.437960 38.695227
90: 55.466159 59.001227
91: 55.952521 66.721704
92: 56.085844 87.100988
93: 56.093481 99.771419
94: 56.542897 1.635983
95: 57.628486 5.406767
96: 58.219235 85.559216
97: 58.224397 40.891591
98: 58.488165 17.332933
99: 59.255665 33.558058
100: 59.505248 37.070928
101: 59.889126 50.556070
102: 60.005428 12.356870
103: 60.380572 60.880213
104: 61.220016 64.308458
105: 62.972077 77.821722
106: 63.243495 45.104251
107: 63.492080 29.172379
108: 63.913837 85.417964
109: 64.919647 6.173768
110: 64.927544 43.953940
111: 65.436453 71.789996
112: 65.898992 56.708578
113: 66.141558 15.053972
114: 67.292227 0.323107
115: 67.296798 85.075288
116: 68.628773 14.922846
117: 68.779545 54.987291
118: 69.079211 19.297525
119: 69.431203 25.784963
120: 69.483613 8.475101
121: 69.483629 72.578858
122: 70.655345 38.330960
123: 70.684214 94.116128
124: 70.837611 62.944261
125: 73.036310 86.869533
126: 73.187983 44.363147
127: 73.945101 46.913979
128: 74.015211 67.331096
129: 74.476360 40.566943
130: 74.780995 62.180244
131: 76.474548 41.661190
132: 76.610969 70.992447
133: 76.790419 84.271972
134: 76.832513 78.566919
135: 77.166214 14.123026
136: 77.607421 65.690436
137: 79.167811 59.620126
138: 79.322361 34.223558
139: 79.667798 25.985355
140: 79.746044 18.395231
141: 80.217352 38.169848
142: 80.297764 9.015477
143: 80.683336 3.803439
144: 80.757544 52.345301
145: 80.799964 66.555075
146: 82.703689 1.004202
147: 83.972075 57.232092
148: 84.133186 77.662859
149: 84.284455 24.294409
150: 84.858022 9.795601
151: 86.199253 66.923093
152: 86.784416 97.667520
153: 87.634061 75.561914
154: 87.956864 43.498839
155: 88.224063 10.243722
156: 89.033688 77.581857
157: 89.861642 38.720825
158: 91.091604 32.469367
159: 91.211630 61.486541
160: 92.086686 95.072640
161: 92.187519 92.073166
162: 92.435800 65.567964
163: 93.171938 45.819966
164: 93.587986 83.961349
165: 94.006490 3.943992
166: 94.433733 64.279586
167: 95.310884 30.827055
168: 95.721078 40.966060
169: 96.137805 13.374672
170: 96.278528 53.848898
171: 96.446125 37.727449
172: 97.161722 63.021809
173: 97.441228 51.276365
174: 98.023367 47.356490
175: 98.024614 19.610746
176: 98.369768 55.561256
177: 98.933655 44.264607
178: 99.535930 26.813312
179: 99.605631 92.376258
Edges
(0,3)
(0,4)
(0,13)
(1,2)
(1,13)
(2,3)
(2,11)
(3,18)
(4,16)
(4,19)
(5,9)
(5,14)
(6,15)
(6,23)
(7,18)
(7,30)
(8,16)
(8,22)
(10,15)
(12,28)
(13,25)
(14,21)
(14,35)
(15,24)
(16,22)
(17,25)
(17,34)
(18,26)
(19,21)
(20,24)
(22,25)
(22,41)
(23,27)
(26,28)
(26,37)
(27,32)
(28,31)
(28,40)
(28,49)
(29,35)
(29,36)
(30,32)
(30,37)
(31,45)
(32,37)
(33,41)
(35,36)
(35,38)
(36,38)
(36,43)
(36,48)
(36,53)
(39,41)
(41,48)
(42,70)
(44,50)
(44,55)
(45,46)
(45,56)
(47,54)
(51,69)
(51,71)
(52,57)
(53,58)
(54,62)
(55,64)
(56,65)
(57,65)
(57,76)
(57,90)
(59,93)
(60,63)
(60,70)
(61,64)
(62,81)
(64,86)
(65,81)
(66,67)
(66,72)
(67,77)
(68,72)
(69,86)
(70,82)
(70,114)
(72,79)
(73,80)
(74,83)
(75,79)
(75,80)
(76,83)
(76,96)
(77,89)
(77,99)
(78,81)
(79,80)
(79,84)
(79,98)
(82,85)
(82,87)
(83,86)
(83,96)
(84,87)
(86,92)
(86,93)
(86,108)
(88,97)
(88,101)
(89,99)
(89,100)
(90,91)
(90,101)
(91,103)
(91,104)
(91,105)
(94,95)
(95,102)
(97,100)
(97,101)
(97,110)
(98,102)
(98,118)
(99,107)
(100,107)
(101,106)
(101,117)
(102,113)
(103,104)
(104,112)
(104,124)
(105,111)
(105,115)
(106,110)
(107,119)
(107,122)
(108,123)
(109,114)
(110,127)
(111,121)
(111,124)
(114,120)
(116,118)
(116,120)
(116,135)
(117,124)
(117,130)
(117,137)
(117,144)
(118,119)
(118,135)
(118,140)
(121,128)
(121,134)
(122,126)
(122,138)
(123,125)
(123,152)
(125,133)
(125,134)
(125,152)
(126,127)
(126,129)
(126,131)
(127,131)
(128,130)
(129,141)
(130,136)
(130,137)
(131,154)
(132,136)
(135,140)
(135,150)
(136,137)
(137,145)
(138,141)
(139,140)
(140,155)
(142,143)
(142,150)
(143,146)
(144,154)
(147,151)
(147,159)
(147,163)
(148,164)
(149,155)
(149,167)
(149,169)
(149,175)
(151,153)
(151,162)
(152,160)
(154,157)
(155,165)
(156,162)
(157,163)
(158,171)
(159,166)
(159,170)
(159,172)
(159,176)
(160,161)
(160,179)
(163,168)
(163,173)
(164,179)
(167,171)
(170,173)
(170,176)
(171,177)
(171,178)
(172,179)
(174,176)
(175,178)
(176,177)
