Nodes: 100
Protection radius: 1.000000
Disaster radius: 0.500000
0: 0.305987 25.141579
1: 1.217852 30.425948
2: 1.382633 36.353179
3: 1.860846 58.227446
4: 1.999011 9.827183
5: 2.235742 32.579697
6: 2.986277 43.333713
7: 3.154721 37.549668
8: 4.166637 3.631832
9: 4.230410 14.044583
10: 4.654427 27.267781
11: 5.421472 12.427165
12: 5.629432 18.210745
13: 5.805028 53.580023
14: 5.879513 47.670785
15: 5.939165 60.194576
16: 6.877051 45.266948
17: 7.990503 3.417759
18: 8.205890 6.185500
19: 9.187059 46.331021
20: 10.054097 43.974735
21: 10.257742 33.709775
22: 10.812364 31.774498
23: 11.654715 24.241334
24: 12.071761 8.416649
25: 13.272710 49.629571
26: 14.065353 30.389498
27: 14.257856 61.708124
28: 14.258456 53.788007
29: 14.675877 46.075253
30: 15.088768 3.139565
31: 15.333929 21.263213
32: 17.116788 37.386379
33: 17.785028 57.350519
34: 18.644066 45.497013
35: 19.153561 42.996939
36: 19.451319 29.138788
37: 19.884223 53.740859
38: 20.432880 59.792246
39: 20.926795 24.933619
40: 20.983127 8.816882
41: 21.255056 22.832924
42: 21.450291 37.301536
43: 23.380661 18.267387
44: 23.568608 4.765031
45: 24.025324 36.935867
46: 24.090512 55.594633
47: 27.546765 43.300775
48: 28.045498 26.030016
49: 28.218194 6.785734
50: 29.202081 45.075100
51: 30.067381 57.420276
52: 30.150871 11.050903
53: 30.637909 50.887230
54: 31.816797 44.635717
55: 32.230111 22.932361
56: 32.407606 55.382287
57: 35.178625 59.868694
58: 35.182182 26.396866
59: 36.015149 28.337568
60: 36.228725 5.399977
61: 36.420350 32.081015
62: 36.423724 55.776188
63: 37.041140 3.473217
64: 38.588815 18.380859
65: 38.651294 57.752944
66: 39.043137 12.650109
67: 41.100311 43.471512
68: 42.803426 51.096889
69: 43.261271 22.982138
70: 46.619357 57.591876
71: 47.103344 54.714374
72: 47.335492 46.474447
73: 47.440702 25.142177
74: 47.821101 17.032152
75: 47.837324 6.027483
76: 48.396916 36.530609
77: 49.738757 41.652935
78: 51.294431 46.962622
79: 51.652711 16.063281
80: 51.860833 58.112879
81: 52.358504 20.842405
82: 53.047330 29.399282
83: 53.344228 50.059722
84: 53.977117 23.595990
85: 54.759317 7.569643
86: 54.911468 0.636247
87: 55.561836 42.669390
88: 56.496866 18.228708
89: 56.642137 25.385840
90: 56.713973 21.650732
91: 57.758957 59.387653
92: 57.981902 12.666443
93: 58.817095 56.515261
94: 59.012392 51.754279
95: 59.200400 1.396820
96: 59.612731 23.753906
97: 60.731442 13.849251
98: 61.591395 19.743195
99: 61.859278 57.024383
Edges
(0,3)
(0,10)
(0,12)
(1,2)
(1,10)
(1,15)
(2,6)
(4,12)
(5,7)
(5,13)
(5,15)
(5,26)
(5,31)
(5,64)
(5,69)
(6,15)
(7,16)
(7,20)
(7,22)
(8,9)
(8,86)
(9,11)
(9,17)
(9,23)
(9,31)
(11,31)
(14,15)
(14,19)
(14,20)
(14,27)
(14,28)
(14,33)
(14,37)
(14,38)
(14,59)
(15,27)
(17,18)
(17,24)
(17,30)
(18,24)
(18,39)
(19,25)
(19,29)
(19,45)
(19,59)
(21,22)
(21,59)
(22,73)
(24,41)
(25,35)
(26,84)
(27,91)
(28,33)
(28,46)
(30,41)
(30,43)
(30,44)
(30,49)
(30,63)
(30,95)
(32,59)
(33,51)
(34,37)
(34,47)
(34,59)
(35,45)
(36,69)
(37,50)
(37,53)
(37,56)
(37,61)
(38,57)
(40,52)
(40,60)
(41,60)
(42,59)
(43,52)
(43,60)
(44,49)
(48,69)
(49,63)
(50,61)
(52,60)
(53,54)
(55,69)
(55,85)
(55,88)
(57,61)
(57,76)
(57,82)
(57,89)
(57,97)
(58,69)
(58,81)
(58,84)
(58,88)
(59,67)
(59,73)
(59,84)
(60,64)
(62,84)
(63,66)
(64,66)
(65,70)
(65,71)
(65,80)
(65,89)
(65,91)
(65,96)
(65,99)
(66,85)
(68,77)
(68,78)
(68,87)
(68,99)
(72,87)
(74,79)
(74,92)
(75,85)
(75,95)
(76,82)
(77,87)
(77,96)
(79,88)
(80,99)
(81,88)
(82,89)
(83,87)
(83,94)
(89,96)
(90,96)
(93,99)
(96,97)
(96,98)
(96,99)
(98,99)
