Nodes: 180
Protection radius: 1.000000
Disaster radius: 0.500000
0: 0.380512 70.528724
1: 0.868416 57.241292
2: 0.994968 4.059002
3: 2.319990 86.575474
4: 2.342721 93.498981
5: 2.743922 0.650611
6: 2.833363 66.542753
7: 3.670050 71.630966
8: 4.044739 13.099462
9: 4.208127 37.246244
10: 4.422001 16.755875
11: 4.478189 79.524600
12: 4.586411 46.109997
13: 4.651699 22.505602
14: 5.021906 43.878760
15: 5.477702 84.937793
16: 5.821518 93.531598
17: 6.473028 33.517682
18: 7.202780 15.244576
19: 9.167153 77.375651
20: 9.749346 31.096538
21: 10.454356 24.977392
22: 11.022330 74.586378
23: 11.074788 81.667861
24: 11.103392 54.998322
25: 11.569253 91.334442
26: 11.718531 14.734661
27: 12.212680 19.835127
28: 12.360401 64.754448
29: 12.665418 50.062146
30: 12.754149 3.206673
31: 13.049986 56.105091
32: 13.123147 30.666441
33: 13.866244 13.690247
34: 14.320142 84.046518
35: 14.652782 62.653630
36: 14.765040 58.823257
37: 15.300686 35.402321
38: 16.241678 32.333918
39: 17.276004 1.665579
40: 17.476205 50.966905
41: 17.973391 86.145120
42: 18.263784 14.581855
43: 18.297475 90.439999
44: 18.348497 80.458273
45: 18.705648 21.320742
46: 19.728322 83.292608
47: 20.601036 98.787612
48: 21.029749 84.818977
49: 21.646234 96.968983
50: 21.828395 24.891310
51: 21.887528 38.876889
52: 22.666781 17.295271
53: 23.166764 28.097377
54: 23.385317 85.191880
55: 25.264014 48.698925
56: 26.553283 32.669526
57: 27.802101 56.122064
58: 28.361013 17.757107
59: 28.397269 89.688564
60: 28.408078 2.546742
61: 28.686243 66.556524
62: 28.710136 75.047851
63: 28.813402 27.013183
64: 29.989958 34.663243
65: 31.211247 81.300485
66: 33.255117 57.333592
67: 33.751103 6.830328
68: 33.897317 27.749119
69: 33.999497 25.178676
70: 34.964809 32.031063
71: 35.037567 14.150455
72: 35.376825 34.166469
73: 35.521028 22.099916
74: 35.868441 49.015268
75: 36.108996 60.374881
76: 36.649824 70.751936
77: 36.985798 68.666176
78: 37.130397 83.642978
79: 37.865705 87.254150
80: 38.073429 92.680233
81: 38.277241 28.498535
82: 38.404265 94.824069
83: 38.789925 26.309529
84: 39.200836 85.355889
85: 40.117609 31.846840
86: 40.934646 60.371114
87: 42.136220 83.259962
88: 42.357962 49.651216
89: 42.613861 89.980877
90: 43.048235 60.859119
91: 45.756119 70.861925
92: 45.819308 52.005069
93: 46.121110 76.431653
94: 47.368249 36.319487
95: 47.552344 85.150288
96: 47.584246 22.559801
97: 47.688579 27.608911
98: 49.122930 25.259064
99: 49.171705 30.066135
100: 50.004035 12.722991
101: 50.577934 91.131271
102: 50.838357 4.079474
103: 51.631301 97.146961
104: 52.111637 67.577079
105: 52.247803 81.000227
106: 53.054967 23.145450
107: 53.057843 88.132834
108: 53.167582 83.986566
109: 53.656339 51.066679
110: 54.838425 48.764537
111: 54.858056 53.984633
112: 55.632764 77.990761
113: 56.109966 73.469737
114: 58.343864 57.747392
115: 59.632404 22.585698
116: 61.592158 39.538491
117: 61.799575 1.164620
118: 62.099377 6.560632
119: 62.483506 30.393308
120: 63.479617 46.457204
121: 64.685802 12.599748
122: 66.311254 23.491574
123: 66.835994 27.565850
124: 68.186004 97.362574
125: 68.546336 19.460108
126: 69.221525 62.005138
127: 69.410250 76.085848
128: 69.789536 53.869813
129: 70.383343 82.576031
130: 70.635997 57.533156
131: 70.723728 9.011450
132: 70.931539 4.290301
133: 71.091859 93.891760
134: 71.569554 12.034307
135: 71.693344 63.244897
136: 71.953464 47.836413
137: 72.733339 52.930023
138: 73.089224 27.529867
139: 73.704960 57.755229
140: 74.236793 76.567445
141: 75.766390 47.863348
142: 76.764460 13.592113
143: 77.418639 30.360173
144: 78.224999 7.811123
145: 79.056568 34.879461
146: 79.178839 76.753058
147: 79.443339 50.507325
148: 79.943205 20.560243
149: 80.102446 13.850567
150: 80.989459 84.714643
151: 81.399681 61.131872
152: 81.813067 64.444179
153: 83.042432 15.333995
154: 83.238735 83.986815
155: 84.001933 9.006007
156: 85.084024 96.756083
157: 87.002211 1.980085
158: 87.218360 35.467660
159: 88.314667 27.356492
160: 88.831517 60.084115
161: 89.388073 96.556967
162: 91.152165 0.286622
163: 91.498425 40.329997
164: 92.998016 11.143062
165: 93.392285 80.955822
166: 93.429383 63.367201
167: 93.459207 33.438445
168: 95.106276 27.134245
169: 95.108849 39.407652
170: 95.705523 43.023398
171: 95.850986 46.624964
172: 96.608888 68.986072
173: 97.298028 86.093728
174: 97.424109 29.429851
175: 97.821899 75.884362
176: 98.058592 48.971520
177: 98.168581 13.519563
178: 98.182061 65.251858
179: 98.427775 80.972587
Edges
(0,1)
(0,7)
(0,8)
(0,12)
(0,13)
(2,18)
(3,11)
(3,25)
(3,26)
(3,34)
(3,41)
(3,43)
(3,46)
(3,48)
(4,16)
(5,134)
(5,164)
(6,12)
(8,10)
(8,13)
(9,12)
(11,24)
(11,27)
(11,34)
(12,14)
(14,17)
(14,18)
(14,30)
(15,34)
(16,25)
(16,49)
(16,59)
(17,30)
(19,22)
(19,23)
(20,26)
(20,27)
(21,26)
(22,23)
(23,24)
(23,29)
(23,44)
(25,59)
(28,29)
(28,46)
(28,61)
(28,78)
(28,103)
(29,32)
(29,37)
(30,37)
(31,55)
(31,125)
(32,37)
(33,51)
(33,53)
(33,67)
(35,74)
(36,74)
(36,94)
(37,40)
(38,40)
(39,164)
(40,99)
(40,125)
(42,50)
(42,56)
(42,64)
(42,68)
(45,53)
(46,59)
(47,124)
(48,59)
(52,58)
(54,65)
(54,82)
(57,74)
(58,68)
(59,82)
(60,118)
(60,144)
(60,155)
(62,66)
(62,87)
(62,103)
(63,68)
(64,70)
(64,72)
(64,100)
(65,80)
(66,75)
(66,76)
(66,125)
(67,68)
(67,73)
(67,121)
(69,100)
(70,81)
(71,73)
(74,125)
(75,76)
(77,86)
(77,88)
(78,84)
(79,103)
(80,103)
(81,99)
(81,115)
(83,98)
(85,99)
(87,88)
(87,95)
(87,110)
(87,122)
(88,90)
(89,103)
(90,91)
(90,119)
(91,109)
(92,125)
(93,95)
(94,125)
(95,104)
(96,98)
(97,125)
(98,100)
(99,125)
(100,106)
(100,115)
(101,103)
(101,105)
(101,108)
(101,113)
(102,117)
(103,107)
(103,108)
(103,124)
(107,173)
(108,112)
(109,119)
(110,122)
(111,120)
(111,129)
(111,151)
(111,178)
(114,146)
(115,121)
(116,123)
(116,128)
(116,139)
(116,141)
(116,163)
(116,169)
(117,132)
(117,155)
(118,164)
(120,128)
(122,143)
(122,145)
(124,156)
(125,142)
(126,135)
(126,146)
(126,151)
(127,129)
(128,130)
(129,154)
(131,134)
(132,157)
(132,162)
(133,161)
(133,173)
(134,149)
(135,151)
(135,152)
(135,178)
(136,137)
(136,160)
(137,160)
(138,142)
(138,143)
(138,148)
(138,149)
(139,166)
(140,146)
(141,160)
(141,170)
(142,149)
(145,169)
(146,152)
(146,173)
(147,170)
(149,153)
(149,158)
(150,173)
(152,165)
(153,177)
(155,157)
(155,162)
(157,162)
(158,167)
(159,167)
(162,177)
(165,172)
(166,171)
(166,174)
(168,169)
(172,175)
(173,175)
(174,178)
(175,178)
(176,178)
(176,179)
