Nodes: 180
Protection radius: 1.000000
Disaster radius: 0.500000
0: 0.866877 96.404634
1: 1.975217 32.451616
2: 2.554550 40.841616
3: 3.196287 78.209953
4: 3.229297 5.566078
5: 3.420862 84.679168
6: 3.445738 24.556276
7: 5.196635 39.301677
8: 5.745962 75.520951
9: 8.347148 48.772381
10: 8.722338 85.343910
11: 8.746716 22.254036
12: 9.490344 74.289323
13: 9.577245 69.304774
14: 10.032556 20.712730
15: 10.035844 52.480296
16: 10.879763 77.588450
17: 11.050275 29.930720
18: 11.812630 45.840589
19: 12.872163 97.752587
20: 13.833053 73.991261
21: 13.928015 25.290219
22: 14.207021 17.167447
23: 14.907923 34.284526
24: 14.985803 30.901969
25: 15.960010 77.909333
26: 15.981513 14.738154
27: 16.978434 2.302769
28: 17.057401 35.855526
29: 17.227125 75.977527
30: 17.758338 73.868446
31: 17.763711 90.531220
32: 18.137233 9.317188
33: 18.398525 56.777492
34: 18.948008 14.224050
35: 19.014542 62.595025
36: 19.128079 81.500354
37: 19.721104 11.234052
38: 20.165365 72.610281
39: 21.411625 79.390245
40: 22.369829 37.818994
41: 22.643144 73.235413
42: 22.983364 15.155336
43: 23.080122 45.182504
44: 23.149452 82.953363
45: 24.533789 13.489028
46: 24.979994 69.474497
47: 26.325849 18.014414
48: 27.877800 8.975259
49: 27.946507 67.391493
50: 28.163979 88.482641
51: 28.540360 48.582230
52: 29.808951 84.221030
53: 30.350213 38.439059
54: 30.446123 1.873238
55: 30.451643 35.302329
56: 32.704131 30.614838
57: 32.805027 67.186372
58: 33.446738 19.888910
59: 33.861251 3.576079
60: 33.895825 5.895375
61: 34.156888 83.852254
62: 34.844366 13.123240
63: 35.729634 73.673543
64: 36.365942 49.801108
65: 36.377311 19.859162
66: 36.399240 70.510953
67: 37.093872 41.595875
68: 37.210198 38.366842
69: 37.881372 1.303569
70: 38.012141 83.626075
71: 38.106370 57.448140
72: 40.571892 31.046497
73: 40.725066 58.783331
74: 41.811117 91.660715
75: 42.994801 22.204236
76: 43.524613 84.585259
77: 44.081439 28.099743
78: 44.504770 94.514628
79: 45.071434 97.047039
80: 45.134764 34.767740
81: 45.473498 64.856897
82: 45.505821 42.613360
83: 45.761603 12.557272
84: 47.491250 6.743619
85: 48.085661 40.133540
86: 49.506625 51.463770
87: 50.031533 36.096175
88: 52.405690 7.110172
89: 52.994163 43.928002
90: 53.090587 31.784169
91: 53.157744 89.295953
92: 53.316743 29.278287
93: 53.942735 46.847095
94: 54.144817 96.094903
95: 55.679568 7.176127
96: 56.224006 69.168086
97: 56.538562 88.990256
98: 57.114348 49.579820
99: 57.910860 93.401249
100: 58.267320 61.132034
101: 58.474565 64.435743
102: 59.083338 2.925672
103: 59.466644 53.866867
104: 59.487002 40.288828
105: 59.717591 34.083573
106: 59.963506 26.499510
107: 61.022485 30.129259
108: 61.340721 56.780424
109: 61.424849 14.098828
110: 62.539493 79.191589
111: 62.827708 66.633198
112: 62.987604 92.667638
113: 63.158788 27.811792
114: 63.849911 86.969834
115: 64.970471 56.386002
116: 65.521298 17.931395
117: 65.859036 86.315887
118: 65.959457 4.645594
119: 66.593007 33.813808
120: 67.274116 6.207180
121: 68.771052 67.190940
122: 69.495228 22.388473
123: 69.587785 89.854399
124: 70.061256 42.208200
125: 70.133296 51.924736
126: 71.352680 68.284216
127: 71.769965 9.335827
128: 72.522632 42.733811
129: 72.877591 32.342545
130: 72.882159 80.205885
131: 73.228198 66.183891
132: 73.339243 94.989106
133: 74.567619 38.879019
134: 74.757298 56.546040
135: 74.901680 46.409868
136: 75.157203 23.654640
137: 75.974565 80.910797
138: 76.338597 5.796082
139: 76.427168 64.621136
140: 76.753989 16.908423
141: 77.893591 34.667477
142: 77.960090 69.141129
143: 80.745159 15.916530
144: 80.880521 48.047985
145: 81.087029 4.635098
146: 82.030709 42.527077
147: 82.544431 12.592732
148: 82.990731 19.733964
149: 83.368693 30.376092
150: 83.698547 46.556262
151: 83.997911 50.568738
152: 84.197794 95.179373
153: 84.592216 22.985991
154: 84.851479 71.325601
155: 85.167554 17.979807
156: 85.192639 68.109107
157: 85.528164 65.926968
158: 86.461178 83.682210
159: 86.924277 41.957863
160: 86.927003 22.137079
161: 87.540725 5.841252
162: 88.162707 28.465367
163: 88.175342 45.752628
164: 88.353397 9.897993
165: 89.580906 18.326686
166: 90.190324 67.964909
167: 90.702278 90.067804
168: 90.847138 70.360811
169: 91.562099 8.477688
170: 91.758971 63.434640
171: 92.308781 51.655366
172: 92.927500 34.130397
173: 92.930989 70.989697
174: 93.713453 88.325514
175: 94.484365 82.649728
176: 94.575759 15.713488
177: 95.294027 30.953508
178: 97.416885 33.891861
179: 97.645901 93.748760
Edges
(0,1)
(0,2)
(0,4)
(0,5)
(2,3)
(2,4)
(2,8)
(2,9)
(2,15)
(3,8)
(3,19)
(6,7)
(6,14)
(6,26)
(7,9)
(10,13)
(11,19)
(11,21)
(11,49)
(12,15)
(12,16)
(13,15)
(14,21)
(14,22)
(14,26)
(16,19)
(17,19)
(17,46)
(18,20)
(19,20)
(19,33)
(19,78)
(19,91)
(19,94)
(19,132)
(19,152)
(19,167)
(20,33)
(22,23)
(22,34)
(23,49)
(23,56)
(24,47)
(25,29)
(26,27)
(26,88)
(27,59)
(27,69)
(28,55)
(29,35)
(29,36)
(29,46)
(30,35)
(31,39)
(31,66)
(32,37)
(33,38)
(34,83)
(34,95)
(36,39)
(37,59)
(39,41)
(40,55)
(41,44)
(42,47)
(43,55)
(44,46)
(44,68)
(45,62)
(47,65)
(48,88)
(50,66)
(50,70)
(50,81)
(51,53)
(51,56)
(51,65)
(51,75)
(51,83)
(52,66)
(53,55)
(54,95)
(56,58)
(57,64)
(57,67)
(57,71)
(59,84)
(60,84)
(60,88)
(61,81)
(62,95)
(63,66)
(63,73)
(64,73)
(66,71)
(68,73)
(68,81)
(69,95)
(72,81)
(72,82)
(74,95)
(75,77)
(75,82)
(76,95)
(77,80)
(77,82)
(78,114)
(78,137)
(79,152)
(80,95)
(81,87)
(85,95)
(86,92)
(86,158)
(89,92)
(89,134)
(90,92)
(91,97)
(91,100)
(92,95)
(92,105)
(92,106)
(93,98)
(93,103)
(93,121)
(93,157)
(95,107)
(95,109)
(95,124)
(96,100)
(97,130)
(98,103)
(98,108)
(99,132)
(101,111)
(101,167)
(102,120)
(102,127)
(102,143)
(102,157)
(104,105)
(104,125)
(105,125)
(107,113)
(107,157)
(108,139)
(109,124)
(109,128)
(110,130)
(112,167)
(113,119)
(115,139)
(115,157)
(116,140)
(116,176)
(117,123)
(117,167)
(118,120)
(121,142)
(122,129)
(122,136)
(122,155)
(123,167)
(124,135)
(126,154)
(127,147)
(129,141)
(129,153)
(129,159)
(129,160)
(129,162)
(129,172)
(131,142)
(131,157)
(133,144)
(136,155)
(136,165)
(136,176)
(138,145)
(138,161)
(138,169)
(143,164)
(143,169)
(144,146)
(144,157)
(146,151)
(146,157)
(146,159)
(147,164)
(148,176)
(149,177)
(150,159)
(151,172)
(152,167)
(152,174)
(154,171)
(156,157)
(157,163)
(157,177)
(159,172)
(165,178)
(166,167)
(167,170)
(168,171)
(171,173)
(171,177)
(173,174)
(173,178)
(174,175)
(174,178)
(175,178)
(175,179)
(176,178)
