Nodes: 180
Protection radius: 1.000000
Disaster radius: 0.500000
0: 0.189310 71.283897
1: 0.487312 79.803218
2: 0.629375 17.302570
3: 0.785359 39.794711
4: 1.140265 76.599347
5: 1.388248 52.968882
6: 1.779876 60.284126
7: 1.870543 46.985658
8: 2.692441 100.252193
9: 3.072030 0.148642
10: 3.366894 42.151519
11: 3.465526 26.042694
12: 4.111130 90.670517
13: 5.474944 96.851197
14: 5.891804 31.258722
15: 6.064988 98.897954
16: 6.107282 26.399238
17: 6.225682 19.977681
18: 6.270368 71.483078
19: 7.711666 29.579223
20: 9.336468 47.295609
21: 9.984098 36.559751
22: 10.135718 3.587742
23: 12.501669 24.145965
24: 12.598050 56.181343
25: 13.015532 69.563245
26: 13.316053 0.014729
27: 13.420499 87.767835
28: 13.748372 101.567044
29: 13.794254 11.419171
30: 13.935676 37.960255
31: 15.736693 55.335164
32: 16.944883 13.356617
33: 17.174241 70.541904
34: 17.962465 46.926571
35: 18.118876 73.133722
36: 18.248404 8.584245
37: 18.347850 86.752812
38: 19.070684 64.194129
39: 19.391924 35.923549
40: 19.850109 96.050724
41: 20.247827 38.638058
42: 20.423575 13.581037
43: 22.507196 75.928143
44: 22.753842 84.374586
45: 22.806619 67.166773
46: 22.875242 93.538297
47: 22.973990 7.538111
48: 22.999616 65.150060
49: 23.374849 12.931694
50: 23.678767 90.608128
51: 24.112632 71.593879
52: 24.167903 27.098746
53: 25.217906 64.875802
54: 25.612062 43.637503
55: 26.213426 45.700154
56: 28.023354 49.534594
57: 28.738127 43.052894
58: 28.841089 100.497089
59: 28.908477 94.408026
60: 29.510915 60.779861
61: 29.749553 30.336261
62: 30.332304 73.326686
63: 31.734573 82.651694
64: 32.063106 15.441679
65: 32.180427 43.318484
66: 32.360352 74.902586
67: 32.874795 5.876259
68: 33.068797 30.267918
69: 33.970126 101.644913
70: 34.473224 3.607454
71: 35.770057 66.920121
72: 35.925837 71.863182
73: 36.068680 43.987511
74: 36.379584 24.870159
75: 36.494592 92.638911
76: 37.407399 7.604603
77: 37.474072 75.856419
78: 38.218878 9.559937
79: 38.833906 86.035842
80: 39.220510 13.749009
81: 39.592872 38.292735
82: 40.086362 83.524409
83: 40.765057 55.105419
84: 40.915482 17.025599
85: 41.070616 30.192417
86: 42.225801 36.943031
87: 42.531457 27.910347
88: 42.685402 80.811197
89: 42.953317 21.900347
90: 43.444490 75.618319
91: 43.799495 93.893907
92: 45.634096 19.259141
93: 45.843314 72.960960
94: 46.281525 63.900796
95: 47.594966 50.243038
96: 47.695279 100.513316
97: 47.733069 6.329308
98: 47.930919 78.107083
99: 48.096088 14.398924
100: 48.975882 19.269198
101: 49.317989 84.118124
102: 49.951411 91.073564
103: 51.499791 65.779429
104: 52.134528 68.816340
105: 52.780246 1.382358
106: 55.198543 70.603284
107: 56.486507 87.466718
108: 56.593779 52.046492
109: 57.224267 76.414389
110: 58.099607 42.391539
111: 58.567470 89.811963
112: 59.094530 16.313158
113: 62.438700 95.940901
114: 62.695212 28.436138
115: 62.884339 75.262169
116: 63.127996 31.995157
117: 63.132176 54.183036
118: 63.870297 45.282106
119: 64.629820 90.555787
120: 64.691973 16.043197
121: 66.487165 73.243547
122: 66.800907 8.497025
123: 67.785740 4.518507
124: 68.577321 49.747051
125: 69.208158 64.754883
126: 69.373935 32.586647
127: 69.726987 12.631967
128: 70.453199 60.347346
129: 71.429901 86.563107
130: 71.655688 92.480829
131: 71.855299 49.518429
132: 73.219223 46.987874
133: 73.258277 33.362107
134: 74.227280 9.970664
135: 74.868668 66.242232
136: 75.852205 35.287002
137: 77.477708 88.162956
138: 78.168848 70.520755
139: 78.430482 78.861985
140: 79.199584 101.966082
141: 80.111774 92.470238
142: 80.236092 96.826014
143: 80.572919 23.862161
144: 81.365677 29.596529
145: 81.753505 65.673449
146: 82.963813 32.211711
147: 83.883945 68.287591
148: 84.665789 14.516243
149: 85.679476 96.012119
150: 85.789022 91.283268
151: 85.962434 4.908762
152: 86.183939 19.485487
153: 86.492947 10.743246
154: 86.841916 37.667529
155: 88.600590 19.621787
156: 88.789886 8.231954
157: 89.625042 30.383545
158: 89.943490 48.330826
159: 90.036179 33.024261
160: 90.327068 78.005162
161: 90.918496 58.041021
162: 91.829771 52.094541
163: 91.840863 28.978955
164: 92.812173 90.773071
165: 93.295932 65.637492
166: 94.560206 22.739113
167: 94.666720 92.901016
168: 95.071321 64.223070
169: 95.197341 61.468910
170: 97.006554 89.618153
171: 97.794694 25.130672
172: 98.066934 54.886740
173: 98.902471 78.629153
174: 99.777631 42.254312
175: 100.626481 81.905912
176: 100.809822 76.333092
177: 101.073609 94.479192
178: 101.442405 92.412969
179: 101.771678 38.012382
Edges
(0,18)
(0,24)
(0,25)
(0,31)
(0,38)
(0,45)
(0,73)
(0,146)
(1,8)
(1,12)
(2,3)
(2,6)
(3,5)
(4,12)
(5,6)
(6,7)
(7,21)
(7,24)
(7,30)
(7,68)
(7,86)
(8,12)
(8,28)
(8,58)
(8,60)
(9,42)
(9,80)
(9,122)
(9,153)
(10,14)
(10,16)
(11,126)
(12,25)
(12,60)
(13,43)
(13,60)
(15,37)
(15,50)
(15,108)
(16,19)
(16,21)
(16,85)
(16,116)
(17,74)
(17,84)
(17,143)
(17,152)
(17,155)
(19,39)
(19,61)
(20,57)
(20,86)
(21,39)
(22,42)
(23,52)
(24,56)
(25,35)
(26,105)
(27,71)
(29,42)
(30,39)
(32,84)
(33,45)
(34,55)
(34,56)
(34,65)
(34,73)
(34,136)
(35,45)
(35,53)
(35,60)
(36,49)
(36,80)
(37,71)
(38,53)
(38,60)
(38,95)
(38,146)
(39,68)
(40,46)
(41,133)
(43,51)
(43,60)
(43,95)
(44,59)
(44,66)
(46,59)
(47,80)
(48,53)
(49,64)
(49,84)
(52,126)
(54,86)
(57,65)
(57,81)
(58,63)
(58,66)
(58,69)
(58,75)
(58,77)
(58,82)
(58,119)
(58,129)
(58,137)
(58,139)
(58,173)
(59,66)
(60,95)
(62,71)
(62,108)
(63,77)
(66,93)
(66,103)
(66,104)
(66,106)
(66,128)
(66,135)
(67,76)
(67,78)
(67,97)
(68,133)
(69,137)
(69,140)
(69,175)
(70,105)
(70,123)
(70,151)
(70,153)
(71,95)
(72,94)
(72,103)
(72,118)
(73,110)
(73,136)
(74,87)
(74,126)
(75,79)
(76,97)
(76,122)
(77,98)
(77,115)
(77,135)
(78,80)
(78,122)
(79,82)
(79,115)
(80,92)
(80,99)
(81,136)
(83,95)
(85,126)
(86,133)
(86,136)
(88,109)
(88,115)
(89,114)
(89,126)
(89,143)
(90,138)
(91,101)
(91,121)
(92,99)
(92,100)
(92,120)
(92,134)
(94,117)
(94,118)
(94,128)
(95,118)
(96,140)
(96,175)
(102,107)
(102,121)
(104,125)
(104,135)
(106,135)
(107,139)
(111,160)
(111,173)
(112,120)
(113,140)
(113,142)
(113,149)
(114,126)
(114,144)
(114,146)
(116,126)
(118,124)
(118,131)
(118,138)
(118,146)
(118,157)
(119,173)
(119,175)
(120,127)
(120,152)
(121,173)
(121,176)
(123,153)
(127,155)
(130,141)
(130,149)
(130,167)
(131,132)
(131,145)
(131,154)
(131,158)
(131,165)
(132,157)
(133,136)
(134,148)
(135,138)
(137,175)
(138,145)
(138,176)
(139,160)
(141,150)
(141,178)
(142,149)
(144,155)
(145,165)
(146,157)
(147,176)
(149,167)
(150,170)
(150,175)
(151,156)
(151,174)
(153,155)
(153,174)
(155,157)
(156,166)
(157,162)
(158,161)
(159,165)
(163,165)
(163,169)
(163,172)
(164,170)
(164,178)
(165,168)
(165,169)
(166,171)
(166,174)
(167,177)
(168,169)
(176,179)
