Nodes: 20
Protection radius: 1.000000
Disaster radius: 0.500000
0: 0.734698 10.964590
1: 1.029585 1.536036
2: 1.788939 16.415802
3: 2.854933 8.645167
4: 4.235616 0.668337
5: 5.823273 16.609609
6: 5.905712 4.064299
7: 8.335339 9.625302
8: 8.929681 6.935297
9: 10.393559 11.152081
10: 10.670765 5.235172
11: 11.249104 2.818524
12: 12.168145 7.619240
13: 12.701404 1.292813
14: 13.553892 5.958415
15: 14.379537 7.785029
16: 14.410698 12.830525
17: 14.554537 16.271100
18: 14.965168 10.058889
19: 15.681103 0.284514
Edges
(0,1)
(0,3)
(0,5)
(1,6)
(2,5)
(4,13)
(5,7)
(5,9)
(6,8)
(6,10)
(6,11)
(7,8)
(7,12)
(8,10)
(8,12)
(9,12)
(12,14)
(12,18)
(13,14)
(13,19)
(15,18)
(16,17)
(17,18)
