Nodes: 100
Protection radius: 1.000000
Disaster radius: 0.500000
0: 0.276398 55.023776
1: 0.341113 10.205941
2: 0.561129 1.168684
3: 1.405814 13.681414
4: 2.273386 37.293513
5: 2.751084 32.295572
6: 3.165066 46.433668
7: 3.169220 0.201947
8: 4.042566 3.553396
9: 4.296145 56.638450
10: 4.727753 30.004643
11: 5.449144 19.450940
12: 5.459881 7.676120
13: 6.899716 36.121455
14: 7.722734 12.731896
15: 7.758111 48.040483
16: 7.913782 45.467694
17: 7.982774 7.194279
18: 8.669393 30.738247
19: 10.064218 16.007809
20: 10.982796 59.701223
21: 11.753285 24.040120
22: 11.984715 34.108628
23: 12.838589 10.780849
24: 13.552421 27.337919
25: 13.625439 3.917190
26: 16.461985 15.462627
27: 17.774747 49.218453
28: 18.968361 32.424117
29: 19.652887 37.175535
30: 20.262500 29.528256
31: 20.309226 19.570271
32: 20.542287 23.891072
33: 21.237821 44.268588
34: 21.275416 47.129194
35: 23.611695 45.494798
36: 24.626173 30.635683
37: 25.659459 7.880020
38: 25.946764 40.274172
39: 26.497268 55.713729
40: 26.776789 33.687334
41: 27.731257 18.496666
42: 30.877796 7.158999
43: 31.003262 24.902571
44: 31.173327 9.342600
45: 31.294762 3.183766
46: 31.429999 33.260131
47: 31.842255 28.322280
48: 32.239470 52.729540
49: 32.626802 6.029344
50: 33.426675 57.175122
51: 33.767514 2.632648
52: 34.179216 49.470608
53: 34.532198 32.039503
54: 34.856017 21.535195
55: 34.937075 38.194478
56: 35.614477 52.963280
57: 36.876758 56.468428
58: 36.912622 7.045917
59: 37.427850 38.725169
60: 37.631876 26.553913
61: 38.068847 12.419756
62: 38.396429 29.905935
63: 38.842201 55.880983
64: 40.100237 34.821819
65: 40.670736 41.562646
66: 40.727728 3.303015
67: 40.762504 46.159960
68: 41.541960 50.994183
69: 41.747874 24.899980
70: 41.896922 36.485589
71: 41.936122 31.197432
72: 42.652529 38.694189
73: 44.040980 31.302039
74: 44.815758 11.185987
75: 45.205169 13.365331
76: 45.224612 47.221595
77: 45.594759 38.979641
78: 47.502129 44.707026
79: 47.538530 23.223891
80: 47.931192 53.916559
81: 49.178207 58.970372
82: 49.637005 8.618364
83: 51.165475 54.721503
84: 51.223039 14.804642
85: 52.374697 44.296907
86: 52.670560 3.307121
87: 53.056105 16.044206
88: 54.094091 24.428242
89: 55.247797 14.077512
90: 55.790179 5.288883
91: 55.814853 30.190639
92: 56.653680 9.473304
93: 57.183485 20.006764
94: 57.560548 33.316644
95: 58.153182 25.570976
96: 58.895297 36.258909
97: 58.897084 30.655195
98: 58.957962 44.790540
99: 59.511668 22.652462
Edges
(0,1)
(0,4)
(0,15)
(2,8)
(3,5)
(4,6)
(4,13)
(5,10)
(5,11)
(7,45)
(8,12)
(9,15)
(11,19)
(12,14)
(12,17)
(13,16)
(13,18)
(15,27)
(16,22)
(17,25)
(19,23)
(20,39)
(21,26)
(22,29)
(23,37)
(24,30)
(25,37)
(25,45)
(26,37)
(28,30)
(28,40)
(29,33)
(30,36)
(31,32)
(31,37)
(32,36)
(33,38)
(34,35)
(35,38)
(35,39)
(36,47)
(37,41)
(37,42)
(38,40)
(39,48)
(41,43)
(43,54)
(43,60)
(44,49)
(44,61)
(46,53)
(48,52)
(50,57)
(51,58)
(51,86)
(52,55)
(52,56)
(52,68)
(53,60)
(53,62)
(55,64)
(56,57)
(58,61)
(58,74)
(59,64)
(59,67)
(61,69)
(63,80)
(64,71)
(65,72)
(65,76)
(65,77)
(66,74)
(69,73)
(69,75)
(70,72)
(70,73)
(71,73)
(73,79)
(73,91)
(75,82)
(76,80)
(78,80)
(78,85)
(79,87)
(79,88)
(80,81)
(81,98)
(82,84)
(83,85)
(84,89)
(87,93)
(88,99)
(90,99)
(91,94)
(92,93)
(95,99)
(96,97)
(97,99)
