Nodes: 100
Protection radius: 1.000000
Disaster radius: 0.500000
0: 1.032347 22.671886
1: 1.496809 1.343048
2: 1.599541 10.349522
3: 3.018433 41.940393
4: 4.153163 31.544838
5: 4.314325 59.052369
6: 5.293078 4.939933
7: 5.574704 33.170232
8: 5.653045 37.422588
9: 6.189595 54.423430
10: 6.719562 10.034229
11: 7.106923 14.406509
12: 7.610441 40.788857
13: 9.970089 56.180377
14: 10.165934 41.104352
15: 10.371805 59.455325
16: 10.900418 47.814417
17: 12.085357 31.299166
18: 12.851500 2.385830
19: 14.168468 31.711387
20: 14.563097 57.701664
21: 15.034002 23.245991
22: 15.859871 55.335712
23: 17.097182 42.863770
24: 18.702793 12.276551
25: 19.443828 21.549993
26: 19.652701 57.596425
27: 20.517646 13.615462
28: 21.619490 37.716407
29: 21.655504 29.291975
30: 21.950793 53.037583
31: 22.213644 45.435037
32: 23.233247 15.331461
33: 23.563436 9.446398
34: 23.678160 42.946104
35: 23.903940 30.455366
36: 24.243311 20.987225
37: 24.265771 45.249519
38: 24.334665 59.784758
39: 25.488775 12.630410
40: 26.910343 54.609710
41: 27.550473 13.823265
42: 28.377051 35.908914
43: 28.703500 8.144340
44: 30.032738 26.349394
45: 30.111846 24.304252
46: 30.519430 14.284414
47: 30.675620 18.148247
48: 30.686422 41.778041
49: 31.454102 53.626754
50: 32.502217 15.764747
51: 33.263776 49.166936
52: 34.653774 13.468663
53: 34.858031 51.688242
54: 35.537124 45.269897
55: 36.272083 11.710609
56: 36.287348 34.477830
57: 37.624878 19.024241
58: 37.682956 49.507836
59: 38.124100 24.272272
60: 38.479705 13.834850
61: 38.606435 38.598441
62: 38.672950 1.383645
63: 39.037100 29.244249
64: 39.443506 58.762137
65: 39.822394 7.763951
66: 39.860333 27.202276
67: 41.593867 54.787176
68: 42.970266 46.643888
69: 44.290216 60.328454
70: 44.347313 53.287365
71: 44.795985 43.394271
72: 45.860747 1.538058
73: 47.213152 22.589103
74: 48.165957 54.720511
75: 48.884339 35.445215
76: 50.569079 37.405984
77: 50.800743 56.658601
78: 51.016695 25.316989
79: 51.151696 59.248243
80: 51.649231 45.965391
81: 51.657062 48.772369
82: 51.812270 21.023181
83: 53.548501 53.720933
84: 54.162247 38.030333
85: 54.232746 28.230281
86: 54.420738 6.414151
87: 54.927617 50.322989
88: 55.576514 34.863317
89: 55.641369 40.151110
90: 56.628175 5.013174
91: 56.678760 29.953727
92: 57.518280 37.580058
93: 58.299357 46.644870
94: 58.710851 43.233865
95: 58.858606 16.531418
96: 59.134086 35.975602
97: 60.297069 5.876566
98: 60.300195 8.148946
99: 60.372507 28.403240
Edges
(0,1)
(0,11)
(1,6)
(2,43)
(2,62)
(2,72)
(3,8)
(4,7)
(4,11)
(5,14)
(5,31)
(5,47)
(5,50)
(7,21)
(8,12)
(8,14)
(8,17)
(8,21)
(8,32)
(9,43)
(10,21)
(10,24)
(10,33)
(13,31)
(14,25)
(15,26)
(15,49)
(15,69)
(15,84)
(16,43)
(18,62)
(19,25)
(20,84)
(22,31)
(22,48)
(23,28)
(23,37)
(23,61)
(24,27)
(24,43)
(25,39)
(28,35)
(28,84)
(29,50)
(30,54)
(34,61)
(35,57)
(35,75)
(36,46)
(38,58)
(40,49)
(41,43)
(42,75)
(43,52)
(44,59)
(45,57)
(46,57)
(48,54)
(48,84)
(51,71)
(53,69)
(53,70)
(53,79)
(55,60)
(56,75)
(58,71)
(58,84)
(59,60)
(59,63)
(60,65)
(60,73)
(64,69)
(66,73)
(67,70)
(68,80)
(70,81)
(72,85)
(72,88)
(72,95)
(73,75)
(74,87)
(76,78)
(76,92)
(77,87)
(80,87)
(80,93)
(82,85)
(83,93)
(84,93)
(85,91)
(85,92)
(86,90)
(86,95)
(89,92)
(92,94)
(94,98)
(94,99)
(96,98)
(97,99)
