Nodes: 180
Protection radius: 1.000000
Disaster radius: 0.500000
0: 0.067790 8.375996
1: 0.907856 36.055171
2: 0.937977 80.175336
3: 1.218808 77.759384
4: 1.548337 39.893392
5: 1.875940 69.953823
6: 2.090755 16.789798
7: 2.262548 53.862116
8: 2.365492 63.402449
9: 2.405289 57.403073
10: 2.495458 46.496154
11: 2.581945 6.318236
12: 3.682639 19.325962
13: 4.655939 91.093255
14: 4.808663 13.719137
15: 5.524354 0.964455
16: 6.749981 87.435598
17: 7.055847 36.488296
18: 7.532886 1.036439
19: 8.286348 15.053945
20: 8.910331 71.115109
21: 10.842981 44.228872
22: 11.416978 12.901558
23: 12.677352 33.283103
24: 14.547779 73.109294
25: 14.660301 17.994814
26: 15.504302 2.105278
27: 15.720198 31.351507
28: 16.090384 6.395967
29: 16.108453 46.579978
30: 16.202641 4.289037
31: 16.482240 34.948040
32: 17.557634 81.905274
33: 17.627280 58.826638
34: 17.920141 47.510776
35: 18.150968 90.883271
36: 18.564380 44.255079
37: 18.641914 7.538756
38: 19.688034 4.556412
39: 19.838719 82.988935
40: 19.869625 27.391410
41: 21.251478 10.612212
42: 21.432565 52.700617
43: 22.283851 14.507216
44: 22.440122 80.576785
45: 22.648252 41.983019
46: 23.630130 86.898066
47: 24.308356 28.465867
48: 25.226926 14.503916
49: 25.641285 8.312790
50: 26.184691 18.026013
51: 26.607847 52.620373
52: 26.620695 23.008730
53: 26.944297 11.864509
54: 27.078857 86.733676
55: 27.184768 47.292335
56: 27.746632 69.729312
57: 28.090150 76.828128
58: 29.011132 34.028593
59: 29.145928 10.164004
60: 29.164260 27.808205
61: 29.227019 23.556108
62: 30.443650 21.589378
63: 31.137619 83.151299
64: 31.434576 41.822290
65: 31.598290 75.355349
66: 31.988077 17.482433
67: 32.017864 68.288066
68: 32.700302 59.262227
69: 32.805657 48.362297
70: 32.971953 55.136992
71: 33.620942 25.425084
72: 33.737874 63.143952
73: 33.930150 87.925630
74: 33.985204 79.043500
75: 34.964773 68.036663
76: 35.684945 65.772744
77: 36.018799 26.293879
78: 36.196918 32.131298
79: 37.487561 21.800899
80: 38.278636 79.574803
81: 39.323437 87.199609
82: 39.770539 89.156585
83: 39.981229 71.423189
84: 40.107078 21.819610
85: 41.969181 17.582628
86: 42.581838 0.946192
87: 43.011310 74.904111
88: 43.332622 15.105855
89: 45.523302 56.663145
90: 45.727302 30.862942
91: 46.618215 71.848388
92: 47.237153 90.301318
93: 47.400433 81.863336
94: 47.429070 20.401049
95: 47.628492 66.422894
96: 48.626247 41.554669
97: 49.155979 63.542048
98: 49.156962 70.314956
99: 50.207433 2.632555
100: 50.438069 28.945827
101: 50.746726 10.291994
102: 50.767474 15.819233
103: 51.577785 39.891417
104: 51.884247 46.791540
105: 52.682579 28.684609
106: 52.764454 52.857862
107: 52.779905 56.031268
108: 53.055210 71.344285
109: 53.302284 50.919792
110: 53.736701 5.783209
111: 53.998735 68.284207
112: 54.381896 17.909591
113: 54.907614 43.682739
114: 55.363559 81.111319
115: 55.900955 86.496893
116: 57.644550 44.947216
117: 57.889760 60.486682
118: 57.904648 63.525560
119: 58.136546 16.380631
120: 58.466689 80.836705
121: 59.508351 52.560789
122: 60.779914 79.057199
123: 60.818981 31.727872
124: 61.272600 51.394462
125: 61.692317 8.349920
126: 61.993711 84.296623
127: 62.281468 67.354719
128: 62.425320 27.955581
129: 63.353463 90.092396
130: 64.094545 0.736905
131: 65.263964 66.795464
132: 65.654709 41.617224
133: 66.043078 19.010143
134: 66.129059 82.712249
135: 66.345281 55.092704
136: 67.199232 84.782318
137: 67.444176 33.039012
138: 67.622721 15.566126
139: 67.688258 60.358131
140: 68.361843 89.065346
141: 69.884721 62.650937
142: 71.265005 73.567470
143: 71.863359 23.830704
144: 72.222640 45.615522
145: 72.913481 70.582000
146: 73.170107 56.277772
147: 73.303819 73.966433
148: 73.797896 13.596004
149: 73.947668 28.950693
150: 75.002871 17.234164
151: 75.318981 44.482802
152: 75.641017 79.529540
153: 76.702804 19.160003
154: 77.207983 10.519170
155: 79.208838 3.303469
156: 79.507013 90.373985
157: 79.778666 28.252874
158: 79.833631 6.942216
159: 80.130305 57.776309
160: 80.851605 49.458072
161: 81.112994 77.409735
162: 81.932491 35.774480
163: 82.242127 47.524960
164: 82.807943 55.362716
165: 83.585262 15.804770
166: 84.137444 5.641368
167: 84.990976 20.439043
168: 86.193798 25.644897
169: 86.353766 60.871776
170: 86.634842 67.355917
171: 87.408088 85.315538
172: 87.765566 51.771910
173: 87.948093 7.407408
174: 88.064433 16.225640
175: 89.334935 47.872173
176: 90.178894 76.352957
177: 90.867184 12.307725
178: 91.609819 7.885741
179: 91.773433 42.486971
Edges
(0,14)
(1,2)
(1,4)
(1,12)
(2,13)
(3,5)
(3,20)
(3,24)
(4,17)
(5,7)
(6,12)
(7,10)
(7,29)
(8,33)
(9,33)
(10,21)
(11,14)
(12,19)
(13,16)
(14,22)
(15,130)
(16,24)
(18,26)
(18,28)
(18,30)
(21,23)
(22,28)
(22,41)
(24,32)
(24,33)
(25,40)
(25,41)
(25,50)
(27,40)
(28,37)
(31,40)
(31,45)
(32,35)
(33,51)
(34,36)
(34,42)
(35,39)
(35,46)
(35,73)
(35,156)
(36,55)
(37,49)
(38,86)
(43,50)
(44,54)
(45,55)
(47,52)
(48,66)
(49,53)
(49,86)
(50,52)
(51,68)
(51,70)
(52,60)
(53,66)
(54,73)
(55,69)
(56,57)
(56,67)
(57,65)
(58,64)
(59,88)
(61,62)
(62,66)
(62,71)
(63,74)
(64,69)
(65,75)
(67,76)
(69,96)
(72,76)
(73,80)
(74,83)
(76,95)
(77,78)
(77,79)
(79,84)
(80,93)
(81,82)
(81,92)
(83,91)
(84,90)
(85,88)
(86,101)
(86,130)
(87,91)
(88,102)
(89,95)
(89,106)
(90,103)
(91,93)
(92,93)
(92,115)
(92,129)
(93,114)
(94,100)
(94,105)
(95,111)
(96,104)
(97,107)
(97,111)
(98,111)
(99,101)
(100,103)
(102,119)
(103,113)
(104,106)
(104,109)
(105,112)
(106,121)
(108,127)
(110,125)
(111,118)
(112,119)
(113,123)
(115,120)
(116,124)
(117,135)
(118,139)
(119,125)
(119,133)
(122,127)
(122,142)
(124,132)
(126,129)
(126,134)
(128,133)
(128,137)
(128,143)
(129,136)
(130,148)
(131,139)
(131,141)
(132,144)
(132,151)
(135,146)
(137,149)
(137,151)
(137,162)
(138,148)
(139,146)
(140,152)
(142,145)
(142,147)
(143,150)
(145,161)
(146,159)
(148,154)
(149,157)
(151,160)
(151,163)
(152,161)
(153,157)
(155,166)
(156,161)
(157,167)
(158,165)
(158,166)
(159,170)
(161,171)
(161,176)
(163,172)
(164,172)
(165,173)
(167,168)
(168,174)
(169,175)
(169,176)
(170,176)
(172,175)
(173,177)
(173,178)
(174,177)
(176,179)
