Nodes: 20
Protection radius: 1.000000
Disaster radius: 0.500000
0: 0.273921 3.460875
1: 1.271032 11.827024
2: 1.543644 14.390275
3: 1.728822 0.972801
4: 2.553472 6.049614
5: 2.701780 3.848258
6: 3.737233 1.600454
7: 5.187722 3.646895
8: 5.882370 12.736365
9: 5.955770 10.110813
10: 7.678003 8.447607
11: 8.856524 4.309848
12: 9.886803 9.467287
13: 10.785079 1.933247
14: 12.063792 12.315743
15: 13.427478 0.595201
16: 13.656644 6.057231
17: 13.748447 4.031108
18: 14.165803 10.289626
19: 14.831974 14.008555
Edges
(0,1)
(0,6)
(0,10)
(0,18)
(2,4)
(2,14)
(3,6)
(4,10)
(5,11)
(7,13)
(7,15)
(8,9)
(9,18)
(10,12)
(11,18)
(13,17)
(14,19)
(16,17)
(17,18)
