Nodes: 100
Protection radius: 1.000000
Disaster radius: 0.500000
0: 0.365552 40.912192
1: 0.913720 3.148739
2: 1.079204 12.750870
3: 2.775831 27.267392
4: 3.020255 31.025588
5: 3.574812 25.369087
6: 3.934236 38.579427
7: 4.040167 19.751789
8: 4.099408 28.809677
9: 4.611969 36.289515
10: 5.425812 53.113356
11: 5.750550 15.015705
12: 6.342555 46.923108
13: 6.599564 17.733056
14: 6.748558 12.561074
15: 6.916009 32.249321
16: 8.108213 6.743477
17: 9.199187 18.711432
18: 9.802887 12.249582
19: 10.229719 9.247583
20: 10.603219 31.256313
21: 11.995450 41.224103
22: 12.328285 28.357769
23: 12.416775 16.921682
24: 13.593778 0.565925
25: 14.939447 14.361640
26: 15.336346 16.384473
27: 15.442213 5.427839
28: 15.865916 53.258730
29: 16.659875 39.841028
30: 16.722516 34.978867
31: 16.819337 8.846712
32: 17.082031 0.653733
33: 17.293797 48.945504
34: 17.685069 29.156214
35: 19.275658 48.351950
36: 19.295836 42.872985
37: 20.911084 0.347035
38: 21.072508 24.993058
39: 21.418955 51.646258
40: 23.101718 7.454480
41: 23.214400 26.462762
42: 23.626097 51.422623
43: 23.732881 2.295626
44: 24.530751 36.546922
45: 24.656749 24.015438
46: 25.179628 54.254153
47: 26.020473 29.765135
48: 26.426798 20.506583
49: 27.384085 6.968216
50: 27.804398 28.334964
51: 28.936832 43.476685
52: 29.797504 13.660830
53: 30.141826 25.370690
54: 30.465630 48.490048
55: 31.349670 41.003912
56: 31.408017 51.259502
57: 33.343069 19.482380
58: 33.673798 5.021449
59: 33.967457 37.986143
60: 34.525339 29.298481
61: 34.624539 43.017494
62: 35.210312 31.666844
63: 35.780342 54.698835
64: 36.290267 46.371964
65: 37.086728 40.183749
66: 37.614374 34.730106
67: 37.999790 50.947681
68: 38.473802 30.119881
69: 38.715785 36.484381
70: 38.820666 10.042982
71: 38.839153 0.416387
72: 39.216316 48.897180
73: 39.422792 42.925817
74: 39.904822 19.076843
75: 40.269144 40.020576
76: 40.918843 16.312839
77: 41.310101 0.480206
78: 41.748494 22.598669
79: 41.895285 5.660461
80: 42.437728 30.014352
81: 43.220119 35.687494
82: 43.446726 23.924475
83: 43.934977 43.482200
84: 44.417714 21.846385
85: 44.970524 38.057415
86: 45.440428 35.238135
87: 45.731964 44.677882
88: 45.996811 8.635202
89: 48.965543 21.610321
90: 50.528293 15.170336
91: 50.686509 9.696297
92: 51.046894 53.304124
93: 51.124022 51.049868
94: 51.468979 28.105563
95: 51.913236 12.552359
96: 52.485389 3.693083
97: 52.957564 17.105464
98: 53.073120 21.349098
99: 53.679281 8.350011
Edges
(0,3)
(0,5)
(0,30)
(1,19)
(2,19)
(2,25)
(2,40)
(2,44)
(2,45)
(4,9)
(6,20)
(6,22)
(7,8)
(7,44)
(7,51)
(7,64)
(8,22)
(9,22)
(10,46)
(11,13)
(12,28)
(12,30)
(13,44)
(13,55)
(14,25)
(15,22)
(16,31)
(17,41)
(17,72)
(18,25)
(21,30)
(23,53)
(24,31)
(25,48)
(25,53)
(26,53)
(27,31)
(28,54)
(28,56)
(29,35)
(29,51)
(31,32)
(32,40)
(33,54)
(34,55)
(35,36)
(37,49)
(37,57)
(37,58)
(37,68)
(37,69)
(37,75)
(37,85)
(38,53)
(39,42)
(39,56)
(41,62)
(43,58)
(46,56)
(47,61)
(49,52)
(50,53)
(51,54)
(52,76)
(53,60)
(54,72)
(58,70)
(58,89)
(58,94)
(59,61)
(61,66)
(61,83)
(63,92)
(65,75)
(66,75)
(67,87)
(67,92)
(70,71)
(71,77)
(72,83)
(73,75)
(74,78)
(74,82)
(74,86)
(76,82)
(76,84)
(77,91)
(79,95)
(80,92)
(81,92)
(82,92)
(84,93)
(88,89)
(89,99)
(90,95)
(92,97)
(92,98)
(95,99)
(96,99)
