Nodes: 20
Protection radius: 1.000000
Disaster radius: 0.500000
0: 0.426591 12.556828
1: 1.206529 6.336223
2: 1.271382 9.249935
3: 2.626063 1.196317
4: 4.010327 12.811533
5: 4.097483 15.081060
6: 4.510568 4.488112
7: 4.803948 8.937403
8: 5.691157 0.869936
9: 7.773226 3.692038
10: 8.860323 9.161194
11: 9.979900 12.043130
12: 10.107198 6.738959
13: 10.834042 3.833801
14: 11.605004 9.395266
15: 13.860000 10.467570
16: 14.103361 15.060685
17: 15.447564 4.129550
18: 15.731489 8.107136
19: 15.927987 12.477445
Edges
(0,1)
(0,2)
(1,6)
(3,6)
(4,5)
(4,7)
(4,11)
(6,9)
(7,9)
(8,13)
(9,13)
(10,14)
(11,14)
(11,16)
(12,13)
(13,17)
(14,15)
(17,18)
(18,19)
