Nodes: 60
Protection radius: 1.000000
Disaster radius: 0.500000
0: 0.346190 10.307227
1: 2.449414 30.943451
2: 2.777071 25.369470
3: 4.431951 12.133245
4: 5.278669 21.729068
5: 5.285578 18.186338
6: 6.066811 3.195507
7: 6.497007 31.965276
8: 8.389422 11.429585
9: 8.413072 25.340744
10: 8.675288 28.902737
11: 9.034290 31.396550
12: 9.287191 0.031009
13: 10.258519 4.316892
14: 10.955672 1.425805
15: 11.063576 33.295669
16: 11.506526 6.372685
17: 11.668198 20.132743
18: 11.722896 25.358398
19: 12.702525 22.123184
20: 12.784494 4.534462
21: 13.754387 10.890523
22: 15.678434 30.132168
23: 15.688397 3.837396
24: 16.116593 23.126720
25: 16.244881 11.994331
26: 16.400271 1.848819
27: 17.234539 14.216009
28: 17.647333 31.436841
29: 18.872463 19.151318
30: 19.449861 29.316786
31: 19.657531 15.035067
32: 20.012278 11.228661
33: 20.062075 34.460995
34: 20.309212 0.340381
35: 20.349649 9.214756
36: 20.706608 32.522549
37: 20.884816 24.591367
38: 21.190063 27.862933
39: 21.742745 2.659611
40: 22.775933 30.187686
41: 22.916621 25.283112
42: 24.299774 0.345928
43: 24.876640 10.647802
44: 25.342294 3.885833
45: 26.109514 1.825940
46: 26.440075 13.487602
47: 27.075828 10.529215
48: 27.131931 22.961044
49: 27.197379 5.173234
50: 28.450338 30.526419
51: 28.845004 1.988610
52: 29.851543 20.003721
53: 30.557427 23.932468
54: 31.735090 2.737529
55: 32.393989 11.071647
56: 32.563310 20.586203
57: 33.106030 15.527614
58: 34.348751 0.751116
59: 34.584226 4.153744
Edges
(0,1)
(0,5)
(1,10)
(2,5)
(3,6)
(4,9)
(5,17)
(6,12)
(7,11)
(8,17)
(9,18)
(10,22)
(11,15)
(12,13)
(12,26)
(13,16)
(13,20)
(14,26)
(15,22)
(17,21)
(18,24)
(19,24)
(21,35)
(22,24)
(23,39)
(24,29)
(24,30)
(25,27)
(26,39)
(27,32)
(28,36)
(29,37)
(30,36)
(30,38)
(30,40)
(31,32)
(31,46)
(32,43)
(33,50)
(34,42)
(35,39)
(36,50)
(40,41)
(41,48)
(42,44)
(43,49)
(44,45)
(44,49)
(46,47)
(46,57)
(47,55)
(48,52)
(48,53)
(49,54)
(51,54)
(51,58)
(52,57)
(56,57)
(58,59)
