Nodes: 180
Protection radius: 1.000000
Disaster radius: 0.500000
0: 0.090269 64.208662
1: 0.178753 75.635078
2: 0.746156 79.220373
3: 0.811135 19.565778
4: 1.024534 0.253095
5: 1.611365 29.534265
6: 1.948642 15.627562
7: 2.077703 6.593919
8: 2.201772 31.847025
9: 2.358137 1.925717
10: 2.522299 26.842503
11: 2.633143 55.069351
12: 2.978379 77.660522
13: 3.104766 44.159037
14: 4.560904 33.272511
15: 4.567829 10.504234
16: 4.820213 70.681876
17: 5.314205 75.066423
18: 6.429522 66.640122
19: 6.878820 70.795808
20: 6.951137 60.409423
21: 7.828504 7.997248
22: 8.626532 65.333358
23: 8.852681 33.199559
24: 8.926135 47.478686
25: 9.410103 76.796825
26: 9.907047 87.182701
27: 10.021149 51.259949
28: 10.119389 0.526895
29: 10.639643 71.147641
30: 11.685597 73.500961
31: 12.988804 53.256410
32: 13.928423 27.206135
33: 15.182151 78.188637
34: 15.721071 5.941875
35: 15.895927 55.173831
36: 15.989835 37.367044
37: 16.273934 23.612269
38: 16.597573 3.745737
39: 17.228051 21.231025
40: 17.485774 39.643386
41: 17.724320 30.312708
42: 17.967585 64.006143
43: 18.510744 56.004897
44: 19.664293 49.100103
45: 19.803485 24.769462
46: 20.426141 44.568554
47: 21.229134 84.629677
48: 21.780536 32.126876
49: 22.691759 44.345779
50: 22.792366 71.217993
51: 23.341291 0.353702
52: 23.696064 25.211365
53: 23.960559 9.070989
54: 24.239487 34.631860
55: 24.316689 6.716390
56: 26.399752 5.635823
57: 27.563773 56.488651
58: 27.677110 14.723922
59: 27.870515 53.476641
60: 30.094793 81.561903
61: 30.165492 30.657897
62: 30.626327 45.129947
63: 31.923011 14.753723
64: 32.116763 60.353156
65: 33.074867 6.754470
66: 33.093265 18.212114
67: 34.541591 0.779769
68: 35.892601 14.591990
69: 36.685166 45.484126
70: 36.945296 16.297163
71: 36.982475 51.566411
72: 37.720941 55.157904
73: 38.484670 71.284049
74: 40.118503 1.765298
75: 41.019216 84.533579
76: 42.472843 77.081987
77: 43.141519 57.062478
78: 43.142552 51.921147
79: 44.318813 4.750911
80: 44.437646 86.370410
81: 44.481880 0.497640
82: 45.022763 35.479697
83: 46.125970 69.291275
84: 46.305223 61.679260
85: 46.611494 83.741267
86: 47.525664 34.628246
87: 47.626835 3.290312
88: 48.449247 49.662031
89: 49.053760 7.526584
90: 50.159670 22.438664
91: 50.353618 69.368742
92: 50.356142 63.354021
93: 50.809005 3.422137
94: 50.939698 20.549641
95: 51.426001 84.379737
96: 51.602930 54.105520
97: 52.050618 35.560220
98: 54.171535 39.610356
99: 54.763258 67.940823
100: 55.159830 54.601269
101: 55.278835 4.931127
102: 55.594746 1.824608
103: 56.101898 7.844597
104: 56.815965 52.406237
105: 57.374777 34.300037
106: 57.500400 25.789191
107: 57.601345 87.781692
108: 58.198095 43.652359
109: 58.574494 76.915830
110: 58.892232 53.121089
111: 59.175239 28.261785
112: 59.532396 51.184205
113: 59.561651 78.839532
114: 59.640833 13.735253
115: 61.650944 73.014319
116: 61.912374 30.220110
117: 62.811059 54.917046
118: 63.409820 1.297788
119: 64.004869 42.556163
120: 64.090063 35.376171
121: 64.438350 59.131354
122: 64.486362 5.412407
123: 64.988431 16.833917
124: 65.942410 74.026587
125: 66.229653 53.876172
126: 66.576222 25.450254
127: 66.599871 6.616870
128: 67.936006 80.161688
129: 68.167488 75.224720
130: 68.281723 83.891960
131: 68.359205 4.040444
132: 68.766428 32.687791
133: 69.112522 62.721064
134: 69.536276 14.784548
135: 70.253588 78.503471
136: 70.635133 46.313064
137: 70.768490 56.787303
138: 71.149509 73.597971
139: 71.231000 86.314103
140: 72.813383 56.619280
141: 73.289945 80.197413
142: 74.044227 70.242480
143: 74.427345 43.888709
144: 74.557693 46.523531
145: 74.883209 9.933179
146: 75.133345 66.036408
147: 75.146541 81.519785
148: 75.178680 39.388556
149: 76.676837 34.985572
150: 76.705506 14.168521
151: 76.834381 73.852963
152: 77.038291 86.243423
153: 77.142670 67.833426
154: 77.275100 37.911914
155: 77.361889 42.330141
156: 78.087445 0.995132
157: 79.057359 62.392992
158: 79.087537 66.363005
159: 79.281297 18.669161
160: 79.331056 49.523093
161: 80.506118 3.460592
162: 80.594431 14.900796
163: 80.608158 43.824116
164: 80.815097 30.447290
165: 81.341032 16.925826
166: 81.420907 62.405230
167: 81.759549 77.392960
168: 82.111269 80.942421
169: 82.795604 43.092782
170: 83.907425 19.595438
171: 84.112331 22.916233
172: 84.211940 70.090197
173: 84.999602 17.212956
174: 85.612064 73.666638
175: 86.033234 40.433312
176: 86.746486 78.192909
177: 86.958241 11.140398
178: 87.092971 54.520532
179: 87.515793 65.428584
Edges
(0,5)
(0,8)
(0,11)
(0,13)
(0,18)
(0,22)
(0,173)
(1,2)
(2,12)
(2,16)
(3,4)
(3,7)
(3,8)
(4,38)
(4,51)
(4,161)
(6,13)
(7,9)
(7,10)
(7,14)
(7,15)
(7,21)
(7,23)
(7,36)
(7,39)
(7,52)
(7,56)
(7,58)
(7,63)
(8,13)
(11,27)
(11,31)
(11,44)
(12,18)
(12,25)
(12,26)
(12,43)
(12,76)
(12,109)
(12,132)
(13,14)
(14,24)
(14,27)
(16,18)
(17,42)
(17,120)
(17,170)
(17,173)
(18,19)
(20,31)
(20,44)
(20,62)
(20,90)
(20,106)
(20,123)
(20,134)
(20,145)
(20,173)
(21,55)
(21,65)
(21,122)
(21,161)
(22,43)
(23,24)
(23,40)
(24,114)
(24,127)
(25,30)
(25,73)
(25,83)
(25,96)
(26,60)
(27,49)
(28,161)
(29,71)
(29,116)
(29,173)
(30,96)
(32,37)
(32,39)
(32,40)
(33,60)
(33,109)
(34,56)
(34,87)
(35,82)
(35,159)
(35,165)
(35,173)
(37,39)
(37,41)
(37,48)
(40,41)
(40,61)
(40,127)
(41,54)
(43,57)
(43,59)
(44,90)
(45,52)
(46,90)
(46,94)
(47,60)
(47,80)
(48,61)
(48,66)
(48,127)
(50,96)
(50,110)
(51,67)
(53,63)
(53,122)
(53,127)
(54,61)
(55,87)
(56,87)
(58,66)
(59,69)
(60,80)
(62,82)
(62,106)
(64,72)
(64,108)
(66,68)
(66,103)
(66,127)
(67,81)
(67,161)
(68,70)
(69,97)
(69,116)
(71,105)
(72,88)
(73,76)
(73,83)
(73,124)
(74,161)
(75,113)
(75,124)
(75,172)
(76,109)
(77,112)
(77,136)
(78,164)
(79,87)
(79,93)
(81,102)
(83,84)
(84,91)
(84,136)
(85,107)
(85,113)
(85,139)
(86,111)
(86,177)
(89,122)
(89,161)
(91,92)
(91,99)
(91,115)
(92,99)
(92,143)
(92,163)
(92,169)
(93,101)
(93,161)
(94,114)
(94,123)
(95,107)
(96,100)
(96,110)
(98,170)
(102,118)
(104,136)
(108,136)
(108,163)
(111,126)
(112,136)
(113,139)
(113,147)
(113,167)
(113,172)
(114,127)
(115,121)
(115,125)
(115,137)
(115,140)
(115,160)
(117,144)
(118,156)
(119,164)
(120,132)
(123,127)
(124,129)
(124,160)
(125,169)
(126,165)
(128,147)
(129,138)
(129,142)
(129,146)
(130,139)
(130,152)
(131,161)
(133,169)
(134,150)
(134,162)
(134,177)
(135,141)
(135,176)
(137,140)
(138,166)
(141,176)
(142,146)
(142,157)
(142,169)
(143,144)
(144,163)
(147,152)
(147,176)
(148,149)
(148,155)
(149,154)
(149,155)
(149,164)
(150,162)
(151,167)
(153,166)
(154,163)
(155,163)
(157,166)
(158,166)
(159,165)
(160,169)
(166,174)
(167,174)
(168,176)
(169,170)
(170,171)
(171,173)
(173,174)
(173,176)
(173,178)
(173,179)
(174,176)
(175,176)
(175,179)
