Nodes: 100
Protection radius: 1.000000
Disaster radius: 0.500000
0: 0.194869 51.980389
1: 0.318119 12.729149
2: 0.416913 47.656437
3: 0.556699 19.056515
4: 1.025075 21.702556
5: 1.615331 38.943463
6: 1.668982 4.341018
7: 2.008430 2.285819
8: 2.889497 46.890523
9: 3.927671 37.117945
10: 4.383220 25.540246
11: 5.713244 34.465056
12: 6.506808 40.691330
13: 7.095906 38.267521
14: 7.717018 25.843895
15: 9.041375 20.802797
16: 9.157284 24.132619
17: 9.619472 12.277720
18: 9.652344 45.982626
19: 11.682599 15.468762
20: 11.960609 44.348020
21: 12.463034 49.010006
22: 13.797517 42.789245
23: 14.226226 45.792930
24: 14.510372 8.700657
25: 14.841051 13.059230
26: 16.134875 4.384667
27: 16.224423 49.818186
28: 16.325513 36.802600
29: 16.522502 53.870931
30: 17.221138 46.307530
31: 17.319336 33.387426
32: 17.995418 9.752441
33: 18.587180 16.549681
34: 18.950806 34.798986
35: 19.439755 50.483630
36: 20.093333 54.682889
37: 20.398462 2.716937
38: 20.952819 48.292987
39: 21.424124 26.390148
40: 22.590143 8.676657
41: 22.695913 47.255989
42: 22.956002 37.267884
43: 23.216435 11.228695
44: 24.922711 53.320158
45: 25.365534 45.900279
46: 25.853280 36.244984
47: 27.081968 25.381708
48: 27.613126 20.841882
49: 27.615540 18.058749
50: 27.833772 14.900297
51: 27.876834 35.516736
52: 28.480576 48.947308
53: 28.527992 9.532257
54: 30.172655 18.831768
55: 30.497928 44.202347
56: 30.550503 29.712805
57: 30.654496 53.390777
58: 31.509333 50.960803
59: 32.583083 54.180602
60: 33.430211 7.605325
61: 33.525121 2.989436
62: 33.862027 42.460303
63: 35.368016 48.034787
64: 36.050115 45.794201
65: 36.092870 0.993356
66: 36.582326 26.523650
67: 36.583505 42.465720
68: 36.750875 34.129781
69: 38.549681 0.013586
70: 38.554180 28.749460
71: 38.674020 9.940892
72: 38.686045 4.428949
73: 39.468327 34.761170
74: 40.629651 4.995728
75: 42.774590 41.988155
76: 42.806438 54.572227
77: 43.295993 17.002062
78: 43.328318 24.388863
79: 44.055499 47.052881
80: 44.778718 28.546511
81: 45.836935 18.235882
82: 46.859230 10.235342
83: 46.938878 20.304325
84: 47.747102 38.445048
85: 47.901816 27.183219
86: 48.868300 5.112036
87: 49.007557 25.214972
88: 49.164745 45.893245
89: 50.042317 11.822728
90: 50.497216 22.580620
91: 50.755218 31.679572
92: 50.779011 49.504751
93: 51.166377 19.406578
94: 51.225602 26.046712
95: 52.846795 32.242487
96: 53.398255 49.581658
97: 53.933700 45.181571
98: 54.088004 36.901624
99: 54.659282 54.515777
Edges
(0,1)
(0,3)
(0,36)
(1,17)
(2,3)
(2,8)
(3,5)
(3,15)
(3,17)
(4,10)
(5,10)
(5,12)
(6,24)
(7,26)
(7,69)
(8,18)
(9,11)
(10,14)
(11,13)
(11,14)
(11,28)
(11,31)
(12,18)
(13,22)
(13,28)
(14,16)
(15,33)
(16,39)
(17,25)
(19,33)
(20,22)
(21,23)
(21,27)
(21,29)
(22,28)
(23,30)
(24,26)
(26,32)
(26,37)
(27,29)
(28,34)
(28,42)
(29,35)
(30,35)
(30,41)
(31,39)
(32,40)
(32,43)
(34,39)
(34,46)
(35,36)
(35,38)
(36,76)
(36,99)
(37,61)
(37,69)
(38,41)
(39,47)
(39,48)
(39,51)
(41,45)
(41,52)
(42,45)
(43,50)
(43,53)
(44,52)
(44,57)
(44,59)
(46,55)
(47,48)
(47,54)
(47,56)
(47,66)
(48,49)
(50,60)
(50,71)
(51,68)
(52,55)
(52,58)
(54,71)
(55,58)
(55,62)
(55,63)
(56,70)
(57,59)
(59,63)
(60,72)
(63,76)
(63,79)
(64,67)
(64,75)
(64,79)
(65,69)
(65,72)
(66,70)
(67,73)
(67,75)
(69,74)
(70,73)
(70,80)
(71,77)
(73,75)
(73,84)
(74,82)
(74,86)
(76,79)
(76,92)
(76,99)
(77,78)
(78,80)
(78,85)
(78,87)
(79,88)
(80,84)
(80,85)
(80,91)
(81,82)
(81,93)
(82,86)
(83,93)
(84,88)
(84,97)
(85,87)
(88,92)
(89,93)
(90,93)
(91,94)
(92,96)
(92,99)
(93,94)
(93,95)
(93,98)
(94,95)
(96,97)
(96,99)
(97,98)
(97,99)
