Nodes: 20
Protection radius: 1.000000
Disaster radius: 0.500000
0: 0.559900 1.322419
1: 1.244551 11.138400
2: 1.518625 14.540967
3: 3.544567 14.124523
4: 3.737110 5.075062
5: 4.241052 0.859978
6: 5.463777 3.999183
7: 6.148942 14.608289
8: 6.275175 6.484662
9: 6.661944 2.369849
10: 8.175912 14.061934
11: 8.370200 9.749714
12: 10.002149 5.339526
13: 10.384982 12.264396
14: 11.302125 3.049086
15: 12.200557 10.002999
16: 12.644480 5.752270
17: 13.396255 0.107461
18: 13.420839 12.284385
19: 13.732955 2.454754
Edges
(0,4)
(1,2)
(1,4)
(1,12)
(3,7)
(4,19)
(5,6)
(5,17)
(5,19)
(6,9)
(7,11)
(7,12)
(8,19)
(10,12)
(10,16)
(13,16)
(14,19)
(15,18)
(15,19)
