Nodes: 100
Protection radius: 1.000000
Disaster radius: 0.500000
0: 0.317619 19.073817
1: 0.416292 33.952983
2: 0.665294 21.694412
3: 1.134577 51.006760
4: 1.708837 54.946216
5: 2.176168 47.923199
6: 2.389992 30.741620
7: 2.876721 24.449506
8: 3.107943 16.663569
9: 3.361303 26.400732
10: 3.489403 8.591245
11: 3.695268 3.585591
12: 4.496437 12.407438
13: 4.513311 1.595060
14: 4.859495 14.591136
15: 5.653380 53.965740
16: 5.697645 35.658437
17: 7.253024 24.283613
18: 7.641017 41.463128
19: 7.659208 4.154696
20: 8.126734 51.416787
21: 8.779850 9.643017
22: 9.126395 49.599296
23: 9.324201 34.539423
24: 9.780687 56.455536
25: 12.024459 25.934551
26: 13.440739 47.620261
27: 13.567679 13.242421
28: 14.046672 19.576512
29: 14.451769 29.047475
30: 16.507993 19.826932
31: 17.807817 38.976646
32: 18.893175 54.676838
33: 19.287269 22.367017
34: 19.730755 46.984384
35: 20.657397 55.838033
36: 20.851521 2.919628
37: 21.557313 51.786936
38: 21.566537 38.240130
39: 23.008473 25.426339
40: 23.149037 41.643724
41: 23.317104 12.772069
42: 23.834411 9.203283
43: 24.461598 55.722559
44: 24.772583 23.893339
45: 25.699605 27.649304
46: 26.029474 1.302250
47: 27.682231 41.992508
48: 28.718904 46.952077
49: 29.184846 39.584973
50: 29.456546 37.497450
51: 29.607044 14.773090
52: 29.850251 19.425163
53: 30.285657 4.895113
54: 30.517264 9.629614
55: 30.734782 22.274522
56: 31.415206 30.160405
57: 33.393433 12.689752
58: 33.760317 29.663348
59: 33.949600 50.017749
60: 35.153214 38.364749
61: 35.604015 20.715205
62: 35.650484 33.282498
63: 36.223671 51.450789
64: 36.316167 53.893735
65: 37.948456 22.443883
66: 38.030216 8.523261
67: 38.356863 37.437850
68: 39.958184 55.276143
69: 42.017854 10.391035
70: 43.050851 56.288826
71: 43.066615 22.816248
72: 43.748000 2.707611
73: 44.093789 36.359921
74: 44.641539 46.922175
75: 45.371608 15.401546
76: 45.947754 45.128004
77: 46.466774 28.974909
78: 47.311492 3.667433
79: 47.499906 32.681856
80: 47.628963 41.052641
81: 47.963965 8.574366
82: 48.342846 14.071213
83: 48.530359 27.195713
84: 49.815438 52.527850
85: 49.904888 56.665467
86: 49.987337 54.655764
87: 50.069179 32.641304
88: 50.739615 50.022051
89: 51.097344 26.555916
90: 51.436703 44.100829
91: 52.479596 47.025257
92: 52.515374 55.965786
93: 52.941679 49.501034
94: 53.182560 12.631329
95: 54.235905 24.128859
96: 55.025234 44.430334
97: 56.249175 32.173412
98: 56.396866 28.058101
99: 56.694408 18.142350
Edges
(0,1)
(0,4)
(0,21)
(0,30)
(0,33)
(0,73)
(2,6)
(2,9)
(2,62)
(3,4)
(4,15)
(4,26)
(4,34)
(4,64)
(4,92)
(5,16)
(5,22)
(5,26)
(5,34)
(6,48)
(7,62)
(8,14)
(8,21)
(9,76)
(10,12)
(10,19)
(11,36)
(13,36)
(16,48)
(17,62)
(18,63)
(19,28)
(19,36)
(20,26)
(21,28)
(23,63)
(24,35)
(24,85)
(25,62)
(27,28)
(29,73)
(30,36)
(30,39)
(30,46)
(30,51)
(31,49)
(32,92)
(33,45)
(34,63)
(35,43)
(35,92)
(36,46)
(37,63)
(37,92)
(38,49)
(39,44)
(39,57)
(39,77)
(40,59)
(41,42)
(41,53)
(42,53)
(44,71)
(47,59)
(49,63)
(50,67)
(51,54)
(52,55)
(52,65)
(52,66)
(53,54)
(54,66)
(56,58)
(57,66)
(58,73)
(59,63)
(60,67)
(60,76)
(61,65)
(62,73)
(63,76)
(63,92)
(66,69)
(66,72)
(67,73)
(68,92)
(70,85)
(70,92)
(71,75)
(72,75)
(72,83)
(72,88)
(74,86)
(75,79)
(75,86)
(77,80)
(78,88)
(79,84)
(79,86)
(79,88)
(81,87)
(82,88)
(84,88)
(86,93)
(86,96)
(86,99)
(87,89)
(88,89)
(88,99)
(89,90)
(90,99)
(91,97)
(91,98)
(91,99)
(94,95)
(95,99)
(96,97)
