Nodes: 100
Protection radius: 1.000000
Disaster radius: 0.500000
0: 0.259476 22.806919
1: 0.302672 12.485375
2: 1.221165 20.261027
3: 1.250071 6.417627
4: 1.839871 48.846802
5: 2.190556 17.168878
6: 3.673137 21.025280
7: 4.176335 14.379279
8: 5.073394 10.806772
9: 5.136557 37.869402
10: 5.139266 1.571798
11: 5.746396 27.825358
12: 5.850599 42.084805
13: 5.909844 24.871076
14: 6.432896 49.870558
15: 6.839647 32.717377
16: 7.482611 16.650905
17: 7.590433 22.622845
18: 7.874240 37.550877
19: 8.019025 51.758709
20: 8.200823 41.082768
21: 10.349206 18.937076
22: 10.578810 26.426041
23: 10.821838 23.079337
24: 11.164142 50.725090
25: 11.293605 12.283495
26: 12.126836 48.727129
27: 12.737492 19.422114
28: 13.051097 15.437340
29: 13.246784 42.577518
30: 13.682062 37.997320
31: 14.540907 50.581503
32: 14.774261 26.762519
33: 15.059817 1.812460
34: 17.569052 0.721867
35: 17.840188 30.148503
36: 18.188840 51.720872
37: 18.597505 13.665469
38: 18.903002 25.052205
39: 19.085533 34.989044
40: 19.519826 44.838028
41: 19.993145 42.623628
42: 20.421873 21.899464
43: 20.738376 49.040068
44: 21.041353 3.160369
45: 22.158178 0.505077
46: 22.441884 7.926189
47: 22.865426 53.008345
48: 25.059833 39.544616
49: 25.117681 33.531674
50: 25.213833 1.552743
51: 26.044249 49.454399
52: 27.280792 15.280353
53: 27.404924 37.797325
54: 27.520196 46.574563
55: 28.955932 49.119504
56: 29.045238 52.994838
57: 29.350054 31.106072
58: 29.561422 33.669817
59: 29.584124 17.874320
60: 29.778211 37.079818
61: 30.514709 44.188741
62: 31.185429 4.907134
63: 34.529836 39.941699
64: 35.299946 20.306699
65: 35.342815 3.221101
66: 35.633544 12.251411
67: 35.988971 49.371146
68: 36.124362 32.160858
69: 36.777145 37.095273
70: 37.562987 11.475733
71: 37.908469 50.914326
72: 37.955362 21.872415
73: 38.494186 14.251946
74: 38.540841 3.122862
75: 39.431484 16.672437
76: 39.821601 19.313629
77: 42.199859 13.336829
78: 42.364888 47.913682
79: 42.368048 11.194966
80: 42.946952 30.626297
81: 43.773408 51.791937
82: 43.846633 26.798329
83: 43.977226 5.748704
84: 44.093233 41.862970
85: 45.402319 32.295572
86: 45.826327 53.558023
87: 45.830071 23.524838
88: 45.921228 0.983389
89: 46.494450 43.941524
90: 47.451322 13.539423
91: 48.239000 42.241950
92: 48.598091 6.901499
93: 49.126196 53.511674
94: 49.368520 45.692020
95: 49.580648 0.992044
96: 50.093013 12.564703
97: 50.320722 26.297403
98: 50.448203 32.177084
99: 53.838372 9.269095
Edges
(0,4)
(0,11)
(1,2)
(1,8)
(2,6)
(3,8)
(3,10)
(4,14)
(5,6)
(6,13)
(7,16)
(8,25)
(9,12)
(9,15)
(10,33)
(11,22)
(12,20)
(13,22)
(14,19)
(15,22)
(15,30)
(15,35)
(16,17)
(16,21)
(16,28)
(18,20)
(20,30)
(21,23)
(21,27)
(24,26)
(24,31)
(26,29)
(27,37)
(29,30)
(29,41)
(30,41)
(31,36)
(32,35)
(32,38)
(33,34)
(34,44)
(34,45)
(35,39)
(37,42)
(37,46)
(37,52)
(38,49)
(39,41)
(39,49)
(40,43)
(40,54)
(42,59)
(43,47)
(43,54)
(44,50)
(45,50)
(45,95)
(46,62)
(47,51)
(48,49)
(48,61)
(50,62)
(53,60)
(54,55)
(54,61)
(55,67)
(56,67)
(57,58)
(57,68)
(57,72)
(58,60)
(58,69)
(59,64)
(61,63)
(61,67)
(63,67)
(63,78)
(64,66)
(64,75)
(64,76)
(65,88)
(67,78)
(68,69)
(68,80)
(69,84)
(69,85)
(70,73)
(70,74)
(70,77)
(71,81)
(71,86)
(72,82)
(72,87)
(76,77)
(76,87)
(76,90)
(77,79)
(79,90)
(80,85)
(81,86)
(82,85)
(83,88)
(84,85)
(84,89)
(84,91)
(85,91)
(86,93)
(87,90)
(87,96)
(88,92)
(88,95)
(89,91)
(90,92)
(91,98)
(93,99)
(94,98)
(95,99)
(96,97)
