Nodes: 60
Protection radius: 1.000000
Disaster radius: 0.500000
0: 0.195700 19.044307
1: 0.339796 21.449748
2: 0.635046 26.967035
3: 0.687328 1.069187
4: 0.809124 10.456892
5: 1.342282 6.351322
6: 2.737454 13.857593
7: 2.756379 3.424782
8: 2.924199 0.605712
9: 2.997523 17.390597
10: 3.594944 10.545983
11: 5.452084 34.756750
12: 5.656641 10.617774
13: 5.955994 24.916909
14: 6.228424 18.217716
15: 7.629169 33.338726
16: 8.343174 21.063242
17: 9.318336 10.471675
18: 9.594356 36.517945
19: 9.858655 0.273094
20: 10.370499 12.764070
21: 11.067339 19.897551
22: 11.666946 5.692872
23: 12.482175 26.358009
24: 12.951857 3.309452
25: 14.146520 25.064795
26: 14.255626 6.284904
27: 14.926780 15.312820
28: 15.598573 23.369089
29: 16.549600 30.178290
30: 17.194897 35.554266
31: 17.582669 14.770420
32: 18.646773 31.688014
33: 18.704511 20.547775
34: 19.357560 13.365566
35: 19.412616 24.149121
36: 20.371566 27.565397
37: 21.514951 11.872419
38: 21.664142 3.481830
39: 22.348828 5.499967
40: 23.775298 24.305705
41: 24.467393 8.294280
42: 25.242029 26.897618
43: 25.872288 37.724204
44: 26.262942 2.487926
45: 27.108064 35.295298
46: 28.678385 25.054239
47: 29.100109 29.017273
48: 30.354443 4.719463
49: 31.300019 0.907560
50: 32.006991 12.525328
51: 32.703679 34.381794
52: 33.840763 23.538663
53: 34.513990 28.298867
54: 35.003566 14.693153
55: 35.214470 37.921818
56: 35.543174 21.152824
57: 36.674449 31.889192
58: 36.870798 6.470399
59: 38.838311 26.920189
Edges
(0,1)
(0,3)
(0,4)
(0,10)
(1,6)
(2,11)
(3,8)
(3,24)
(4,26)
(5,26)
(6,9)
(7,22)
(7,26)
(8,49)
(10,11)
(10,13)
(10,27)
(12,20)
(14,21)
(14,23)
(15,16)
(15,18)
(17,20)
(17,26)
(17,31)
(18,23)
(18,33)
(18,35)
(18,37)
(18,40)
(19,49)
(24,37)
(24,44)
(25,28)
(25,37)
(26,34)
(29,40)
(30,32)
(32,36)
(32,40)
(32,43)
(32,46)
(32,51)
(38,40)
(38,42)
(38,54)
(39,41)
(39,50)
(39,52)
(39,54)
(39,55)
(39,57)
(45,55)
(46,47)
(48,49)
(50,56)
(53,57)
(57,58)
(57,59)
