Nodes: 180
Protection radius: 1.000000
Disaster radius: 0.500000
0: 0.139369 15.279627
1: 0.198676 74.944351
2: 1.422946 42.650727
3: 1.539861 67.423303
4: 1.726837 58.191173
5: 1.984490 37.256987
6: 2.843200 15.515913
7: 2.953697 31.977422
8: 4.129499 54.836732
9: 4.241744 25.762593
10: 4.341114 79.666667
11: 4.676464 86.543341
12: 5.341424 6.387666
13: 5.456649 30.806988
14: 6.530145 15.368259
15: 7.164804 67.424151
16: 7.750624 91.113614
17: 8.157587 42.126125
18: 8.250339 56.541538
19: 8.287406 24.658091
20: 8.975738 81.688282
21: 9.736137 36.672104
22: 9.911610 23.435660
23: 10.435823 47.384243
24: 10.662758 52.675823
25: 12.834313 38.082410
26: 12.877819 50.075961
27: 13.137199 31.189662
28: 13.477279 9.555012
29: 14.385352 40.055303
30: 14.434967 79.323537
31: 15.053544 14.862124
32: 16.317047 58.750894
33: 16.407752 3.850928
34: 17.764090 73.788940
35: 18.771883 83.763267
36: 18.924895 29.851080
37: 19.511201 3.634916
38: 19.807451 0.284207
39: 20.749979 60.822917
40: 20.976499 86.683621
41: 21.618573 10.844663
42: 22.184323 90.868912
43: 22.493126 19.553462
44: 23.288117 68.583462
45: 23.732880 44.574653
46: 23.802903 77.860741
47: 24.077120 82.822788
48: 24.407890 52.833480
49: 24.659517 60.910981
50: 25.350057 54.768526
51: 26.578819 87.534532
52: 26.715449 56.252797
53: 26.856572 25.490921
54: 28.904330 92.067564
55: 29.138461 72.464289
56: 29.531438 41.933082
57: 29.715305 94.953448
58: 30.458552 5.243624
59: 30.481223 51.760172
60: 30.759611 39.527268
61: 31.382950 86.474032
62: 31.720939 43.590403
63: 32.291163 76.165929
64: 32.880530 65.035695
65: 33.108388 90.503364
66: 33.934455 30.168168
67: 34.019096 55.588746
68: 34.026027 48.773654
69: 35.844192 59.358315
70: 36.077545 50.342207
71: 37.616643 75.436326
72: 37.891865 90.911110
73: 39.621205 70.557821
74: 39.745250 94.094863
75: 39.825999 61.920764
76: 40.339510 83.895568
77: 40.521385 23.486092
78: 42.369785 58.436388
79: 43.124671 81.900165
80: 43.246479 51.862630
81: 43.705628 31.468864
82: 44.223163 92.292255
83: 44.659588 33.268371
84: 44.734537 44.477506
85: 45.831112 25.223314
86: 47.424201 27.225775
87: 47.842225 36.580078
88: 48.502173 48.256171
89: 49.225477 78.684898
90: 49.389276 87.987861
91: 50.086269 58.639226
92: 50.639027 8.397553
93: 50.774104 39.819881
94: 50.865173 71.794507
95: 51.439838 14.655466
96: 52.624620 11.005991
97: 53.177694 71.458926
98: 53.977124 89.174437
99: 53.998391 67.928827
100: 54.242648 35.434475
101: 54.372937 3.026968
102: 54.461173 84.012336
103: 54.509727 79.779912
104: 54.972833 22.804168
105: 55.155342 52.619589
106: 55.621522 72.680476
107: 55.702791 64.263481
108: 56.172469 10.718800
109: 56.842884 37.646026
110: 57.139214 74.606975
111: 57.202643 91.106684
112: 57.818454 17.664128
113: 58.053291 71.238407
114: 58.916688 35.056729
115: 59.203197 65.682459
116: 59.327283 48.596302
117: 60.073755 43.948797
118: 60.250591 58.718909
119: 60.836838 52.473889
120: 61.131098 32.245396
121: 61.580629 20.901459
122: 62.007630 2.516961
123: 63.579971 49.507944
124: 63.933883 58.869982
125: 64.030344 87.254670
126: 64.539931 45.296023
127: 66.278171 7.670714
128: 66.624137 86.715063
129: 66.692754 74.415224
130: 66.700461 24.987174
131: 66.861436 81.016536
132: 68.260741 17.290489
133: 68.475886 3.854647
134: 70.146128 76.455476
135: 71.522614 68.077265
136: 74.604548 3.681016
137: 74.637942 89.763894
138: 75.000298 94.411562
139: 75.811275 68.401297
140: 76.096459 50.377898
141: 76.322342 65.199662
142: 76.620800 24.065691
143: 76.764811 46.611113
144: 77.120416 19.878233
145: 77.442192 12.501330
146: 77.898388 33.814925
147: 78.272371 28.610344
148: 78.706202 92.796453
149: 79.056965 51.345523
150: 80.846103 45.823601
151: 81.904716 82.743717
152: 81.975876 78.306831
153: 82.155954 66.705934
154: 82.247370 90.597695
155: 82.814387 47.366415
156: 83.060316 55.999812
157: 83.092826 42.763693
158: 84.430684 28.615214
159: 85.087430 35.983561
160: 85.132690 55.206287
161: 85.443544 11.472167
162: 85.620958 95.927140
163: 85.869964 59.077606
164: 86.403972 62.618761
165: 86.419681 77.003746
166: 86.585999 14.162032
167: 88.067910 83.023947
168: 88.702381 17.143880
169: 89.101386 36.144983
170: 90.033824 50.538857
171: 90.141595 68.730329
172: 91.771844 24.567386
173: 92.088231 21.889958
174: 92.671916 41.779957
175: 94.138280 61.003257
176: 94.354336 43.352686
177: 94.482067 88.901058
178: 95.826575 57.181169
179: 95.879646 31.197686
Edges
(0,2)
(1,2)
(1,3)
(1,10)
(1,11)
(1,15)
(2,4)
(2,5)
(2,17)
(4,8)
(4,18)
(5,7)
(5,21)
(6,9)
(8,23)
(8,24)
(9,14)
(9,19)
(10,15)
(10,20)
(10,30)
(11,16)
(12,38)
(13,21)
(14,28)
(15,18)
(15,34)
(16,20)
(17,21)
(18,24)
(19,22)
(22,43)
(23,24)
(23,26)
(23,29)
(25,27)
(26,45)
(27,36)
(28,33)
(30,34)
(30,46)
(31,43)
(32,34)
(32,48)
(33,37)
(33,41)
(34,39)
(34,44)
(34,46)
(35,40)
(36,45)
(37,41)
(37,58)
(38,101)
(38,122)
(39,44)
(39,49)
(40,51)
(42,51)
(42,54)
(44,55)
(45,56)
(46,47)
(47,51)
(49,50)
(49,52)
(50,52)
(51,61)
(52,67)
(52,69)
(53,77)
(54,57)
(55,64)
(55,73)
(58,77)
(58,92)
(58,101)
(59,62)
(59,70)
(60,66)
(60,84)
(61,72)
(62,68)
(63,71)
(65,72)
(66,77)
(67,69)
(67,80)
(68,70)
(68,84)
(69,75)
(70,84)
(71,73)
(71,76)
(73,75)
(73,94)
(74,111)
(75,94)
(76,90)
(77,81)
(77,85)
(77,95)
(78,91)
(79,89)
(80,84)
(80,88)
(81,86)
(82,98)
(82,111)
(83,84)
(87,100)
(88,93)
(88,117)
(89,103)
(91,105)
(94,97)
(95,96)
(95,104)
(95,108)
(98,102)
(98,111)
(99,107)
(99,115)
(100,120)
(101,108)
(103,125)
(104,112)
(104,121)
(105,116)
(106,113)
(107,115)
(108,122)
(108,127)
(109,117)
(110,113)
(110,129)
(110,131)
(111,138)
(114,120)
(115,118)
(115,129)
(115,135)
(116,117)
(116,126)
(119,124)
(120,130)
(120,146)
(121,132)
(122,127)
(122,133)
(123,140)
(124,140)
(125,128)
(125,138)
(126,140)
(126,143)
(127,133)
(129,134)
(130,132)
(130,146)
(130,147)
(132,142)
(132,145)
(133,136)
(135,139)
(136,161)
(137,151)
(137,154)
(138,148)
(139,153)
(140,143)
(141,153)
(142,158)
(143,157)
(144,168)
(145,166)
(146,158)
(147,158)
(148,154)
(149,160)
(150,157)
(151,152)
(151,165)
(151,167)
(152,153)
(153,163)
(153,164)
(154,167)
(154,177)
(155,157)
(155,170)
(156,160)
(157,169)
(157,174)
(158,159)
(158,168)
(158,179)
(159,169)
(160,163)
(160,170)
(160,178)
(161,168)
(161,173)
(162,177)
(163,164)
(163,178)
(164,171)
(165,167)
(165,171)
(169,179)
(170,174)
(170,176)
(171,175)
(172,173)
