Nodes: 60
Protection radius: 1.000000
Disaster radius: 0.500000
0: 1.334003 20.282013
1: 2.368798 15.478641
2: 2.654792 0.653178
3: 2.842814 10.584373
4: 3.378734 6.200822
5: 3.848687 13.889152
6: 4.666890 34.831882
7: 5.088351 17.001602
8: 5.799890 25.005785
9: 6.088072 31.224625
10: 6.970432 20.047640
11: 7.413882 22.596391
12: 7.455105 29.590368
13: 8.587792 24.312108
14: 9.348875 31.453970
15: 10.592043 18.878932
16: 11.708701 4.860253
17: 11.908499 24.301235
18: 12.004405 33.224835
19: 12.592535 16.001674
20: 12.726361 13.286878
21: 14.158788 20.688088
22: 14.201176 17.620009
23: 14.392247 7.109902
24: 15.847459 3.077046
25: 16.001407 24.569669
26: 16.384669 16.771641
27: 17.398966 31.056153
28: 17.747808 19.738675
29: 18.314110 34.972309
30: 18.379291 9.178624
31: 18.611173 12.113855
32: 19.206181 1.323531
33: 19.223757 29.707098
34: 19.816218 17.804295
35: 20.338894 19.984335
36: 21.486456 14.077499
37: 21.717333 33.758042
38: 22.245948 9.947953
39: 22.837254 30.358110
40: 24.353594 24.188249
41: 24.968081 20.160044
42: 25.725233 10.092644
43: 26.864284 33.003420
44: 26.973200 27.974496
45: 27.085997 20.367196
46: 27.321216 2.992167
47: 27.437249 23.492499
48: 27.693678 18.336094
49: 27.838828 14.406799
50: 28.368012 5.565189
51: 29.934554 34.110224
52: 30.591779 19.554120
53: 31.206606 3.195509
54: 31.272461 32.174348
55: 33.497879 26.722392
56: 33.548517 12.766024
57: 34.018192 8.284708
58: 34.372675 22.555020
59: 34.739850 4.441653
Edges
(0,8)
(0,10)
(1,5)
(1,7)
(2,4)
(3,4)
(3,20)
(6,18)
(7,20)
(8,13)
(9,12)
(9,14)
(11,13)
(11,15)
(14,17)
(14,18)
(15,17)
(16,20)
(16,24)
(17,25)
(19,26)
(20,26)
(21,25)
(22,28)
(23,24)
(24,32)
(25,28)
(25,40)
(26,28)
(27,37)
(28,34)
(28,35)
(29,37)
(30,32)
(31,38)
(32,46)
(33,39)
(34,41)
(36,48)
(37,39)
(37,51)
(38,42)
(38,46)
(38,50)
(39,44)
(41,45)
(42,49)
(42,56)
(43,54)
(44,47)
(44,54)
(45,48)
(45,52)
(52,58)
(53,57)
(54,55)
(55,58)
(57,58)
(58,59)
