Nodes: 100
Protection radius: 1.000000
Disaster radius: 0.500000
0: 0.005758 37.619795
1: 0.632719 14.354541
2: 0.820934 0.037399
3: 1.439506 55.892217
4: 1.776745 47.630435
5: 1.799475 36.155163
6: 1.890509 27.543956
7: 2.168678 41.554269
8: 3.767023 18.492419
9: 3.896416 3.021620
10: 5.645007 51.170275
11: 6.446377 23.429363
12: 7.320484 27.572203
13: 7.817205 45.274539
14: 8.926420 11.450040
15: 9.967435 2.200704
16: 10.639804 0.282657
17: 11.624701 41.452634
18: 12.160904 31.558563
19: 12.184293 46.486567
20: 12.880341 23.170122
21: 12.996589 12.490787
22: 13.227499 37.555912
23: 13.431800 26.409241
24: 13.444074 29.635938
25: 13.769549 6.243476
26: 13.999091 1.848204
27: 14.462457 33.487031
28: 14.556630 21.686019
29: 15.727449 38.404687
30: 15.770126 23.903745
31: 17.001143 44.341814
32: 17.430157 2.466789
33: 18.030523 19.569113
34: 19.473079 25.454901
35: 19.625009 28.149013
36: 20.162886 14.074803
37: 20.382118 20.648876
38: 20.677602 52.834088
39: 20.937184 32.152949
40: 21.558484 46.167331
41: 21.579515 0.582360
42: 23.063165 4.856302
43: 23.110181 17.607601
44: 24.124112 22.365785
45: 24.706047 31.736038
46: 24.832575 9.985883
47: 25.299287 41.306899
48: 26.104449 55.514010
49: 26.542322 47.324066
50: 26.863106 19.795427
51: 27.590013 31.027112
52: 27.844382 39.236291
53: 29.645741 27.154523
54: 30.828808 10.535655
55: 31.337599 14.781399
56: 31.474230 51.727489
57: 31.962142 41.360597
58: 32.059900 25.910037
59: 32.254410 46.857771
60: 32.479298 18.181414
61: 33.167451 36.038119
62: 33.702010 51.583592
63: 33.769688 4.015322
64: 33.938618 24.333157
65: 35.605055 20.167055
66: 35.774660 43.550924
67: 36.100411 33.815099
68: 36.944190 9.591845
69: 38.029699 46.926702
70: 39.053915 9.401686
71: 40.309950 23.240320
72: 41.703080 4.570746
73: 41.751449 13.413919
74: 42.072049 42.446733
75: 43.014180 25.102260
76: 43.354861 19.076807
77: 43.909955 9.664152
78: 45.149957 2.356638
79: 45.468353 29.887597
80: 46.305885 32.258642
81: 46.857211 45.470103
82: 47.318308 22.276622
83: 47.667834 0.457530
84: 48.775026 15.396177
85: 49.188951 28.978558
86: 49.987072 32.842222
87: 50.349341 43.317462
88: 50.812523 2.597679
89: 50.898744 46.023960
90: 51.036154 10.457496
91: 51.866249 4.911098
92: 52.753542 1.582672
93: 53.101248 26.372973
94: 53.767954 35.022695
95: 54.005966 32.810439
96: 54.008420 38.719039
97: 54.320024 49.097000
98: 55.213456 27.622996
99: 55.406227 13.515210
Edges
(0,1)
(0,7)
(0,18)
(0,22)
(0,24)
(0,27)
(1,6)
(1,14)
(2,14)
(2,21)
(2,33)
(2,83)
(3,40)
(4,7)
(4,17)
(4,29)
(4,45)
(5,6)
(5,44)
(6,20)
(8,33)
(9,16)
(10,13)
(10,75)
(11,20)
(12,20)
(12,23)
(13,17)
(15,16)
(15,21)
(15,32)
(15,33)
(15,42)
(15,78)
(17,19)
(18,39)
(18,45)
(18,53)
(18,75)
(19,51)
(20,23)
(20,30)
(20,43)
(23,60)
(23,73)
(25,54)
(26,78)
(27,45)
(28,33)
(30,50)
(30,73)
(31,47)
(31,75)
(32,42)
(33,36)
(33,54)
(33,78)
(34,35)
(34,44)
(34,75)
(35,53)
(35,58)
(36,54)
(37,55)
(37,68)
(37,72)
(37,73)
(37,78)
(38,48)
(38,49)
(38,56)
(39,45)
(40,57)
(41,88)
(43,72)
(44,64)
(44,82)
(44,84)
(46,54)
(47,52)
(47,79)
(47,80)
(47,93)
(48,87)
(49,59)
(49,69)
(49,95)
(51,75)
(52,79)
(53,58)
(55,70)
(56,69)
(57,80)
(57,95)
(59,66)
(60,84)
(60,99)
(61,67)
(61,75)
(62,69)
(63,78)
(65,99)
(66,95)
(67,93)
(68,70)
(70,73)
(71,82)
(73,78)
(73,99)
(74,87)
(76,82)
(76,93)
(76,99)
(77,99)
(78,90)
(78,91)
(79,93)
(80,86)
(81,87)
(81,97)
(82,93)
(83,88)
(85,86)
(85,93)
(86,98)
(87,94)
(87,95)
(87,97)
(89,97)
(90,91)
(90,99)
(91,92)
(93,99)
(94,98)
(96,97)
(96,98)
