Nodes: 100
Protection radius: 1.000000
Disaster radius: 0.500000
0: 0.192487 31.558351
1: 0.206432 16.683717
2: 0.408791 20.673326
3: 0.833100 47.818873
4: 0.989299 38.767509
5: 1.013480 10.002586
6: 1.041607 34.635055
7: 1.108540 24.433957
8: 2.085768 28.309071
9: 2.806315 26.132925
10: 2.962237 33.316980
11: 3.350194 5.212223
12: 3.754294 18.604305
13: 4.743974 35.109282
14: 4.841385 10.598256
15: 5.089132 40.522840
16: 6.359604 50.250801
17: 6.418964 21.769383
18: 6.834850 17.248240
19: 7.130846 14.259911
20: 7.311279 40.847163
21: 8.017781 27.531164
22: 8.399747 3.298836
23: 8.511059 9.210839
24: 9.467317 18.720588
25: 10.928200 41.678594
26: 11.345263 15.647810
27: 11.609426 24.204932
28: 12.433450 2.385738
29: 12.714686 11.749941
30: 12.973704 39.410258
31: 14.540570 28.309565
32: 14.935072 41.639309
33: 15.350979 14.240354
34: 15.393352 20.606422
35: 15.602177 1.154035
36: 15.797991 48.647742
37: 15.835887 35.261122
38: 15.893671 7.192704
39: 16.030176 23.696603
40: 17.684051 17.421825
41: 17.714264 19.995191
42: 19.432554 11.473296
43: 20.238425 36.946522
44: 20.257621 30.140270
45: 21.344345 42.934625
46: 21.474715 27.817340
47: 21.807779 18.285266
48: 22.237293 46.083278
49: 22.707304 0.412823
50: 22.719056 50.226260
51: 23.392349 37.839660
52: 23.540570 22.315838
53: 23.595056 27.369271
54: 23.764019 43.751938
55: 24.265282 17.493658
56: 25.406209 24.323062
57: 25.940437 3.341471
58: 26.708800 41.106613
59: 27.295591 15.403623
60: 27.480741 0.361397
61: 28.440192 30.442978
62: 28.603531 50.549854
63: 30.035207 4.362592
64: 30.588742 19.690093
65: 31.034191 34.792628
66: 31.071534 23.677402
67: 32.467894 8.478702
68: 33.678377 26.507336
69: 33.933774 47.870327
70: 34.819456 24.779454
71: 34.899822 1.653316
72: 35.614782 30.532179
73: 36.820827 20.757580
74: 37.332974 33.974591
75: 37.904917 36.151292
76: 39.180331 31.828167
77: 39.360989 4.336816
78: 40.361118 35.401156
79: 41.171060 44.202374
80: 41.187165 14.146130
81: 41.539440 0.080552
82: 41.916274 25.206195
83: 42.527819 47.872746
84: 43.711708 26.413033
85: 44.085350 28.786738
86: 44.088660 19.670896
87: 45.065580 4.727735
88: 46.323691 26.275151
89: 46.851533 34.522465
90: 47.040167 31.277966
91: 47.069674 38.612727
92: 47.412943 43.534778
93: 47.496153 7.682612
94: 49.067145 21.546321
95: 49.393160 28.880837
96: 49.554861 12.386870
97: 49.847002 31.226679
98: 50.282865 50.663401
99: 50.432472 45.125012
Edges
(0,2)
(0,3)
(0,6)
(1,2)
(1,5)
(1,11)
(1,22)
(2,12)
(2,14)
(3,4)
(3,13)
(3,15)
(7,10)
(8,12)
(9,12)
(10,12)
(12,21)
(12,46)
(13,54)
(14,18)
(14,24)
(14,34)
(15,25)
(15,30)
(16,25)
(16,48)
(16,50)
(17,37)
(17,46)
(19,39)
(19,46)
(20,32)
(20,45)
(20,54)
(22,28)
(23,28)
(26,28)
(27,31)
(28,29)
(28,47)
(28,58)
(31,43)
(31,54)
(33,34)
(35,49)
(36,62)
(38,42)
(38,55)
(38,57)
(38,80)
(40,41)
(40,46)
(42,59)
(44,46)
(47,55)
(49,67)
(51,54)
(52,53)
(53,55)
(54,62)
(56,80)
(59,64)
(60,63)
(60,94)
(61,62)
(61,65)
(63,67)
(65,66)
(66,69)
(66,72)
(66,75)
(66,83)
(68,73)
(70,73)
(70,78)
(70,83)
(71,94)
(72,74)
(74,79)
(76,78)
(77,81)
(77,94)
(78,82)
(78,86)
(80,94)
(81,87)
(81,93)
(81,96)
(84,88)
(85,88)
(85,91)
(88,90)
(88,94)
(89,98)
(90,95)
(90,98)
(91,92)
(96,99)
(97,98)
