Nodes: 180
Protection radius: 1.000000
Disaster radius: 0.500000
0: 0.645457 77.127833
1: 1.398814 47.461124
2: 1.961138 3.205055
3: 1.983939 16.705945
4: 2.415079 51.379963
5: 2.780624 85.151594
6: 2.996937 71.912482
7: 3.028933 36.637116
8: 3.318283 89.360916
9: 4.058936 15.903797
10: 4.739142 86.209556
11: 5.845494 37.809427
12: 6.066813 34.820755
13: 6.862629 7.277162
14: 7.760605 11.797983
15: 8.272565 24.956304
16: 8.360955 59.213772
17: 8.441589 71.929695
18: 9.772797 27.424348
19: 9.836845 13.200219
20: 11.045503 2.547448
21: 11.314790 25.499177
22: 11.758755 28.227690
23: 12.521690 9.180564
24: 12.900132 64.389910
25: 13.446195 30.559024
26: 13.869972 14.260084
27: 14.456338 24.405764
28: 14.575864 92.636608
29: 15.466146 46.649751
30: 15.983160 2.762206
31: 16.405274 57.941905
32: 16.514378 33.078050
33: 16.561288 88.012481
34: 17.710479 47.461133
35: 17.803638 14.150858
36: 17.816280 89.948214
37: 18.577976 53.580234
38: 19.231452 64.249566
39: 19.628652 72.349574
40: 21.179301 26.258887
41: 21.564387 64.698975
42: 22.054489 50.671443
43: 22.427785 5.770935
44: 23.150033 31.965827
45: 23.369354 16.440277
46: 23.829800 54.062331
47: 23.834984 61.867634
48: 24.120183 38.381724
49: 25.447065 21.370096
50: 26.297722 30.431260
51: 26.648110 3.817800
52: 26.649385 72.236739
53: 27.335259 16.598978
54: 27.608834 43.651905
55: 28.071775 87.524180
56: 29.693353 58.957793
57: 29.971797 74.888705
58: 30.393949 11.992054
59: 30.943713 28.703891
60: 31.834558 4.758448
61: 32.048036 30.587991
62: 32.585331 66.017671
63: 33.885305 8.897697
64: 34.014929 68.180118
65: 34.385921 49.324745
66: 34.813250 41.638622
67: 35.420405 90.715325
68: 35.462747 55.719251
69: 35.693247 26.978028
70: 37.363716 30.605771
71: 37.821738 57.368335
72: 38.650411 88.314434
73: 40.479594 39.950703
74: 40.502784 20.818300
75: 41.111709 59.062601
76: 42.173863 65.770070
77: 43.397636 59.604966
78: 43.418304 74.698038
79: 43.954084 76.686527
80: 44.210301 81.197868
81: 44.582801 93.192793
82: 45.755010 67.987217
83: 45.943394 79.561488
84: 46.472349 61.140632
85: 46.839202 76.853930
86: 47.104414 21.311640
87: 47.204749 11.296207
88: 47.760497 14.756797
89: 48.216838 9.029775
90: 50.181300 79.381573
91: 50.941207 34.739311
92: 51.581943 89.647129
93: 52.070829 76.059168
94: 52.102181 91.933050
95: 52.196958 82.048535
96: 52.272991 65.008387
97: 52.934777 22.717660
98: 53.024130 61.116969
99: 53.589033 42.934566
100: 53.694340 78.244484
101: 53.788145 2.553272
102: 53.817810 63.666929
103: 57.065184 70.156193
104: 58.059723 36.681123
105: 58.968752 89.998074
106: 59.685477 19.763868
107: 59.695615 82.001614
108: 60.802050 8.687748
109: 63.097105 40.750367
110: 63.246135 25.074078
111: 63.557267 13.482485
112: 63.861275 52.564200
113: 64.029413 16.162097
114: 64.366202 4.887713
115: 64.559130 91.988030
116: 64.862448 60.692755
117: 65.316618 77.406094
118: 65.385015 47.993537
119: 65.512459 24.415499
120: 66.933131 22.326222
121: 67.225000 54.263908
122: 67.820474 78.299787
123: 68.084447 56.420314
124: 68.493764 72.314152
125: 69.281163 47.239234
126: 69.823898 2.559683
127: 70.127007 70.253938
128: 70.143046 52.399581
129: 70.655002 15.637151
130: 70.950760 58.155346
131: 71.459774 81.400954
132: 72.340359 29.915152
133: 72.807210 41.897626
134: 72.835710 21.332319
135: 73.230698 13.585993
136: 73.419685 70.840410
137: 73.640659 6.102846
138: 73.894999 44.588942
139: 74.591588 29.041717
140: 74.667767 56.129765
141: 75.373971 37.298380
142: 76.018492 87.086242
143: 77.048083 26.346597
144: 80.371561 75.699019
145: 80.394919 42.510287
146: 80.469506 66.931303
147: 80.659640 73.461328
148: 81.149667 29.469846
149: 81.241328 87.775475
150: 81.539994 48.428463
151: 81.886524 33.957027
152: 82.732848 75.294086
153: 83.731820 92.398130
154: 83.798323 82.774564
155: 84.306206 15.075352
156: 84.402633 77.395956
157: 84.459178 70.934214
158: 84.810741 32.910437
159: 86.586471 81.574017
160: 86.878722 32.338313
161: 87.283487 42.836623
162: 87.545618 85.484417
163: 87.957341 61.256965
164: 88.095592 24.611075
165: 88.427640 5.199997
166: 88.879967 35.041979
167: 89.977066 93.671357
168: 90.480635 5.682029
169: 90.736508 20.845213
170: 91.179556 70.223084
171: 91.421810 61.749377
172: 91.685623 89.650514
173: 91.830281 86.754175
174: 91.962965 76.651706
175: 92.337368 16.843021
176: 92.658583 43.209399
177: 92.895508 2.779759
178: 93.091982 19.947420
179: 93.514431 40.634560
Edges
(0,11)
(0,17)
(1,7)
(2,24)
(2,51)
(2,58)
(3,7)
(3,9)
(4,11)
(4,12)
(5,8)
(6,65)
(8,17)
(9,12)
(10,62)
(10,64)
(11,24)
(13,15)
(14,15)
(14,23)
(15,88)
(16,24)
(17,41)
(18,21)
(18,24)
(19,26)
(19,45)
(19,58)
(20,30)
(20,126)
(21,31)
(21,59)
(21,141)
(22,25)
(22,61)
(22,70)
(22,141)
(27,86)
(28,81)
(29,50)
(30,114)
(31,46)
(32,44)
(33,64)
(34,66)
(34,73)
(35,87)
(36,55)
(36,104)
(37,42)
(37,73)
(38,41)
(39,47)
(40,69)
(40,86)
(40,97)
(43,58)
(43,89)
(43,165)
(44,50)
(45,53)
(45,168)
(46,73)
(47,56)
(47,62)
(47,68)
(48,50)
(48,91)
(49,86)
(52,64)
(54,91)
(55,78)
(57,82)
(58,63)
(60,165)
(62,75)
(65,91)
(66,91)
(67,81)
(68,91)
(71,75)
(72,81)
(74,88)
(76,82)
(77,82)
(79,80)
(79,81)
(81,82)
(81,99)
(81,100)
(81,107)
(81,115)
(82,84)
(83,99)
(85,99)
(86,119)
(87,108)
(87,137)
(87,165)
(88,106)
(88,139)
(88,148)
(90,93)
(91,145)
(92,94)
(92,105)
(93,96)
(93,98)
(93,104)
(94,115)
(95,100)
(101,126)
(102,104)
(103,104)
(104,112)
(104,115)
(109,116)
(109,128)
(110,161)
(110,176)
(111,168)
(113,143)
(113,168)
(115,116)
(115,117)
(116,124)
(117,142)
(117,144)
(118,123)
(119,132)
(119,176)
(120,143)
(121,124)
(122,131)
(122,153)
(123,128)
(125,138)
(126,165)
(127,130)
(128,130)
(128,138)
(129,135)
(130,136)
(130,140)
(133,163)
(133,171)
(134,143)
(135,160)
(135,166)
(135,169)
(138,146)
(138,157)
(138,170)
(138,172)
(143,148)
(143,160)
(146,147)
(146,154)
(146,159)
(147,153)
(148,158)
(149,153)
(150,171)
(151,166)
(152,156)
(152,167)
(153,167)
(155,168)
(155,175)
(155,178)
(159,162)
(164,178)
(165,177)
(171,172)
(172,176)
(173,179)
(174,179)
(176,178)
(176,179)
