Nodes: 100
Protection radius: 1.000000
Disaster radius: 0.500000
0: 0.533853 27.226924
1: 1.469319 20.148401
2: 2.461972 1.437494
3: 2.788782 36.190313
4: 3.800706 15.021022
5: 3.827130 33.328560
6: 3.940800 12.243669
7: 5.560728 39.019529
8: 5.616021 27.040556
9: 6.385257 34.429629
10: 7.393174 25.896024
11: 7.750314 32.323605
12: 8.436200 27.744911
13: 8.609221 15.112521
14: 10.131113 19.476374
15: 11.174460 36.127086
16: 12.046174 3.409949
17: 14.178262 1.810638
18: 14.731458 45.984227
19: 14.799147 43.205986
20: 14.964094 17.929400
21: 14.994383 38.062313
22: 15.622286 5.182447
23: 16.440008 20.535330
24: 16.581849 36.682154
25: 17.034772 13.324231
26: 17.095810 53.881862
27: 17.323919 28.539019
28: 18.058896 35.041080
29: 18.095079 16.672207
30: 18.168126 31.749483
31: 19.358235 0.361449
32: 19.438192 5.557581
33: 19.793111 19.901995
34: 20.061780 24.427946
35: 20.568027 27.697659
36: 21.257162 53.658681
37: 21.495644 16.390469
38: 22.738635 32.914313
39: 24.478112 4.626072
40: 24.502719 48.975305
41: 25.675013 19.504559
42: 25.690788 44.271224
43: 25.745967 39.029049
44: 25.865440 16.647437
45: 26.458488 33.896184
46: 26.500368 52.553787
47: 26.762877 48.204283
48: 27.495958 21.944682
49: 27.922354 8.297082
50: 28.005166 43.354925
51: 28.652325 31.736414
52: 28.900469 15.513804
53: 29.379143 4.852292
54: 30.778159 40.037095
55: 31.427182 35.417049
56: 32.955076 38.940735
57: 33.223812 51.847545
58: 33.342228 25.815120
59: 35.959861 0.248520
60: 36.065946 10.334608
61: 36.240267 42.287800
62: 37.198567 22.714408
63: 37.872957 37.602799
64: 38.234717 33.910990
65: 38.423762 4.547976
66: 39.199294 18.799183
67: 39.220255 22.523752
68: 39.377319 35.975224
69: 39.896988 49.294588
70: 39.912290 10.579960
71: 41.021889 3.934736
72: 41.472262 51.913996
73: 41.625642 39.663770
74: 42.855724 44.787652
75: 42.889582 30.399289
76: 44.097231 49.681561
77: 44.120833 25.111584
78: 44.596476 27.823856
79: 44.896416 52.269549
80: 45.166523 42.994284
81: 46.144140 17.054964
82: 46.177094 14.928367
83: 46.297975 21.003763
84: 47.454252 53.859894
85: 47.482887 35.435425
86: 47.897241 40.731050
87: 48.044319 5.531158
88: 48.139952 23.585504
89: 48.349582 13.443470
90: 49.097043 28.233044
91: 50.253004 16.422379
92: 50.438070 35.653573
93: 51.028892 11.572001
94: 51.262615 7.833518
95: 51.705929 26.796481
96: 51.875326 0.378871
97: 52.797190 22.359153
98: 53.107240 33.517271
99: 53.827596 25.705031
Edges
(0,2)
(1,4)
(2,4)
(2,16)
(2,59)
(2,87)
(2,96)
(3,13)
(5,12)
(6,20)
(6,29)
(6,94)
(7,18)
(7,28)
(8,12)
(9,15)
(10,13)
(11,14)
(12,13)
(13,27)
(13,28)
(13,30)
(14,15)
(15,28)
(16,22)
(16,94)
(17,71)
(19,26)
(19,45)
(19,99)
(21,45)
(22,49)
(23,27)
(24,28)
(25,93)
(26,42)
(27,35)
(28,48)
(28,58)
(29,34)
(29,37)
(30,52)
(31,59)
(32,49)
(33,35)
(33,44)
(35,41)
(36,57)
(38,99)
(39,53)
(40,47)
(40,68)
(40,69)
(42,54)
(43,99)
(45,55)
(45,75)
(46,57)
(50,54)
(51,75)
(52,62)
(52,82)
(52,88)
(52,89)
(53,94)
(56,95)
(57,79)
(58,67)
(60,93)
(60,94)
(61,69)
(61,73)
(63,68)
(63,95)
(64,90)
(64,95)
(65,71)
(65,87)
(66,81)
(69,76)
(70,93)
(72,76)
(74,95)
(76,79)
(76,99)
(77,78)
(78,97)
(80,85)
(80,95)
(81,89)
(83,88)
(84,86)
(84,98)
(84,99)
(86,92)
(88,91)
(88,93)
(94,97)
(97,99)
