Nodes: 20
Protection radius: 1.000000
Disaster radius: 0.500000
0: 1.170202 0.330886
1: 1.208674 7.275487
2: 1.554800 11.437012
3: 3.273269 13.896447
4: 5.050350 10.992828
5: 6.300883 2.725001
6: 6.744022 0.284400
7: 6.928929 7.074722
8: 6.967518 4.697062
9: 6.979853 14.270189
10: 7.645350 11.503185
11: 8.950046 5.012492
12: 9.367957 2.418350
13: 9.918318 13.686874
14: 10.319699 9.075638
15: 11.767898 7.509558
16: 11.771784 5.241130
17: 11.960742 12.891879
18: 13.852340 11.011543
19: 14.731401 6.636035
Edges
(0,1)
(0,5)
(0,6)
(1,2)
(1,4)
(1,7)
(1,8)
(2,4)
(3,4)
(3,9)
(5,6)
(5,12)
(6,19)
(7,11)
(7,14)
(10,13)
(11,12)
(11,16)
(13,14)
(15,18)
(15,19)
(17,18)
