Nodes: 100
Protection radius: 1.000000
Disaster radius: 0.500000
0: 0.072200 13.252418
1: 0.185054 6.956320
2: 0.278749 0.109646
3: 0.546491 55.547169
4: 0.631684 19.999053
5: 0.773632 36.720325
6: 1.796101 33.990834
7: 3.001064 17.492933
8: 3.810531 10.953119
9: 4.120156 6.066170
10: 4.917469 40.291411
11: 4.990638 47.115440
12: 5.007332 23.139461
13: 5.830030 32.826308
14: 8.679788 35.247295
15: 9.138884 41.990858
16: 9.290910 52.284092
17: 9.373642 39.753210
18: 10.880919 1.207870
19: 11.494601 48.707369
20: 13.305495 5.949683
21: 14.460288 40.143375
22: 14.524116 7.627500
23: 14.805256 42.768666
24: 15.318133 56.487847
25: 15.614928 28.573444
26: 16.157246 24.280618
27: 17.078843 17.666273
28: 17.958505 44.902984
29: 18.476245 35.668293
30: 18.608283 6.667280
31: 18.728056 32.909823
32: 18.772206 56.566331
33: 19.214324 27.662855
34: 19.590367 30.222657
35: 19.863701 40.292649
36: 20.478649 19.538133
37: 20.627423 0.297040
38: 21.227860 27.536829
39: 22.204607 5.677532
40: 22.672217 56.338621
41: 23.098715 29.727258
42: 23.618913 24.306276
43: 23.687424 38.628055
44: 24.097530 41.280980
45: 24.138281 14.533439
46: 24.396101 17.172533
47: 24.617192 35.205296
48: 25.088456 48.308653
49: 26.046425 38.796560
50: 26.300036 20.663703
51: 26.316434 51.645871
52: 27.833869 9.368450
53: 27.982112 16.848386
54: 28.356509 2.365938
55: 29.431797 36.564857
56: 29.851361 33.966906
57: 30.240700 1.554245
58: 30.289880 51.682001
59: 31.402326 37.186000
60: 31.889914 20.706996
61: 32.014895 35.248032
62: 32.737586 23.326173
63: 32.909794 41.833275
64: 33.399630 14.033916
65: 34.010931 3.907115
66: 35.599447 43.595375
67: 36.286108 4.010510
68: 36.332844 33.553136
69: 38.281431 46.107947
70: 38.648509 12.706036
71: 38.690544 48.722246
72: 38.702508 56.239937
73: 40.080307 35.195731
74: 40.279469 51.455518
75: 40.401058 26.843625
76: 40.757655 16.004937
77: 41.399606 31.063513
78: 41.448917 13.506901
79: 41.761075 44.521214
80: 42.634284 48.894832
81: 43.106883 4.711674
82: 44.033170 11.250320
83: 44.177477 36.033116
84: 44.506255 15.006779
85: 45.888319 31.471441
86: 46.297433 51.266027
87: 46.416724 4.875012
88: 46.454062 42.901748
89: 46.958513 46.559949
90: 47.983827 19.671954
91: 48.024751 1.038812
92: 50.209251 51.875982
93: 52.166988 2.716064
94: 52.338032 55.528222
95: 52.786394 15.233921
96: 52.820271 52.493544
97: 53.726204 40.569701
98: 54.786165 20.513977
99: 55.954292 34.637999
Edges
(0,1)
(0,2)
(0,5)
(0,7)
(1,8)
(1,9)
(2,18)
(3,5)
(3,16)
(3,24)
(4,6)
(4,7)
(5,10)
(5,11)
(6,10)
(6,13)
(7,12)
(7,27)
(8,20)
(9,20)
(10,11)
(10,13)
(10,15)
(10,17)
(11,15)
(11,19)
(12,25)
(13,14)
(14,17)
(14,25)
(15,23)
(17,21)
(18,37)
(19,24)
(19,28)
(20,22)
(20,30)
(21,23)
(21,35)
(22,30)
(23,35)
(24,28)
(25,26)
(26,27)
(26,33)
(26,42)
(27,36)
(27,45)
(28,44)
(29,43)
(29,47)
(30,45)
(31,34)
(31,47)
(32,40)
(32,48)
(33,34)
(33,38)
(33,42)
(34,38)
(34,41)
(36,42)
(36,50)
(37,91)
(38,42)
(39,54)
(40,58)
(41,56)
(41,62)
(42,62)
(44,48)
(44,63)
(45,46)
(47,49)
(47,56)
(48,51)
(48,63)
(49,55)
(49,63)
(50,53)
(52,65)
(54,57)
(54,65)
(55,56)
(55,59)
(56,61)
(56,62)
(59,61)
(59,63)
(59,68)
(60,76)
(62,68)
(62,75)
(62,76)
(63,66)
(64,65)
(64,76)
(66,69)
(66,73)
(67,70)
(69,79)
(69,80)
(70,78)
(70,81)
(71,72)
(71,74)
(72,74)
(72,94)
(73,77)
(73,79)
(74,86)
(75,76)
(75,85)
(76,84)
(77,83)
(77,85)
(78,82)
(79,88)
(79,89)
(80,89)
(81,82)
(82,84)
(82,95)
(83,85)
(83,97)
(83,99)
(85,98)
(86,89)
(87,93)
(87,95)
(88,97)
(89,92)
(90,98)
(92,94)
(95,98)
(96,97)
(97,99)
