Nodes: 180
Protection radius: 1.000000
Disaster radius: 0.500000
0: 0.544711 52.210495
1: 1.377934 80.130242
2: 1.525211 2.778607
3: 1.896734 13.346410
4: 2.336670 67.037243
5: 2.802996 86.468910
6: 3.276543 35.534353
7: 3.365957 31.439912
8: 3.856398 59.504294
9: 3.911964 83.579133
10: 4.283322 63.754174
11: 4.651978 5.496353
12: 4.741718 18.489418
13: 4.813613 71.822575
14: 4.819836 66.892632
15: 5.118026 42.926707
16: 5.547496 78.663674
17: 6.523304 39.088468
18: 6.722267 73.430482
19: 6.992423 22.634350
20: 7.180661 93.683356
21: 7.536989 28.561942
22: 8.394202 86.871726
23: 8.626746 56.973881
24: 10.033445 84.385019
25: 10.045046 9.735049
26: 10.234192 74.883103
27: 10.501580 81.628608
28: 10.527824 43.881277
29: 10.807399 32.378261
30: 11.103809 23.967637
31: 11.268399 50.011893
32: 11.432506 56.666219
33: 12.828050 53.232211
34: 13.210688 71.738386
35: 13.350147 12.481431
36: 14.097057 41.302662
37: 14.683991 94.607657
38: 14.899075 35.521648
39: 15.187880 76.785227
40: 15.231402 6.183184
41: 15.515167 81.740278
42: 16.446457 90.818871
43: 16.507542 0.352289
44: 18.766067 34.506921
45: 18.874653 2.650578
46: 20.609251 53.206458
47: 21.247199 18.388068
48: 21.407158 2.562762
49: 21.698436 32.713023
50: 22.086853 60.662579
51: 22.143207 29.728407
52: 24.780898 10.279002
53: 25.410074 7.495879
54: 26.172799 60.455577
55: 26.386004 12.869993
56: 26.732301 21.422379
57: 27.011204 85.896109
58: 27.792731 82.042133
59: 27.984659 2.764663
60: 28.353692 22.723803
61: 28.829650 15.243298
62: 29.019593 83.627179
63: 30.235712 6.025386
64: 30.426868 30.095060
65: 30.534207 11.963388
66: 30.801082 41.725084
67: 31.164297 15.104576
68: 31.319513 26.876080
69: 31.326605 65.536757
70: 32.507014 35.379753
71: 33.967623 62.769901
72: 34.053839 16.279473
73: 34.392371 12.171228
74: 34.777386 32.782783
75: 35.066445 88.703425
76: 35.377144 53.201355
77: 36.120445 9.701856
78: 36.864798 49.305711
79: 37.586950 11.151099
80: 37.813120 20.047613
81: 38.475360 55.617555
82: 38.896207 5.033935
83: 39.272266 45.098621
84: 39.765680 40.579252
85: 40.977427 25.765590
86: 41.946008 70.782859
87: 42.339485 3.868431
88: 43.414958 30.592202
89: 43.815488 89.049444
90: 43.938612 49.472278
91: 43.973069 77.752379
92: 44.757659 55.752275
93: 47.044478 54.126675
94: 47.325511 59.376697
95: 47.675223 75.735412
96: 47.772655 15.551721
97: 48.057574 88.780485
98: 48.992496 21.352069
99: 49.780904 38.319029
100: 50.637682 14.259256
101: 51.501502 60.503273
102: 52.768146 36.765746
103: 52.809820 34.434170
104: 53.677509 19.144355
105: 55.276276 36.929838
106: 56.307409 15.980160
107: 56.444562 13.833564
108: 56.545960 33.471718
109: 58.522140 87.543842
110: 59.231844 49.851908
111: 59.499358 40.324882
112: 59.553764 90.537626
113: 60.445935 36.990791
114: 61.102660 60.570861
115: 61.417504 14.697024
116: 61.769281 1.202586
117: 62.236906 23.185120
118: 62.243450 86.354420
119: 62.266657 7.955830
120: 62.326944 68.641749
121: 62.385265 93.786969
122: 62.401464 51.768325
123: 64.445885 62.365209
124: 65.650510 59.822503
125: 66.818844 54.497956
126: 66.996668 76.396197
127: 67.200962 85.183590
128: 68.710500 45.311692
129: 69.006071 87.057668
130: 69.475264 90.047114
131: 69.673930 34.780206
132: 69.861088 67.510427
133: 69.937357 42.010543
134: 71.594411 54.435604
135: 71.683846 62.030261
136: 72.674084 20.804805
137: 74.030083 3.504109
138: 74.610116 58.058906
139: 75.715455 51.138501
140: 75.761778 59.922500
141: 76.517464 91.511007
142: 77.012537 37.043712
143: 77.065885 85.188488
144: 77.861715 13.679678
145: 77.976085 23.780326
146: 78.321623 34.281234
147: 78.345370 89.726479
148: 78.898262 41.522139
149: 79.725209 37.539028
150: 80.077435 70.262345
151: 80.352672 47.869154
152: 80.542210 90.804135
153: 80.655242 18.629854
154: 82.421974 53.352320
155: 82.615002 50.844963
156: 82.896777 41.596658
157: 83.871844 2.089216
158: 84.912866 25.753293
159: 84.967045 48.527644
160: 85.056610 37.312338
161: 85.665664 56.572346
162: 86.071457 45.291039
163: 86.959136 29.391020
164: 87.098694 35.954350
165: 87.947343 4.178406
166: 88.171106 45.436358
167: 88.852962 2.014603
168: 89.052022 16.686718
169: 89.471757 66.059922
170: 90.655454 20.203112
171: 91.467107 3.758301
172: 92.682113 87.888703
173: 93.930763 6.982278
174: 93.938464 21.960330
175: 94.286219 84.246545
176: 94.372736 90.541070
177: 94.824652 2.766534
178: 94.885616 42.040338
179: 94.950530 15.894881
Edges
(0,1)
(0,3)
(0,15)
(1,16)
(2,11)
(3,11)
(4,13)
(5,9)
(5,20)
(6,29)
(7,29)
(8,10)
(9,16)
(9,27)
(10,14)
(10,23)
(11,40)
(12,25)
(13,16)
(13,18)
(14,32)
(15,28)
(15,31)
(17,29)
(17,36)
(18,26)
(19,30)
(21,29)
(22,37)
(24,42)
(25,40)
(26,34)
(27,41)
(28,36)
(29,30)
(30,35)
(31,33)
(32,50)
(33,46)
(34,50)
(36,38)
(37,57)
(39,69)
(40,52)
(40,53)
(41,42)
(41,58)
(43,45)
(43,48)
(43,59)
(44,51)
(44,66)
(46,66)
(47,55)
(47,56)
(49,66)
(49,70)
(50,54)
(52,55)
(53,59)
(53,65)
(54,69)
(56,61)
(57,62)
(57,75)
(58,62)
(60,80)
(63,77)
(64,70)
(65,67)
(65,77)
(66,78)
(67,72)
(68,74)
(68,85)
(69,71)
(72,80)
(73,77)
(76,81)
(77,82)
(78,81)
(78,90)
(79,82)
(79,96)
(80,85)
(83,90)
(84,99)
(86,94)
(87,100)
(88,99)
(88,103)
(89,91)
(89,121)
(90,93)
(90,99)
(91,95)
(92,93)
(92,94)
(93,101)
(93,110)
(95,101)
(95,120)
(95,126)
(96,104)
(97,112)
(98,103)
(99,105)
(100,104)
(100,106)
(101,114)
(102,103)
(104,108)
(107,115)
(107,116)
(108,113)
(109,112)
(110,128)
(111,113)
(112,121)
(113,117)
(114,124)
(114,125)
(115,117)
(115,136)
(117,131)
(118,121)
(119,144)
(120,123)
(121,130)
(122,128)
(123,135)
(125,134)
(126,127)
(126,132)
(126,150)
(128,139)
(129,130)
(130,141)
(131,133)
(133,142)
(135,138)
(136,145)
(136,153)
(137,157)
(139,151)
(139,155)
(140,154)
(141,152)
(142,148)
(143,147)
(143,175)
(144,153)
(144,157)
(144,165)
(144,168)
(146,149)
(146,160)
(149,156)
(150,161)
(150,169)
(150,175)
(152,172)
(154,155)
(157,167)
(158,163)
(159,161)
(160,162)
(160,163)
(163,170)
(164,166)
(164,178)
(165,171)
(167,177)
(168,173)
(168,179)
(170,179)
(172,176)
(174,179)
(175,178)
