Nodes: 100
Protection radius: 1.000000
Disaster radius: 0.500000
0: 0.376077 10.432165
1: 0.590079 2.697885
2: 0.876735 48.543899
3: 1.524313 51.255998
4: 3.181856 43.085765
5: 3.574416 16.387621
6: 3.732000 50.840446
7: 4.786274 29.897953
8: 4.825341 48.852554
9: 6.302557 54.019354
10: 6.700164 19.159278
11: 7.411429 10.377008
12: 8.233104 16.952883
13: 8.287155 13.192101
14: 8.407862 0.524579
15: 8.999724 43.319301
16: 9.198828 2.372503
17: 9.353539 19.835847
18: 10.580838 29.585158
19: 10.708115 10.289845
20: 11.111455 32.389328
21: 11.886244 7.833954
22: 12.651401 40.940137
23: 12.998088 3.602920
24: 13.491884 14.175714
25: 13.555576 53.126843
26: 14.035085 18.611227
27: 14.079507 58.215207
28: 14.222431 23.021403
29: 15.271982 56.484413
30: 15.826918 13.419457
31: 17.202529 40.681643
32: 17.713721 38.119859
33: 18.790388 36.256193
34: 18.891174 2.634817
35: 19.213674 48.881437
36: 19.874391 25.333886
37: 20.015620 43.662372
38: 20.782735 11.088831
39: 21.491804 30.329606
40: 21.963170 54.250945
41: 22.033761 46.265752
42: 22.823219 27.047460
43: 22.917307 58.943258
44: 23.754470 37.229089
45: 24.550202 48.378368
46: 26.580729 7.691334
47: 27.558073 23.716514
48: 28.381453 32.199919
49: 29.749921 54.721970
50: 29.876213 6.683799
51: 30.092755 10.295818
52: 31.431824 52.228494
53: 32.403748 15.721862
54: 32.532275 12.967305
55: 32.716370 58.542458
56: 33.040089 25.622789
57: 33.129322 50.898855
58: 33.696325 41.810162
59: 36.102411 46.831563
60: 36.506929 33.764124
61: 36.675720 10.944931
62: 36.706555 27.390546
63: 38.160523 38.482599
64: 38.770692 55.920230
65: 39.420134 0.203829
66: 39.712025 5.772805
67: 40.475442 42.883082
68: 40.534507 35.858290
69: 40.955269 47.119596
70: 41.243392 51.610560
71: 42.848136 40.718812
72: 42.943224 45.470856
73: 43.083526 56.330650
74: 43.108343 49.704074
75: 43.874550 2.355583
76: 44.141132 13.498367
77: 44.796395 50.889286
78: 45.307020 22.383071
79: 46.656214 3.277501
80: 46.861384 27.178329
81: 48.695279 42.548856
82: 49.571429 33.625422
83: 50.086247 8.445820
84: 50.894843 6.314289
85: 51.487371 51.312543
86: 51.856881 47.451463
87: 54.482747 43.918358
88: 55.401713 10.605191
89: 55.410730 38.664779
90: 55.903021 23.079231
91: 56.693465 8.938105
92: 57.072684 12.515531
93: 58.200284 49.521280
94: 58.723240 10.316845
95: 59.635127 30.343867
96: 59.701818 44.425248
97: 60.672958 22.331933
98: 60.870920 19.771056
99: 60.945603 55.061788
Edges
(0,7)
(1,14)
(1,17)
(1,18)
(1,65)
(2,6)
(2,48)
(2,62)
(3,9)
(3,25)
(3,35)
(3,74)
(4,7)
(4,76)
(4,83)
(5,10)
(6,8)
(6,44)
(6,78)
(7,20)
(8,31)
(10,20)
(11,16)
(11,21)
(12,30)
(12,50)
(13,19)
(13,21)
(14,65)
(15,32)
(16,34)
(16,65)
(17,26)
(18,51)
(19,21)
(20,42)
(20,47)
(20,51)
(20,65)
(22,39)
(23,24)
(24,46)
(24,50)
(24,65)
(26,28)
(26,38)
(27,77)
(27,99)
(28,65)
(29,52)
(29,74)
(30,38)
(32,39)
(32,56)
(32,94)
(33,39)
(33,56)
(34,65)
(35,37)
(36,65)
(37,78)
(40,57)
(41,45)
(43,73)
(45,58)
(45,60)
(45,78)
(45,94)
(46,50)
(47,61)
(47,83)
(48,78)
(49,77)
(52,57)
(53,65)
(53,66)
(54,65)
(55,99)
(56,76)
(58,59)
(58,92)
(59,90)
(60,78)
(61,84)
(63,90)
(63,94)
(64,85)
(65,91)
(67,74)
(68,90)
(69,74)
(70,77)
(71,82)
(71,90)
(72,90)
(73,99)
(74,81)
(74,90)
(74,96)
(75,79)
(75,91)
(80,94)
(83,88)
(83,91)
(85,86)
(86,93)
(87,89)
(87,90)
(88,91)
(89,97)
(90,94)
(92,94)
(93,96)
(95,96)
(96,97)
(97,99)
(98,99)
