Nodes: 100
Protection radius: 1.000000
Disaster radius: 0.500000
0: 0.624645 30.820788
1: 0.755090 4.238340
2: 0.991506 20.744889
3: 1.233113 50.381604
4: 1.342980 34.236818
5: 3.586895 37.640904
6: 3.805974 52.507911
7: 4.425820 23.736018
8: 4.966172 40.534961
9: 5.610229 47.420099
10: 5.644279 6.820213
11: 5.842901 14.935337
12: 6.058624 53.012170
13: 7.154607 2.695311
14: 7.242377 8.259193
15: 7.307764 22.234026
16: 7.634548 40.169298
17: 7.863722 43.761041
18: 8.121104 37.208914
19: 8.316940 0.616856
20: 8.330863 51.910699
21: 9.518090 7.076015
22: 9.698168 31.637039
23: 9.918920 26.120814
24: 10.503341 54.149659
25: 10.761148 14.870834
26: 11.064861 5.725203
27: 11.605436 51.802110
28: 11.633170 33.888627
29: 13.397676 0.760263
30: 13.674006 27.490617
31: 13.990087 23.815706
32: 14.343002 32.740172
33: 16.402919 12.255707
34: 16.573329 18.628439
35: 16.940678 37.248188
36: 17.147234 47.591007
37: 17.181984 4.160124
38: 17.442710 42.984047
39: 17.485708 39.917713
40: 18.003793 8.462036
41: 19.173677 5.441768
42: 20.766338 30.884286
43: 20.965366 21.969061
44: 21.000913 50.665373
45: 21.638635 5.804444
46: 22.095923 14.198349
47: 22.854534 23.501334
48: 23.346212 16.121793
49: 23.351401 42.484623
50: 24.413055 53.152380
51: 26.214511 42.246312
52: 26.351167 5.466569
53: 26.529884 37.604743
54: 26.887632 53.272911
55: 28.923459 17.891491
56: 29.068548 33.849553
57: 29.310041 52.363917
58: 29.925826 41.176452
59: 31.294125 44.016348
60: 31.985082 32.311878
61: 32.314881 53.451510
62: 33.146161 39.334819
63: 33.690540 33.550433
64: 34.094778 50.155578
65: 35.094217 38.837417
66: 35.647369 0.514339
67: 36.187688 27.334042
68: 36.453277 43.096836
69: 36.550218 30.745921
70: 37.270624 36.321292
71: 38.372069 15.275711
72: 39.191981 21.462291
73: 39.282824 43.103213
74: 39.338164 55.723894
75: 39.620456 51.647256
76: 39.904225 49.436929
77: 40.370646 7.440285
78: 43.251441 0.082195
79: 44.046977 16.825854
80: 44.530938 5.621168
81: 44.995879 48.183387
82: 46.119039 22.109318
83: 46.404049 35.086284
84: 46.907282 43.822236
85: 47.841282 10.334991
86: 48.089875 16.262751
87: 48.098766 6.597991
88: 48.563405 29.502357
89: 49.565485 56.894268
90: 52.081429 24.493427
91: 52.173419 16.058990
92: 52.496413 33.270321
93: 53.460401 9.003864
94: 53.937315 31.554618
95: 55.570596 8.065838
96: 55.699109 51.085211
97: 55.948874 10.975779
98: 56.233182 56.223502
99: 56.305697 22.300275
Edges
(0,2)
(0,7)
(1,10)
(1,11)
(1,19)
(2,11)
(3,4)
(3,6)
(3,9)
(5,18)
(6,12)
(7,15)
(8,9)
(8,17)
(9,20)
(10,21)
(13,21)
(14,25)
(15,23)
(15,31)
(16,18)
(16,38)
(17,27)
(17,38)
(19,26)
(19,29)
(19,78)
(20,24)
(21,25)
(22,32)
(23,30)
(24,44)
(26,37)
(27,36)
(28,32)
(28,35)
(30,32)
(31,43)
(33,40)
(33,46)
(34,43)
(34,48)
(35,42)
(35,53)
(37,41)
(38,49)
(39,49)
(40,45)
(44,50)
(46,52)
(47,48)
(47,56)
(47,60)
(48,55)
(49,53)
(50,51)
(51,57)
(51,58)
(51,59)
(52,66)
(54,57)
(54,61)
(54,74)
(56,62)
(61,75)
(63,70)
(64,68)
(64,75)
(65,73)
(66,77)
(67,69)
(68,73)
(69,70)
(70,83)
(71,72)
(72,79)
(73,76)
(73,84)
(75,89)
(77,85)
(78,95)
(79,82)
(79,85)
(79,86)
(80,85)
(81,84)
(83,88)
(84,92)
(85,87)
(85,91)
(87,95)
(88,92)
(88,94)
(90,94)
(93,95)
(94,96)
(95,97)
(96,98)
(97,99)
