Nodes: 20
Protection radius: 1.000000
Disaster radius: 0.500000
0: 0.116647 1.097419
1: 0.455305 13.645512
2: 0.845954 4.233672
3: 1.730962 11.873480
4: 2.190324 7.588297
5: 3.193566 5.519098
6: 3.434985 0.742278
7: 4.260313 12.550996
8: 5.076460 8.483140
9: 5.196903 5.436144
10: 6.269742 13.155766
11: 7.638906 0.719079
12: 9.144675 11.979513
13: 11.091638 7.914501
14: 11.251793 1.471244
15: 12.309812 10.368760
16: 12.443622 4.890699
17: 13.107394 8.067116
18: 13.277123 12.355241
19: 13.519874 1.864906
Edges
(0,1)
(1,3)
(2,4)
(3,4)
(4,5)
(5,6)
(5,8)
(6,9)
(6,11)
(7,10)
(8,9)
(8,10)
(8,13)
(9,13)
(10,18)
(12,13)
(12,15)
(12,18)
(13,15)
(14,19)
(15,17)
(16,17)
(17,19)
