Nodes: 100
Protection radius: 1.000000
Disaster radius: 0.500000
0: 0.213440 32.339368
1: 0.972625 16.339460
2: 1.805227 8.180218
3: 2.547944 27.403594
4: 2.661807 32.616250
5: 3.344660 20.769678
6: 4.700436 40.840091
7: 4.845390 45.349877
8: 4.995163 13.826104
9: 5.253157 38.142533
10: 5.522614 53.119501
11: 5.922692 24.960607
12: 7.046472 37.106451
13: 7.398364 42.304058
14: 8.004347 17.314698
15: 9.089647 8.901994
16: 9.319466 27.040775
17: 9.624011 24.703823
18: 10.002877 40.675498
19: 10.716693 34.492132
20: 11.278160 31.569031
21: 11.344298 38.736764
22: 11.344833 20.842647
23: 11.445819 4.622230
24: 11.860531 54.221403
25: 12.018103 45.798158
26: 12.030276 23.251210
27: 12.547885 8.743964
28: 14.421753 53.389972
29: 15.494773 10.289624
30: 16.991081 1.998506
31: 17.373369 45.823820
32: 18.117549 55.585478
33: 20.585166 48.457819
34: 21.457688 38.518361
35: 21.661383 31.281339
36: 21.880979 16.224797
37: 22.715357 51.413726
38: 24.041531 3.470971
39: 25.838598 54.890589
40: 25.891388 18.923508
41: 26.046417 9.875662
42: 26.430456 47.761908
43: 26.566296 37.673435
44: 26.959516 40.632525
45: 27.103726 44.381082
46: 28.685140 32.531349
47: 29.283461 44.035651
48: 29.586611 52.145610
49: 30.301013 54.200434
50: 30.394433 20.879214
51: 32.404673 2.908951
52: 32.596298 39.040888
53: 33.135573 56.892086
54: 33.322610 32.765974
55: 33.904058 15.962936
56: 34.299711 28.205339
57: 34.775920 2.506086
58: 35.037435 38.011634
59: 36.188820 16.589337
60: 36.376735 27.696615
61: 36.849334 4.431660
62: 37.455037 43.203670
63: 38.782494 25.882476
64: 40.715435 27.351009
65: 41.089225 37.296734
66: 41.185898 48.394838
67: 42.820663 31.751729
68: 43.612429 1.950475
69: 44.479890 55.870063
70: 44.518835 5.095396
71: 45.011313 34.502090
72: 45.202175 20.329917
73: 45.348407 22.819859
74: 45.491034 30.411431
75: 45.520037 16.717830
76: 45.632393 7.598616
77: 46.949106 15.205191
78: 47.173221 5.279560
79: 47.300352 46.423763
80: 48.507532 39.082250
81: 49.345141 6.580971
82: 49.423310 46.474855
83: 49.483804 23.892718
84: 50.325028 52.553510
85: 50.764573 29.612377
86: 51.219919 40.029974
87: 51.408495 33.490609
88: 52.107693 51.486783
89: 52.708358 5.436585
90: 53.092519 43.215890
91: 54.254564 39.083196
92: 54.288387 54.446119
93: 54.975809 48.258488
94: 55.021819 17.903280
95: 55.372039 1.564690
96: 55.845386 46.026950
97: 56.508969 23.694304
98: 57.311990 8.430744
99: 57.917090 45.070744
Edges
(0,4)
(0,7)
(0,9)
(1,2)
(2,23)
(3,5)
(4,12)
(4,16)
(4,20)
(5,11)
(6,7)
(6,9)
(8,14)
(10,24)
(10,32)
(11,16)
(11,17)
(12,19)
(13,18)
(14,15)
(14,22)
(15,27)
(16,17)
(16,20)
(18,25)
(19,20)
(19,34)
(19,35)
(20,26)
(21,25)
(22,29)
(22,36)
(23,27)
(24,28)
(25,28)
(25,31)
(26,35)
(26,36)
(26,40)
(27,29)
(27,30)
(29,38)
(30,38)
(30,51)
(30,68)
(30,95)
(31,33)
(32,37)
(32,39)
(33,42)
(33,45)
(34,45)
(35,43)
(35,46)
(36,40)
(37,42)
(37,48)
(38,41)
(38,51)
(39,48)
(39,49)
(39,53)
(40,50)
(41,51)
(41,55)
(42,48)
(43,44)
(43,46)
(43,52)
(44,47)
(45,47)
(46,54)
(46,56)
(47,52)
(48,62)
(49,53)
(49,66)
(50,56)
(50,59)
(50,60)
(50,63)
(51,57)
(52,54)
(53,66)
(53,69)
(54,56)
(54,58)
(54,65)
(56,60)
(58,62)
(59,61)
(59,63)
(59,72)
(59,75)
(59,76)
(60,63)
(61,68)
(61,76)
(62,66)
(62,79)
(63,64)
(64,67)
(64,73)
(65,79)
(67,74)
(68,70)
(69,84)
(69,92)
(71,87)
(72,75)
(72,83)
(75,77)
(76,77)
(76,81)
(77,83)
(77,98)
(78,81)
(79,82)
(80,82)
(80,86)
(80,87)
(81,89)
(81,98)
(82,84)
(82,90)
(82,93)
(83,94)
(84,88)
(85,97)
(87,91)
(88,93)
(89,95)
(90,99)
(92,93)
(93,96)
(95,98)
(97,99)
