Nodes: 180
Protection radius: 1.000000
Disaster radius: 0.500000
0: 0.142809 51.194225
1: 0.939620 34.498074
2: 1.562412 29.661430
3: 2.004416 43.381531
4: 2.507088 80.266601
5: 3.096717 53.028629
6: 3.325808 15.860010
7: 4.578350 61.273676
8: 4.744579 40.039973
9: 5.160539 88.664205
10: 5.989043 69.213248
11: 6.825971 77.343394
12: 7.766872 46.117279
13: 7.987861 79.641443
14: 8.489115 24.089471
15: 8.528089 41.660122
16: 8.996494 14.929220
17: 9.678937 52.996602
18: 10.589583 29.762964
19: 10.672779 80.014478
20: 11.077964 27.250396
21: 11.680794 89.348138
22: 11.820033 76.180928
23: 11.924125 4.239283
24: 13.390659 64.107903
25: 13.554280 57.181197
26: 13.893493 26.409970
27: 14.563925 31.173545
28: 14.718172 34.958844
29: 16.797107 40.146570
30: 16.917732 88.102743
31: 17.490556 44.180159
32: 17.870176 35.508181
33: 18.624212 5.717666
34: 20.023086 67.787832
35: 20.120421 52.677988
36: 20.123228 27.319886
37: 20.295801 34.381212
38: 21.230845 24.286093
39: 21.461532 10.342566
40: 22.973614 31.316904
41: 23.424237 72.642508
42: 23.500367 21.544857
43: 23.705568 4.591554
44: 24.185110 2.408816
45: 24.196016 51.241402
46: 24.798614 44.681224
47: 24.916850 70.255828
48: 25.183315 58.608264
49: 25.994052 23.930371
50: 26.268091 21.726371
51: 26.520165 64.720093
52: 26.702808 3.748579
53: 26.904987 17.664885
54: 28.030107 55.098613
55: 28.398081 33.749709
56: 28.404127 42.651782
57: 29.096399 79.941546
58: 29.687145 87.427405
59: 29.723531 77.839209
60: 30.358664 19.937836
61: 31.126944 67.519494
62: 31.155527 15.408617
63: 31.289103 53.942178
64: 31.633036 72.557315
65: 32.818801 60.242932
66: 33.056038 47.703411
67: 33.460673 24.452732
68: 34.075822 50.846966
69: 34.700690 3.132298
70: 36.095276 81.556582
71: 36.216133 86.820281
72: 36.848687 61.077314
73: 36.953473 5.223066
74: 38.481493 53.871206
75: 38.556985 19.080948
76: 38.929517 10.980477
77: 39.897164 71.624575
78: 40.042831 77.638032
79: 40.882845 44.222111
80: 41.673071 38.137527
81: 41.928226 89.024830
82: 42.670072 1.509116
83: 43.052692 72.896723
84: 43.268456 83.552917
85: 44.061796 26.828328
86: 44.551719 58.783544
87: 44.622182 40.465625
88: 44.834287 73.825599
89: 45.499180 45.526889
90: 45.731226 63.291542
91: 45.860236 61.103736
92: 45.919561 82.348636
93: 46.202403 29.108161
94: 47.751716 51.812456
95: 47.941234 7.087502
96: 48.895282 62.616018
97: 50.107219 42.190000
98: 50.388779 54.655894
99: 51.202681 0.819123
100: 51.250257 67.229786
101: 52.184419 11.000909
102: 52.658799 14.593309
103: 52.899916 5.399090
104: 53.547474 84.403650
105: 53.643194 65.663585
106: 53.711957 0.276428
107: 53.947522 19.956733
108: 54.444322 28.291928
109: 54.579276 16.787346
110: 55.498353 63.350686
111: 55.845401 86.069562
112: 56.358295 60.123958
113: 56.358557 0.012950
114: 57.174469 53.851884
115: 57.220166 35.882589
116: 57.454119 38.383603
117: 58.025683 26.685622
118: 58.154233 83.185850
119: 59.462915 13.363003
120: 59.480282 49.852768
121: 60.137695 85.860590
122: 60.992225 28.566646
123: 61.340749 17.618222
124: 61.394285 38.719266
125: 61.405419 53.629572
126: 61.590003 76.124031
127: 61.886996 7.600765
128: 61.912984 25.434470
129: 62.155022 32.257134
130: 62.246321 57.280367
131: 62.343052 40.832015
132: 63.202475 14.592843
133: 63.207877 70.094877
134: 63.396044 0.546092
135: 63.974655 10.530596
136: 66.021192 69.419928
137: 66.230333 29.869016
138: 67.378517 62.648959
139: 67.670460 35.724475
140: 68.333684 31.304854
141: 68.875622 4.709417
142: 69.378652 0.679370
143: 69.565253 36.539617
144: 70.892307 33.253733
145: 71.468547 26.749949
146: 72.399765 1.201778
147: 73.067466 23.851763
148: 73.089149 53.839536
149: 73.188600 35.417993
150: 74.258003 39.064776
151: 74.305500 49.976863
152: 75.986078 45.373469
153: 76.575153 26.489280
154: 76.635265 5.237111
155: 77.010536 11.084578
156: 77.368951 64.672140
157: 77.941355 89.738470
158: 78.005127 84.743719
159: 78.268790 75.173246
160: 79.018156 8.959563
161: 79.046440 1.293009
162: 79.503962 64.886646
163: 80.267181 42.286592
164: 80.612196 14.257684
165: 80.833447 61.419288
166: 81.822630 2.940956
167: 83.146776 16.639070
168: 83.897633 44.946016
169: 84.066933 65.871647
170: 86.126806 38.749822
171: 88.443825 15.667470
172: 88.533954 52.805487
173: 88.535427 40.905043
174: 88.602511 80.924447
175: 89.201860 49.382122
176: 89.369242 19.405104
177: 89.660932 22.793257
178: 89.666653 58.583410
179: 89.904361 33.686460
Edges
(0,11)
(1,5)
(1,6)
(1,7)
(2,22)
(3,11)
(4,58)
(4,81)
(6,18)
(6,22)
(6,26)
(6,57)
(7,11)
(8,22)
(9,30)
(10,13)
(12,15)
(13,19)
(13,57)
(14,20)
(15,22)
(16,23)
(16,40)
(17,47)
(20,28)
(20,31)
(20,35)
(20,37)
(20,56)
(20,71)
(21,30)
(21,58)
(24,41)
(25,47)
(26,37)
(27,29)
(27,48)
(32,45)
(32,48)
(32,54)
(32,61)
(33,36)
(33,81)
(34,47)
(34,57)
(37,40)
(38,40)
(39,43)
(39,44)
(41,57)
(42,44)
(42,49)
(42,53)
(42,81)
(44,117)
(46,63)
(46,65)
(49,60)
(49,80)
(49,83)
(49,97)
(49,116)
(50,53)
(51,57)
(51,59)
(52,69)
(52,117)
(55,81)
(61,64)
(61,70)
(61,71)
(61,81)
(62,75)
(62,85)
(65,81)
(66,77)
(67,116)
(68,84)
(72,78)
(73,99)
(74,80)
(76,99)
(76,102)
(76,113)
(76,142)
(77,78)
(78,84)
(79,80)
(79,91)
(80,87)
(80,114)
(81,104)
(82,99)
(82,106)
(83,86)
(84,88)
(84,90)
(84,91)
(85,93)
(85,116)
(89,114)
(91,92)
(92,94)
(92,96)
(92,112)
(95,103)
(95,113)
(96,100)
(98,114)
(100,105)
(101,119)
(101,127)
(102,107)
(102,123)
(103,134)
(108,115)
(108,117)
(109,123)
(110,112)
(111,122)
(111,130)
(111,159)
(111,162)
(111,169)
(111,174)
(116,135)
(118,126)
(118,143)
(119,142)
(120,135)
(121,157)
(121,158)
(121,174)
(124,125)
(125,129)
(126,156)
(128,132)
(129,131)
(129,135)
(130,143)
(132,135)
(133,143)
(135,140)
(135,141)
(135,149)
(135,168)
(136,143)
(137,139)
(137,144)
(137,168)
(138,151)
(138,162)
(141,155)
(141,160)
(142,154)
(142,161)
(143,163)
(145,168)
(146,154)
(146,166)
(147,166)
(148,152)
(150,163)
(150,165)
(152,162)
(153,168)
(160,166)
(164,168)
(166,167)
(166,171)
(168,170)
(169,171)
(169,173)
(169,176)
(172,173)
(173,177)
(173,179)
(175,179)
(178,179)
