Nodes: 180
Protection radius: 1.000000
Disaster radius: 0.500000
0: 2.069854 65.963818
1: 2.335923 2.395195
2: 2.454706 11.481172
3: 2.865869 36.179522
4: 2.898489 29.677931
5: 3.038255 70.978237
6: 5.381559 88.405533
7: 5.827668 94.335454
8: 6.857203 50.115119
9: 6.890177 56.151976
10: 7.843779 89.848446
11: 8.506192 20.471879
12: 9.014182 45.429117
13: 9.083925 77.677707
14: 9.299114 13.862158
15: 10.070003 60.225098
16: 10.197613 11.607794
17: 10.471675 89.434879
18: 10.948725 80.292850
19: 11.043361 95.145402
20: 11.362383 58.325434
21: 11.362597 19.395760
22: 12.881354 72.374250
23: 12.885171 87.432387
24: 13.159819 51.447490
25: 13.695543 22.030456
26: 13.814915 93.695186
27: 13.877156 30.656827
28: 14.064381 96.176341
29: 14.216144 25.345218
30: 15.605589 37.392193
31: 15.982389 59.930854
32: 17.027235 26.516550
33: 17.475148 67.714034
34: 18.293390 78.726251
35: 18.488016 89.573665
36: 19.220663 57.675221
37: 19.755614 21.666011
38: 19.979649 65.884742
39: 20.509895 78.405108
40: 21.206379 91.119038
41: 22.782630 58.935930
42: 22.983671 25.061815
43: 23.318604 72.406493
44: 23.636924 51.232004
45: 23.732063 31.745678
46: 23.913543 53.473815
47: 25.197942 34.575729
48: 25.370483 88.211484
49: 25.707847 55.890988
50: 27.068531 52.323950
51: 27.677984 34.445495
52: 29.240980 91.195614
53: 29.352426 71.308537
54: 29.508165 11.344948
55: 30.173037 39.750677
56: 30.578428 29.589953
57: 30.844965 16.914738
58: 30.894456 54.540923
59: 31.141700 76.714324
60: 31.241267 4.196990
61: 31.257946 72.060697
62: 32.010634 95.680669
63: 32.193233 80.413710
64: 32.621658 51.495401
65: 33.081406 47.941754
66: 34.066520 57.920114
67: 35.232238 79.195632
68: 35.702517 21.790387
69: 36.311554 2.324001
70: 36.712421 62.254000
71: 37.280536 36.848031
72: 37.466110 44.680503
73: 37.556590 39.928890
74: 38.301342 47.446485
75: 38.863753 74.349319
76: 39.724624 34.170302
77: 40.242033 62.198679
78: 41.688784 1.722052
79: 42.360907 19.454417
80: 43.102112 14.179371
81: 43.518081 63.479305
82: 44.195229 23.109278
83: 44.560076 46.690349
84: 44.574276 53.057169
85: 45.443327 71.955584
86: 47.325866 1.559815
87: 47.576474 79.949864
88: 48.188687 35.667525
89: 49.860210 9.004705
90: 50.151851 60.275990
91: 50.571126 22.344627
92: 51.206681 40.408632
93: 52.234097 65.465132
94: 52.318335 11.929135
95: 53.126468 79.756632
96: 53.758241 37.438958
97: 53.985416 6.079596
98: 55.084547 43.385321
99: 55.324127 65.663835
100: 55.622378 15.126782
101: 55.797816 91.034276
102: 56.351651 94.998694
103: 57.526746 64.308491
104: 57.694558 35.906147
105: 58.378099 25.270804
106: 59.547138 12.777278
107: 60.617186 47.268190
108: 61.640437 1.559963
109: 62.444629 30.980787
110: 62.578062 73.255364
111: 62.599263 25.460914
112: 62.928662 8.283203
113: 63.124007 21.869391
114: 63.145801 37.043105
115: 63.726076 27.775215
116: 65.254712 93.208456
117: 65.890375 85.712827
118: 65.916004 15.765396
119: 67.024946 21.334995
120: 67.504117 87.039082
121: 67.777526 16.669513
122: 68.228589 41.823009
123: 68.875404 68.324175
124: 69.790928 61.883062
125: 70.340922 14.715578
126: 70.789023 64.069528
127: 71.919369 18.014256
128: 73.115301 28.485841
129: 73.285788 13.236312
130: 73.402668 84.244731
131: 73.411888 34.370761
132: 73.995340 69.435264
133: 74.844014 32.155103
134: 74.901300 37.087777
135: 75.175227 18.526713
136: 75.284625 58.144087
137: 75.401796 78.820888
138: 76.118361 14.808952
139: 76.851250 41.743576
140: 76.858143 45.223369
141: 77.315874 36.082713
142: 77.671136 72.843880
143: 78.248978 52.224651
144: 80.013478 34.032524
145: 80.127161 83.760114
146: 80.825844 88.169796
147: 80.921425 45.918952
148: 80.964273 22.084995
149: 81.365476 75.767452
150: 81.751900 40.787674
151: 81.961310 68.814493
152: 82.310092 2.357891
153: 83.402751 86.429461
154: 83.773440 42.236075
155: 84.813958 70.063267
156: 85.151528 20.340755
157: 85.505908 14.896815
158: 85.804694 32.170747
159: 85.984511 2.759570
160: 86.086203 89.008257
161: 86.356621 92.870915
162: 86.491675 63.773932
163: 87.778592 37.863850
164: 87.994274 73.759783
165: 89.933536 37.022516
166: 90.678030 92.607467
167: 92.126987 7.279020
168: 94.592446 7.785178
169: 94.780483 67.059267
170: 95.019139 93.773627
171: 95.231266 51.814210
172: 95.689249 58.819684
173: 96.258642 15.614525
174: 96.463594 80.710297
175: 96.693946 21.515036
176: 96.962363 93.137404
177: 97.124021 39.182630
178: 97.448019 71.383897
179: 97.722345 97.348803
Edges
(0,2)
(0,6)
(1,3)
(1,13)
(1,21)
(1,54)
(4,9)
(4,13)
(5,23)
(5,26)
(5,28)
(6,17)
(6,19)
(6,28)
(7,28)
(8,36)
(8,49)
(10,17)
(11,21)
(12,21)
(12,24)
(12,27)
(12,50)
(12,64)
(12,70)
(12,72)
(12,82)
(12,106)
(12,153)
(13,22)
(14,16)
(15,20)
(15,36)
(15,85)
(16,54)
(18,23)
(21,30)
(21,45)
(25,47)
(28,33)
(28,43)
(28,62)
(28,166)
(29,30)
(29,32)
(31,36)
(33,34)
(33,39)
(35,101)
(35,166)
(36,153)
(37,57)
(37,68)
(38,95)
(38,117)
(40,52)
(40,116)
(41,70)
(42,45)
(42,68)
(44,93)
(44,137)
(46,77)
(46,145)
(47,56)
(47,80)
(48,53)
(48,59)
(51,71)
(51,91)
(53,75)
(55,73)
(58,93)
(59,67)
(59,101)
(60,68)
(60,100)
(61,75)
(63,101)
(64,103)
(65,84)
(65,90)
(65,103)
(66,110)
(68,80)
(69,100)
(73,74)
(74,76)
(74,88)
(74,92)
(75,87)
(76,131)
(76,134)
(76,141)
(78,100)
(79,100)
(81,145)
(83,137)
(86,118)
(86,135)
(86,165)
(88,145)
(89,94)
(89,100)
(91,109)
(91,131)
(92,123)
(92,137)
(96,153)
(97,121)
(97,135)
(98,153)
(99,103)
(102,170)
(104,124)
(104,126)
(105,111)
(105,141)
(106,128)
(106,163)
(106,172)
(107,126)
(107,153)
(108,112)
(110,145)
(112,125)
(112,138)
(112,152)
(112,156)
(112,173)
(112,175)
(113,115)
(114,149)
(114,166)
(115,141)
(116,166)
(117,130)
(119,128)
(120,153)
(122,141)
(125,135)
(126,149)
(127,156)
(128,154)
(129,175)
(130,153)
(132,153)
(132,160)
(133,150)
(133,172)
(136,140)
(136,141)
(136,155)
(139,143)
(139,155)
(139,162)
(139,170)
(141,169)
(141,176)
(142,160)
(144,163)
(146,166)
(147,176)
(148,158)
(151,164)
(151,166)
(156,158)
(156,171)
(156,177)
(157,175)
(159,168)
(161,166)
(163,171)
(167,168)
(168,173)
(169,174)
(169,178)
(170,179)
(172,178)
