Nodes: 20
Protection radius: 1.000000
Disaster radius: 0.500000
0: 0.059875 11.671987
1: 0.292934 0.830079
2: 0.935698 9.388348
3: 1.028086 13.769145
4: 2.282575 7.431635
5: 2.659213 2.227359
6: 3.409821 12.616617
7: 4.908813 5.629512
8: 5.469933 12.997526
9: 5.759813 9.756266
10: 6.363333 2.693867
11: 8.466745 9.156453
12: 8.473112 4.706627
13: 9.163354 2.323786
14: 10.549116 7.068790
15: 10.766864 9.942416
16: 12.469037 5.712469
17: 12.684103 2.512173
18: 12.975939 7.683934
19: 13.995773 0.733821
Edges
(0,1)
(0,2)
(1,10)
(1,13)
(3,6)
(3,8)
(4,5)
(4,9)
(5,10)
(6,9)
(7,10)
(7,11)
(11,15)
(12,13)
(12,16)
(13,17)
(13,19)
(14,15)
(14,18)
