Nodes: 180
Protection radius: 1.000000
Disaster radius: 0.500000
0: 0.380149 32.678249
1: 0.765230 86.463926
2: 1.501948 17.509983
3: 2.317034 8.607736
4: 2.432384 49.757859
5: 2.798324 34.903199
6: 3.090461 15.430241
7: 4.324411 42.147042
8: 4.958068 0.399365
9: 5.331506 59.453161
10: 5.875904 31.915336
11: 9.434204 70.629219
12: 9.571368 92.804463
13: 10.143855 89.345985
14: 10.348692 78.913381
15: 10.951954 13.593281
16: 11.074845 23.213414
17: 11.114255 32.053606
18: 11.177243 27.430841
19: 11.687848 16.204621
20: 11.842818 90.768438
21: 12.371650 62.496628
22: 13.126050 50.459688
23: 13.378224 82.277644
24: 13.565865 47.755673
25: 13.976429 41.468330
26: 14.242401 25.888041
27: 14.622614 77.983332
28: 14.666567 31.412948
29: 14.928671 67.777124
30: 15.910537 61.042971
31: 16.774475 57.165098
32: 17.239881 13.639374
33: 17.375583 49.999643
34: 17.652875 88.227507
35: 18.456261 28.000837
36: 18.824321 11.309793
37: 20.350036 92.532769
38: 20.740642 41.399745
39: 20.815151 57.503120
40: 21.288138 82.228196
41: 21.420736 79.226382
42: 22.219266 76.176406
43: 22.476892 84.998155
44: 22.639839 1.347010
45: 24.310834 81.446087
46: 24.717840 54.140863
47: 25.263888 50.415377
48: 25.332889 6.147404
49: 25.390487 83.352452
50: 25.675275 91.907840
51: 26.451661 28.063890
52: 27.453326 34.588769
53: 27.563785 50.922098
54: 28.143478 17.245705
55: 28.288034 63.313721
56: 28.372451 13.080592
57: 29.044262 7.092708
58: 29.509725 61.252239
59: 30.665127 89.537830
60: 30.767146 45.510968
61: 31.308102 14.530872
62: 32.034125 1.637789
63: 32.793468 73.941296
64: 32.945532 62.964740
65: 33.507764 79.396995
66: 33.823119 12.167830
67: 34.608934 19.478909
68: 34.667378 38.829200
69: 34.787443 45.125985
70: 35.147776 70.816029
71: 35.177996 68.116698
72: 36.328437 64.297168
73: 36.941405 47.882350
74: 37.021513 39.465278
75: 37.236084 37.052541
76: 37.533659 43.596344
77: 38.042798 31.808723
78: 38.283960 52.366204
79: 38.660950 86.785774
80: 39.186089 65.622404
81: 39.402632 91.856403
82: 40.323654 3.075301
83: 40.690064 63.615847
84: 40.915648 78.265900
85: 41.251948 11.461722
86: 41.351300 18.472883
87: 41.681477 67.531005
88: 42.734847 52.538259
89: 43.270446 44.152235
90: 43.515328 88.988826
91: 44.559005 32.268194
92: 44.815194 75.274787
93: 45.007856 24.677850
94: 45.949207 47.159093
95: 46.078369 40.816596
96: 47.806787 19.950671
97: 47.897192 36.113272
98: 48.796882 28.599043
99: 49.522900 39.414314
100: 49.552233 88.253064
101: 49.752646 8.100642
102: 49.893449 80.299557
103: 51.490287 84.721588
104: 52.052623 6.804883
105: 53.169866 40.675528
106: 53.416081 68.694615
107: 53.632317 16.950749
108: 55.128750 36.956657
109: 56.599880 0.712637
110: 56.701415 70.424576
111: 57.492645 38.084452
112: 57.604539 72.681435
113: 58.383353 9.888271
114: 58.512109 6.075133
115: 58.696089 52.764856
116: 59.684748 12.083938
117: 59.961316 44.617477
118: 61.487554 61.171623
119: 61.514865 48.954830
120: 62.798182 63.892222
121: 63.740176 73.935572
122: 64.420620 52.255517
123: 64.863565 69.417877
124: 65.220178 35.866667
125: 66.598708 56.025943
126: 66.670253 28.395689
127: 66.756086 15.345603
128: 67.126719 45.111628
129: 67.260976 67.253144
130: 67.847854 8.039146
131: 68.135477 76.421302
132: 68.671735 50.615060
133: 68.811051 69.193113
134: 69.027609 62.658461
135: 69.195889 90.627261
136: 69.769623 17.293744
137: 71.097395 48.874062
138: 71.516325 77.442057
139: 73.115564 86.182724
140: 73.317092 21.378193
141: 73.704520 17.098951
142: 75.313446 39.251633
143: 75.504852 65.409075
144: 76.324340 81.380756
145: 76.384860 53.533965
146: 77.016352 59.613897
147: 78.185513 8.656704
148: 78.562254 67.963160
149: 78.730354 45.630773
150: 79.103699 91.856953
151: 79.405725 56.497588
152: 79.422006 76.794046
153: 80.765070 58.572369
154: 81.035418 78.515620
155: 81.125281 25.768550
156: 81.170807 75.206468
157: 81.306485 84.001283
158: 81.363081 50.952583
159: 81.410231 12.608048
160: 82.266138 44.479801
161: 84.063950 29.942156
162: 84.232364 52.830851
163: 84.712330 58.747586
164: 84.762601 2.499170
165: 86.447368 77.445430
166: 86.525447 71.080497
167: 87.123356 36.465331
168: 87.792247 73.767503
169: 87.816852 47.187933
170: 88.852781 64.012741
171: 88.878127 31.301990
172: 89.308058 44.870261
173: 89.737340 8.207642
174: 89.858637 16.976218
175: 89.999296 21.164022
176: 91.226188 52.971528
177: 91.845155 86.480254
178: 92.875671 92.179991
179: 92.921392 40.576524
Edges
(0,9)
(0,12)
(0,21)
(1,4)
(1,12)
(2,10)
(3,8)
(5,10)
(5,17)
(5,22)
(6,8)
(6,15)
(6,26)
(6,51)
(6,62)
(6,77)
(7,29)
(9,14)
(9,27)
(11,20)
(11,23)
(13,14)
(15,48)
(16,39)
(16,47)
(16,78)
(17,24)
(18,39)
(19,77)
(23,37)
(24,30)
(24,31)
(25,31)
(25,33)
(25,39)
(27,53)
(28,46)
(29,30)
(29,46)
(29,53)
(32,61)
(32,62)
(34,53)
(34,59)
(34,179)
(35,73)
(36,62)
(37,150)
(38,53)
(38,60)
(40,132)
(40,137)
(41,55)
(42,53)
(43,45)
(44,62)
(45,160)
(49,59)
(50,59)
(51,52)
(52,69)
(52,75)
(53,58)
(54,61)
(54,67)
(54,91)
(55,63)
(56,57)
(57,61)
(57,66)
(59,65)
(60,63)
(60,64)
(63,71)
(63,89)
(63,104)
(65,158)
(68,73)
(68,78)
(70,94)
(70,119)
(72,94)
(72,114)
(74,78)
(76,77)
(78,91)
(79,90)
(80,94)
(80,111)
(80,136)
(81,90)
(81,100)
(82,86)
(83,119)
(83,124)
(83,126)
(84,90)
(85,101)
(85,104)
(86,104)
(87,122)
(88,95)
(89,98)
(89,107)
(89,109)
(90,102)
(91,93)
(92,110)
(94,105)
(94,108)
(95,108)
(95,127)
(96,104)
(97,130)
(99,108)
(102,112)
(102,120)
(102,138)
(102,144)
(102,156)
(102,158)
(103,135)
(106,110)
(106,158)
(113,114)
(114,147)
(115,119)
(116,130)
(117,122)
(118,145)
(118,179)
(121,131)
(121,133)
(122,136)
(122,137)
(122,161)
(123,133)
(123,134)
(123,179)
(125,179)
(128,140)
(128,141)
(128,142)
(129,143)
(129,153)
(129,156)
(129,165)
(129,170)
(129,176)
(130,136)
(132,160)
(135,144)
(135,150)
(136,141)
(139,154)
(141,155)
(146,151)
(146,169)
(146,172)
(148,168)
(149,174)
(152,154)
(154,157)
(154,165)
(155,164)
(159,164)
(160,171)
(160,179)
(162,169)
(163,170)
(165,178)
(166,168)
(167,179)
(168,170)
(170,177)
(172,176)
(173,174)
(174,179)
(175,179)
