Nodes: 100
Protection radius: 1.000000
Disaster radius: 0.500000
0: 0.122787 52.312579
1: 0.174269 35.915170
2: 0.990884 5.759747
3: 2.780882 17.192695
4: 2.960692 27.862887
5: 2.976219 7.887330
6: 3.132724 33.863194
7: 3.216223 22.314828
8: 3.313558 0.368571
9: 3.767159 38.256730
10: 3.775868 51.975162
11: 4.111462 19.697660
12: 6.117909 17.496957
13: 6.299668 45.060404
14: 7.033686 25.772184
15: 7.104267 46.923777
16: 7.463506 56.581783
17: 7.847730 53.986327
18: 8.184959 50.127531
19: 8.919159 48.003539
20: 9.099258 16.430646
21: 9.399609 9.914717
22: 9.661479 26.719153
23: 12.121578 27.683062
24: 12.164023 39.790305
25: 12.267702 24.865713
26: 13.190677 49.076167
27: 13.201909 13.540109
28: 13.672823 6.192442
29: 14.010240 25.965348
30: 14.424201 17.786880
31: 14.473322 44.340483
32: 15.076941 29.595188
33: 15.612341 42.533896
34: 15.935671 7.431568
35: 16.404088 14.531349
36: 16.546450 47.978800
37: 17.553861 43.057935
38: 17.785811 0.068484
39: 18.061891 56.800627
40: 18.150629 25.633542
41: 18.505480 47.444117
42: 20.194839 32.883597
43: 20.495519 12.441971
44: 21.301943 48.642593
45: 21.744979 30.436323
46: 22.989130 4.234248
47: 23.397583 9.631435
48: 23.437733 22.590286
49: 24.605956 47.419132
50: 25.521575 4.023061
51: 26.848349 28.742419
52: 27.107413 40.444801
53: 28.165963 55.179785
54: 28.185124 57.941620
55: 28.810903 7.773400
56: 29.865271 23.861224
57: 30.202158 55.838513
58: 30.476411 14.808587
59: 31.684224 51.953531
60: 32.157790 42.323736
61: 32.176460 32.633896
62: 32.224376 6.404276
63: 34.770778 28.098297
64: 37.945348 28.656781
65: 39.491240 45.408854
66: 40.131070 50.492760
67: 40.177695 24.959890
68: 40.322014 12.180491
69: 40.966544 40.429241
70: 41.124363 15.707948
71: 41.295277 19.961222
72: 42.165691 23.672828
73: 42.394237 55.396787
74: 42.601752 51.881033
75: 42.805641 45.185127
76: 43.627414 2.899717
77: 44.679049 20.503310
78: 44.709054 37.478355
79: 44.909923 30.632420
80: 45.506546 13.616527
81: 46.204548 41.263849
82: 46.479086 34.697079
83: 47.337143 2.644726
84: 47.419198 27.880043
85: 48.186372 50.219681
86: 48.523173 17.844191
87: 48.759103 33.818879
88: 49.398869 54.630140
89: 50.077574 5.465238
90: 51.007367 29.550263
91: 51.442193 17.104118
92: 51.659066 26.767443
93: 52.446608 45.304324
94: 54.054810 12.722120
95: 54.242742 49.309322
96: 54.697176 45.680815
97: 54.935760 18.708297
98: 57.050567 57.442332
99: 57.510836 24.262634
Edges
(0,10)
(1,7)
(1,9)
(2,3)
(2,8)
(3,7)
(3,11)
(3,12)
(4,6)
(4,14)
(5,8)
(6,24)
(8,21)
(8,38)
(9,24)
(10,16)
(10,18)
(13,24)
(14,22)
(14,25)
(15,18)
(17,18)
(17,26)
(18,19)
(20,21)
(21,27)
(23,24)
(23,29)
(24,33)
(26,31)
(26,36)
(27,28)
(27,34)
(29,32)
(29,40)
(30,35)
(33,37)
(33,42)
(34,35)
(34,46)
(35,43)
(36,39)
(36,44)
(38,83)
(39,53)
(41,44)
(42,45)
(42,52)
(44,49)
(46,47)
(47,55)
(47,58)
(48,51)
(48,56)
(49,52)
(50,62)
(50,76)
(51,61)
(52,61)
(53,54)
(53,57)
(54,73)
(59,60)
(60,61)
(60,65)
(60,69)
(61,63)
(61,64)
(64,67)
(65,66)
(66,75)
(68,80)
(69,81)
(70,71)
(71,77)
(72,84)
(73,74)
(73,98)
(76,83)
(77,80)
(77,84)
(77,92)
(78,79)
(78,81)
(78,82)
(79,87)
(80,86)
(80,94)
(81,85)
(85,95)
(88,98)
(89,94)
(90,96)
(91,92)
(91,97)
(92,99)
(93,95)
(96,98)
(98,99)
