Nodes: 20
Protection radius: 1.000000
Disaster radius: 0.500000
0: 0.032302 8.660505
1: 0.386378 1.600507
2: 0.408335 4.804596
3: 1.458218 7.175612
4: 2.591081 11.308072
5: 3.028612 1.021312
6: 5.289612 10.037903
7: 5.429604 6.647111
8: 6.384851 4.634009
9: 7.514572 14.577058
10: 8.161835 1.844596
11: 8.573346 6.825636
12: 8.732832 10.638344
13: 8.776118 4.336033
14: 11.170903 1.514724
15: 11.174198 6.747830
16: 12.068485 11.627369
17: 13.502540 0.858895
18: 14.168723 9.166207
19: 14.754890 14.543533
Edges
(0,1)
(0,2)
(0,3)
(0,4)
(2,5)
(2,8)
(3,7)
(4,6)
(5,10)
(5,14)
(5,17)
(6,11)
(8,13)
(9,12)
(9,16)
(10,14)
(11,13)
(13,15)
(14,17)
(15,16)
(15,17)
(15,18)
(16,19)
