Nodes: 100
Protection radius: 1.000000
Disaster radius: 0.500000
0: 0.324957 16.545238
1: 0.428021 53.147987
2: 1.006691 3.607435
3: 1.180780 29.504986
4: 1.687299 39.448032
5: 2.244889 48.175113
6: 2.353533 52.138235
7: 2.811876 5.505938
8: 2.960727 44.698057
9: 3.011170 37.863709
10: 3.598908 17.266571
11: 4.957320 5.222074
12: 5.666868 25.888893
13: 6.095537 53.808999
14: 6.579894 6.613690
15: 6.635283 44.074261
16: 6.638588 29.533118
17: 6.711086 59.851606
18: 8.437227 5.407267
19: 8.679360 51.320763
20: 9.836498 15.193216
21: 9.853728 60.451382
22: 10.775918 31.222222
23: 11.400569 33.383299
24: 11.422520 35.833497
25: 12.309251 24.030683
26: 13.159193 48.187492
27: 13.231175 16.264777
28: 13.527725 39.029465
29: 14.495603 0.916394
30: 15.921362 49.135751
31: 17.506158 0.869451
32: 18.271411 39.708360
33: 19.070406 18.224677
34: 19.088727 28.430832
35: 20.619633 9.599315
36: 21.008530 47.765774
37: 21.785794 51.933304
38: 21.792245 49.738293
39: 22.882149 19.814120
40: 23.644004 59.647733
41: 24.531209 46.523272
42: 24.532172 43.022195
43: 24.807055 13.842394
44: 24.994827 54.558886
45: 25.641101 5.977087
46: 26.034382 56.612270
47: 27.153715 51.656108
48: 28.036459 32.082215
49: 28.576009 36.180509
50: 29.001944 9.801611
51: 29.252757 42.707325
52: 31.647442 48.638832
53: 32.202519 41.348742
54: 32.246276 30.401654
55: 34.055252 43.197097
56: 34.671408 54.863390
57: 35.138858 9.800835
58: 35.242690 18.172333
59: 36.486011 58.229032
60: 38.030148 31.502585
61: 38.224819 18.302763
62: 38.554558 22.108593
63: 39.956312 54.209264
64: 40.031305 40.364919
65: 40.670118 17.847720
66: 42.079576 12.857869
67: 42.445877 53.031287
68: 43.629078 1.107468
69: 44.005282 23.820407
70: 44.436280 12.665604
71: 46.515696 40.971464
72: 46.822846 37.314310
73: 46.875908 10.293100
74: 48.430983 44.812268
75: 49.050814 49.402495
76: 49.919576 24.931263
77: 50.110941 60.922477
78: 50.407629 54.197843
79: 50.892742 57.962954
80: 52.243117 7.398900
81: 52.510247 59.671030
82: 52.823029 53.134122
83: 52.880294 19.848541
84: 53.206619 13.093319
85: 53.271712 27.441562
86: 53.552196 38.838443
87: 53.660405 32.952301
88: 55.105369 11.052981
89: 55.290428 2.447301
90: 55.973137 46.467374
91: 56.645144 59.837911
92: 56.877184 8.478035
93: 57.467492 29.161771
94: 57.637997 35.697879
95: 57.642418 5.364703
96: 58.719664 47.943345
97: 58.832405 17.277499
98: 60.270657 8.848137
99: 60.314534 25.724010
Edges
(0,10)
(0,14)
(0,16)
(1,4)
(1,15)
(1,28)
(2,7)
(2,11)
(2,29)
(3,16)
(4,9)
(4,25)
(5,9)
(5,15)
(5,34)
(6,13)
(6,17)
(6,32)
(7,14)
(7,68)
(8,23)
(8,24)
(8,25)
(9,25)
(10,14)
(11,31)
(12,25)
(13,17)
(13,49)
(13,95)
(14,25)
(17,21)
(17,84)
(18,20)
(18,27)
(18,57)
(18,73)
(19,62)
(20,25)
(21,37)
(21,42)
(21,77)
(22,25)
(22,33)
(23,73)
(24,34)
(25,35)
(26,49)
(28,32)
(28,34)
(28,48)
(30,88)
(30,92)
(33,66)
(35,50)
(36,40)
(36,81)
(38,47)
(39,66)
(41,55)
(41,81)
(42,60)
(42,72)
(42,87)
(43,50)
(43,66)
(44,46)
(44,47)
(45,68)
(47,59)
(47,81)
(48,58)
(48,61)
(48,62)
(48,65)
(49,92)
(49,95)
(50,73)
(51,53)
(51,55)
(52,81)
(53,75)
(54,95)
(55,67)
(56,81)
(58,61)
(58,70)
(58,80)
(59,77)
(60,69)
(61,65)
(61,95)
(63,81)
(64,72)
(65,95)
(67,75)
(67,79)
(67,81)
(67,82)
(67,91)
(68,95)
(69,76)
(69,84)
(69,85)
(69,87)
(69,93)
(70,95)
(71,74)
(71,75)
(71,87)
(74,75)
(75,82)
(75,93)
(76,84)
(76,85)
(77,81)
(78,82)
(82,99)
(83,84)
(83,85)
(84,85)
(84,93)
(86,93)
(86,99)
(88,92)
(88,93)
(89,95)
(90,91)
(91,94)
(91,99)
(92,97)
(94,99)
(96,99)
(97,98)
(97,99)
