Nodes: 100
Protection radius: 1.000000
Disaster radius: 0.500000
0: 1.045787 33.778963
1: 1.066264 30.919451
2: 1.169176 44.587222
3: 1.185664 6.561038
4: 1.342003 3.743187
5: 1.492276 20.230876
6: 1.553516 24.274227
7: 4.947174 35.685572
8: 5.351011 6.013438
9: 6.102386 41.274061
10: 6.658441 25.821666
11: 6.670294 33.598082
12: 8.368998 6.456993
13: 8.639093 27.887021
14: 8.913535 16.336904
15: 9.339255 39.162883
16: 9.605023 54.751801
17: 10.500027 19.870878
18: 10.975016 51.731780
19: 12.219855 23.458093
20: 12.234017 45.343907
21: 12.721188 28.829393
22: 13.364564 26.850758
23: 13.552561 55.253839
24: 14.772962 17.578870
25: 14.965003 51.497662
26: 15.669848 21.482426
27: 17.985766 32.029572
28: 18.381146 52.746211
29: 18.416156 6.955141
30: 18.702127 39.470418
31: 18.862287 41.758526
32: 19.217910 48.308254
33: 20.222079 35.164596
34: 20.608131 5.278695
35: 22.361407 3.857249
36: 22.567119 19.233918
37: 23.239089 23.701096
38: 23.290770 35.841396
39: 24.628606 21.151690
40: 24.728229 47.321538
41: 24.793259 56.574921
42: 24.802347 40.484276
43: 26.861828 47.419752
44: 27.625789 42.583486
45: 28.056891 22.891175
46: 30.384482 25.059732
47: 30.384804 34.958730
48: 30.875595 3.059895
49: 31.156698 48.553250
50: 32.492589 19.545956
51: 32.575089 15.106076
52: 33.071270 25.876351
53: 33.995420 37.206037
54: 34.055188 52.510650
55: 34.237007 18.065432
56: 35.352256 56.390986
57: 35.639766 46.042657
58: 36.352842 54.327992
59: 36.820806 15.269600
60: 36.854940 49.434476
61: 37.625014 9.327928
62: 38.107032 23.412055
63: 38.329698 20.837823
64: 38.815978 46.006935
65: 38.970696 25.698393
66: 39.021845 52.419048
67: 40.410070 38.601101
68: 40.809536 12.317019
69: 41.402103 27.494150
70: 41.425982 23.488104
71: 41.464849 45.258179
72: 41.885118 5.815863
73: 42.158407 14.514433
74: 43.422172 49.848853
75: 44.434718 27.492878
76: 44.538919 36.248780
77: 45.148775 44.046286
78: 45.465891 22.509135
79: 46.202035 18.372533
80: 46.600377 34.333252
81: 46.709268 42.346073
82: 47.037221 14.509656
83: 47.515971 2.881006
84: 47.942200 53.962631
85: 48.803065 37.993999
86: 49.400790 40.586940
87: 50.906205 34.874155
88: 51.752697 9.764334
89: 51.822798 4.568787
90: 52.213320 56.155064
91: 52.807530 31.082142
92: 53.455114 27.645094
93: 53.677316 11.109041
94: 54.920748 46.139793
95: 55.048195 7.546385
96: 55.474967 28.958312
97: 55.584570 49.985936
98: 55.829487 16.473324
99: 56.363306 19.083097
Edges
(0,2)
(0,7)
(1,13)
(2,7)
(2,20)
(3,5)
(3,14)
(4,12)
(5,6)
(5,17)
(6,10)
(7,9)
(7,11)
(7,15)
(8,14)
(10,13)
(10,19)
(11,21)
(12,14)
(12,24)
(12,34)
(13,19)
(13,22)
(15,20)
(15,21)
(15,27)
(16,23)
(17,19)
(17,24)
(17,26)
(18,20)
(18,25)
(19,22)
(20,30)
(22,26)
(23,25)
(24,36)
(25,32)
(27,33)
(28,41)
(29,34)
(30,31)
(30,42)
(31,32)
(33,38)
(34,35)
(34,36)
(34,51)
(36,39)
(37,39)
(38,42)
(38,46)
(38,47)
(39,45)
(39,50)
(39,51)
(40,43)
(40,44)
(41,49)
(41,54)
(41,56)
(43,49)
(44,49)
(44,53)
(44,57)
(45,50)
(46,47)
(47,53)
(48,51)
(48,61)
(48,72)
(49,54)
(49,57)
(50,51)
(50,52)
(50,55)
(50,62)
(52,53)
(52,62)
(52,65)
(53,57)
(53,65)
(53,67)
(54,56)
(54,58)
(55,63)
(56,58)
(56,84)
(59,73)
(60,66)
(60,74)
(61,68)
(62,65)
(63,73)
(64,67)
(64,71)
(65,69)
(66,74)
(67,69)
(67,71)
(68,72)
(68,73)
(68,82)
(69,80)
(70,75)
(70,78)
(70,79)
(72,83)
(72,88)
(73,79)
(74,84)
(75,78)
(75,92)
(76,80)
(76,81)
(77,81)
(80,87)
(80,91)
(81,86)
(82,88)
(82,98)
(83,89)
(84,90)
(84,94)
(84,97)
(85,86)
(85,87)
(86,94)
(87,96)
(90,97)
(91,96)
(92,99)
(93,95)
(93,98)
(96,97)
(96,99)
