Nodes: 100
Protection radius: 1.000000
Disaster radius: 0.500000
0: 0.124828 39.158825
1: 1.233719 26.222349
2: 1.285503 47.688746
3: 2.279831 13.541209
4: 2.333824 33.829207
5: 2.652706 36.070620
6: 4.588039 33.519083
7: 4.873039 17.938912
8: 5.124601 30.326307
9: 5.574386 42.980144
10: 6.130470 4.483597
11: 6.830004 15.684189
12: 6.916794 50.946037
13: 7.298728 35.417277
14: 7.504998 21.399755
15: 8.668171 37.294807
16: 9.464995 52.345704
17: 9.539107 1.122057
18: 10.826158 44.803960
19: 11.865037 26.904767
20: 12.161525 52.334664
21: 13.014978 12.053521
22: 13.117628 39.802623
23: 13.208946 8.316993
24: 14.342780 34.907848
25: 14.543483 3.546331
26: 15.562497 22.054628
27: 15.808130 41.287322
28: 17.175752 2.688658
29: 18.834239 15.932958
30: 19.099718 46.108104
31: 19.499130 52.469726
32: 21.188824 42.565754
33: 21.732309 34.225203
34: 21.959623 45.867615
35: 23.942518 53.576419
36: 23.983031 34.600230
37: 24.423389 48.131821
38: 24.643643 29.744512
39: 24.971251 2.742661
40: 25.446752 43.397733
41: 28.046337 14.127146
42: 29.100602 28.546732
43: 29.667161 32.016927
44: 29.675305 38.648604
45: 30.084878 44.691243
46: 30.606583 14.105974
47: 31.441295 23.133632
48: 31.574336 41.819395
49: 32.433170 30.186856
50: 33.028355 18.693969
51: 33.395426 33.177019
52: 33.511092 1.782347
53: 33.947907 13.220039
54: 34.014004 26.896556
55: 34.091971 23.943786
56: 34.641140 17.338404
57: 35.022918 11.351176
58: 35.968642 5.197091
59: 37.038569 38.520320
60: 37.849136 14.202510
61: 38.052828 36.786425
62: 38.568905 7.791655
63: 38.576471 33.295184
64: 38.592714 18.377073
65: 39.136757 28.487551
66: 40.277824 49.446782
67: 40.376837 35.848068
68: 41.624538 10.431818
69: 42.563293 30.648248
70: 42.616778 6.275435
71: 42.701769 39.774785
72: 42.964551 53.898022
73: 43.292066 18.901209
74: 43.471247 33.913762
75: 43.886451 37.014443
76: 44.531353 29.571017
77: 44.581137 8.495339
78: 44.700462 23.299284
79: 45.724947 43.621899
80: 46.410946 21.397721
81: 46.731731 11.529864
82: 46.954026 34.121439
83: 47.199245 4.262006
84: 48.125548 7.228682
85: 48.451150 53.027057
86: 48.679606 38.689360
87: 48.703380 20.629992
88: 48.762152 26.524664
89: 49.463473 11.889286
90: 49.888334 1.578271
91: 50.206603 43.717315
92: 50.233420 50.830173
93: 50.757008 25.554271
94: 50.840342 20.077830
95: 50.840806 5.841573
96: 52.280297 45.617257
97: 52.612520 4.591551
98: 53.486139 23.852241
99: 53.899758 28.121709
Edges
(0,2)
(1,7)
(2,4)
(3,17)
(4,7)
(4,23)
(5,8)
(6,13)
(7,11)
(8,13)
(9,12)
(9,15)
(10,17)
(11,14)
(12,23)
(13,23)
(16,19)
(16,20)
(16,23)
(17,43)
(17,47)
(17,50)
(17,52)
(18,22)
(19,26)
(19,38)
(20,30)
(20,35)
(21,66)
(21,72)
(22,40)
(23,29)
(24,45)
(24,72)
(25,50)
(27,30)
(27,37)
(28,41)
(31,72)
(32,40)
(32,72)
(33,45)
(34,72)
(36,72)
(37,72)
(38,44)
(39,83)
(41,58)
(41,70)
(42,43)
(43,79)
(46,57)
(46,73)
(48,72)
(49,51)
(49,54)
(49,55)
(49,56)
(49,64)
(49,65)
(49,71)
(51,61)
(51,79)
(53,60)
(53,68)
(53,77)
(53,83)
(57,70)
(59,66)
(62,83)
(63,67)
(64,67)
(64,73)
(66,79)
(69,73)
(71,75)
(73,83)
(74,75)
(75,78)
(76,81)
(76,82)
(79,87)
(80,84)
(80,87)
(82,87)
(85,86)
(85,89)
(85,92)
(85,96)
(85,98)
(85,99)
(87,90)
(88,90)
(89,90)
(89,97)
(91,99)
(93,98)
(94,97)
(95,97)
