Nodes: 100
Protection radius: 1.000000
Disaster radius: 0.500000
0: 0.464119 25.155144
1: 0.615291 36.369011
2: 0.622001 20.041901
3: 0.709167 9.276072
4: 1.872390 21.686490
5: 2.182950 15.311407
6: 2.733613 4.176100
7: 3.794227 16.855318
8: 3.820295 47.033683
9: 4.457507 38.135222
10: 4.982990 57.522484
11: 4.986333 51.325014
12: 6.793309 16.746705
13: 7.521052 47.996600
14: 7.719260 50.109905
15: 8.106628 37.044213
16: 9.097230 27.210294
17: 10.089347 57.453449
18: 10.180332 17.899088
19: 10.665291 1.779094
20: 11.542410 34.945280
21: 12.683327 18.564578
22: 12.909393 46.522963
23: 13.350204 33.496444
24: 13.612734 53.294376
25: 13.680961 28.073311
26: 14.526967 42.170977
27: 14.903949 49.769827
28: 15.536967 10.421832
29: 15.541449 18.322795
30: 16.108446 30.561325
31: 17.389570 41.130080
32: 17.776244 49.926244
33: 17.900295 46.365036
34: 18.525799 20.297061
35: 18.979441 11.070141
36: 19.939383 3.778852
37: 20.682424 54.405091
38: 20.935767 21.979878
39: 21.039242 19.616166
40: 22.035887 38.815486
41: 23.794751 1.932015
42: 24.008177 23.684360
43: 24.064841 3.944540
44: 24.463274 10.026915
45: 25.042346 57.358640
46: 25.088750 50.773355
47: 25.402694 19.242567
48: 25.798180 35.962294
49: 27.338448 26.446359
50: 27.515653 17.458599
51: 27.553722 30.282444
52: 28.054242 13.972205
53: 28.378374 9.151866
54: 28.518352 56.291972
55: 29.243820 25.630796
56: 29.348718 6.738612
57: 30.239655 27.802567
58: 31.258488 19.648633
59: 31.539197 13.437766
60: 32.364698 36.470465
61: 33.762920 54.627878
62: 35.520764 10.840241
63: 35.848464 48.047446
64: 36.591745 32.622710
65: 36.727583 8.780560
66: 37.519931 13.135897
67: 38.479829 54.989122
68: 38.757720 9.427288
69: 38.865437 48.200169
70: 39.171505 36.244821
71: 39.252723 31.651838
72: 40.436760 22.975246
73: 41.220313 30.061966
74: 41.240333 13.540886
75: 42.570809 16.907601
76: 43.410143 30.291441
77: 44.350536 40.484124
78: 45.025381 23.153979
79: 46.163596 25.077043
80: 47.071128 45.327603
81: 47.468069 52.614411
82: 49.452624 17.485016
83: 49.504907 56.657728
84: 49.513407 23.017913
85: 50.156027 31.529230
86: 50.442670 5.627692
87: 50.781407 13.400845
88: 51.601503 56.954762
89: 51.918469 20.225076
90: 52.200221 4.435587
91: 52.243721 54.402404
92: 52.515973 40.983682
93: 52.541202 32.569902
94: 52.900393 38.298995
95: 53.538345 2.418941
96: 53.746327 21.327427
97: 55.145596 43.943252
98: 56.412873 14.068091
99: 56.686762 29.225808
Edges
(0,3)
(1,8)
(2,3)
(3,5)
(4,7)
(4,16)
(4,18)
(5,12)
(6,28)
(8,9)
(8,13)
(9,15)
(10,11)
(10,17)
(11,13)
(12,28)
(14,22)
(14,24)
(15,16)
(16,20)
(17,24)
(17,37)
(18,21)
(19,28)
(19,41)
(20,23)
(20,31)
(21,28)
(22,33)
(23,40)
(24,27)
(25,38)
(26,33)
(27,32)
(29,34)
(29,39)
(30,38)
(30,48)
(30,51)
(35,44)
(36,41)
(38,47)
(39,44)
(40,48)
(41,95)
(42,47)
(43,53)
(44,53)
(45,88)
(46,63)
(47,50)
(47,52)
(47,58)
(49,57)
(52,53)
(53,56)
(54,61)
(54,67)
(54,83)
(55,58)
(55,72)
(57,60)
(58,59)
(60,64)
(60,70)
(62,66)
(62,68)
(63,70)
(65,86)
(66,74)
(66,75)
(69,70)
(69,77)
(69,81)
(70,71)
(71,73)
(72,73)
(72,75)
(73,79)
(74,87)
(75,78)
(76,79)
(76,85)
(77,92)
(79,84)
(80,91)
(81,91)
(82,87)
(83,91)
(84,96)
(85,99)
(86,87)
(88,91)
(89,96)
(90,98)
(93,94)
(93,99)
(94,97)
(96,98)
