Nodes: 180
Protection radius: 1.000000
Disaster radius: 0.500000
0: 2.663304 20.339265
1: 3.056214 98.082415
2: 3.067992 66.043562
3: 3.097898 16.725213
4: 3.113561 75.631038
5: 3.625705 32.098230
6: 4.474214 87.414468
7: 5.188950 49.407506
8: 5.702012 10.045105
9: 6.141047 23.272734
10: 6.527636 57.707691
11: 7.084982 73.350164
12: 7.112568 40.801453
13: 7.499024 97.280699
14: 7.727830 9.775873
15: 8.160057 60.788553
16: 9.783465 19.738252
17: 10.379679 53.881708
18: 11.329347 92.813947
19: 11.484316 50.033311
20: 11.933015 70.966353
21: 12.798371 59.473698
22: 12.798496 88.239698
23: 13.026672 17.845284
24: 13.039892 76.050766
25: 13.552199 48.174507
26: 13.594158 36.821782
27: 13.881797 80.627199
28: 15.249372 59.287157
29: 15.349167 37.916347
30: 16.276227 8.365624
31: 16.408428 32.418334
32: 16.445435 74.434410
33: 16.939816 93.348886
34: 17.175564 42.195554
35: 17.548046 2.448125
36: 18.559737 52.722215
37: 18.690669 32.138734
38: 18.808483 18.297892
39: 19.503849 82.839834
40: 19.536892 43.490077
41: 20.183143 10.611634
42: 20.644406 7.075917
43: 22.666975 97.008979
44: 22.869194 28.057977
45: 24.385788 76.453809
46: 24.805545 60.912279
47: 24.808510 13.644529
48: 25.048493 92.907093
49: 25.402847 74.347457
50: 25.847236 35.692783
51: 25.966757 96.819724
52: 26.045827 52.384790
53: 28.030408 21.112812
54: 28.151026 43.338548
55: 28.193760 55.751869
56: 28.661725 73.547210
57: 28.909526 61.033518
58: 29.958817 63.488289
59: 29.959423 66.612384
60: 30.882483 77.178150
61: 31.240534 55.397970
62: 31.389109 61.924248
63: 32.257870 16.565732
64: 32.637527 2.443253
65: 33.382386 68.025005
66: 33.737609 88.795169
67: 34.436487 5.390296
68: 34.451843 25.745303
69: 34.467724 65.225936
70: 34.654453 15.910758
71: 35.226419 73.866121
72: 35.304472 44.869752
73: 35.335763 59.375959
74: 35.591210 42.454255
75: 35.782400 68.302962
76: 35.806598 32.638403
77: 36.560606 85.565312
78: 37.218647 61.840900
79: 38.074736 11.118885
80: 39.211668 16.405140
81: 39.290554 20.270848
82: 40.597638 27.861759
83: 40.909683 11.150905
84: 41.610772 23.514471
85: 41.612629 90.852048
86: 41.691656 62.368242
87: 43.249578 96.523946
88: 45.054955 29.286689
89: 45.524883 72.620935
90: 45.781801 24.909120
91: 47.370930 45.071852
92: 47.633898 57.130466
93: 48.170390 76.490721
94: 48.175086 74.490113
95: 48.235147 38.991626
96: 49.548793 25.644896
97: 49.777547 85.201271
98: 49.830989 1.319585
99: 50.321659 70.336029
100: 50.960697 89.975507
101: 52.005679 19.913712
102: 52.649215 29.455534
103: 52.921916 0.135782
104: 54.032568 77.852915
105: 54.140895 57.771405
106: 54.160899 96.192944
107: 54.913174 24.660614
108: 55.128068 33.295889
109: 55.606495 60.560204
110: 56.346487 75.013772
111: 56.537299 41.079594
112: 56.850589 38.435697
113: 56.960652 97.638796
114: 57.007350 86.505695
115: 57.296136 3.708368
116: 57.645326 27.226991
117: 59.561186 44.890974
118: 59.994694 33.554521
119: 60.164951 82.611572
120: 60.320460 91.390176
121: 61.140718 62.641005
122: 61.579085 18.823470
123: 62.466403 40.381588
124: 62.562632 95.836299
125: 62.608924 85.458651
126: 62.651848 69.379621
127: 64.315974 82.375309
128: 64.379779 56.466118
129: 64.432108 79.993331
130: 64.700029 23.931878
131: 64.905189 15.456779
132: 65.465620 75.791110
133: 67.085850 52.644605
134: 69.127355 17.792743
135: 69.790472 81.082934
136: 70.740154 4.940015
137: 71.480821 66.531012
138: 71.990219 25.825168
139: 72.161379 83.269694
140: 73.211193 97.956319
141: 75.001809 78.316282
142: 75.667042 26.903912
143: 77.053319 76.728888
144: 77.835007 38.294411
145: 78.626374 29.302900
146: 79.675179 31.301339
147: 79.759134 1.099206
148: 79.880409 14.086867
149: 80.088376 76.797223
150: 81.108699 57.768174
151: 81.316745 60.921841
152: 82.747355 46.346029
153: 83.329200 55.926180
154: 83.694894 85.977886
155: 83.706578 66.001510
156: 84.803124 98.153842
157: 85.075964 16.392848
158: 87.359201 12.405312
159: 87.526656 75.233836
160: 87.691566 37.372235
161: 88.738337 15.030913
162: 89.064857 72.665414
163: 89.246401 86.808455
164: 89.286249 49.056126
165: 89.805706 43.739162
166: 89.877977 11.941114
167: 90.252660 29.268278
168: 90.345857 82.822624
169: 90.380798 60.361936
170: 91.956883 84.164913
171: 92.489382 34.590618
172: 92.774978 75.883379
173: 93.049868 64.586987
174: 93.672278 56.225317
175: 94.578128 4.240393
176: 95.212250 16.665760
177: 95.664131 79.511873
178: 97.716457 81.181417
179: 98.465324 59.792009
Edges
(0,9)
(1,2)
(1,4)
(1,43)
(1,140)
(2,4)
(2,5)
(2,15)
(2,20)
(3,8)
(3,14)
(3,16)
(4,6)
(5,9)
(5,12)
(5,31)
(6,13)
(6,22)
(7,12)
(7,19)
(8,35)
(9,16)
(9,31)
(10,21)
(11,20)
(13,33)
(14,16)
(14,23)
(14,35)
(15,21)
(16,23)
(17,19)
(17,28)
(18,33)
(20,21)
(22,27)
(23,31)
(24,27)
(25,36)
(26,29)
(26,31)
(27,39)
(28,36)
(28,46)
(29,34)
(30,35)
(30,41)
(31,37)
(31,38)
(32,39)
(32,45)
(32,46)
(32,49)
(33,39)
(35,64)
(36,46)
(37,44)
(37,50)
(38,41)
(40,54)
(41,47)
(42,47)
(42,64)
(43,48)
(44,50)
(44,53)
(44,68)
(46,57)
(46,59)
(47,64)
(47,67)
(49,56)
(49,59)
(49,60)
(50,54)
(50,74)
(51,87)
(52,61)
(53,68)
(54,74)
(55,57)
(56,60)
(58,59)
(59,65)
(60,66)
(61,72)
(62,69)
(62,73)
(63,70)
(64,98)
(65,69)
(65,75)
(66,77)
(67,79)
(68,76)
(69,78)
(70,79)
(70,81)
(71,75)
(72,74)
(72,91)
(73,78)
(74,91)
(76,95)
(77,85)
(78,86)
(79,80)
(79,83)
(81,84)
(82,88)
(84,90)
(85,87)
(85,97)
(86,89)
(86,99)
(87,106)
(88,95)
(88,96)
(89,93)
(91,92)
(91,105)
(93,97)
(94,99)
(95,108)
(97,100)
(97,104)
(98,101)
(99,109)
(99,110)
(99,121)
(99,126)
(101,107)
(102,116)
(103,115)
(104,110)
(105,117)
(106,113)
(106,120)
(107,122)
(110,119)
(110,129)
(110,132)
(111,112)
(111,123)
(112,118)
(114,125)
(115,122)
(116,130)
(117,133)
(118,123)
(118,138)
(119,129)
(122,130)
(122,134)
(124,139)
(124,140)
(125,127)
(127,135)
(128,137)
(130,134)
(131,134)
(132,135)
(132,141)
(133,137)
(133,150)
(133,152)
(134,136)
(135,141)
(136,147)
(138,142)
(142,144)
(142,157)
(143,149)
(143,155)
(144,145)
(144,146)
(144,152)
(146,160)
(148,158)
(149,155)
(150,153)
(151,153)
(151,155)
(151,169)
(152,160)
(152,164)
(153,169)
(154,156)
(154,159)
(155,159)
(158,166)
(159,172)
(161,166)
(162,172)
(163,168)
(163,170)
(163,178)
(164,165)
(165,179)
(166,175)
(166,176)
(167,176)
(168,170)
(168,172)
(169,174)
(169,179)
(170,178)
(171,179)
(172,173)
(173,179)
(174,179)
(175,176)
(176,179)
(177,178)
