Nodes: 180
Protection radius: 1.000000
Disaster radius: 0.500000
0: 0.669548 29.400262
1: 0.709400 17.217140
2: 2.208191 62.657587
3: 2.585254 87.400491
4: 2.592161 19.497868
5: 3.095892 48.216235
6: 3.766060 12.876307
7: 3.976680 91.231336
8: 4.686901 98.093145
9: 5.226752 60.782909
10: 5.627921 5.152816
11: 5.640738 72.699087
12: 5.930611 92.238441
13: 7.047092 29.444385
14: 7.339328 33.222955
15: 7.532325 9.462286
16: 8.146035 19.423648
17: 8.259928 65.201238
18: 10.756835 99.279071
19: 10.971545 10.866527
20: 13.056156 18.496009
21: 13.097114 87.935090
22: 14.668837 63.467782
23: 14.876175 27.953207
24: 15.620582 69.781568
25: 16.233338 17.920589
26: 16.385578 42.319666
27: 17.428247 19.882627
28: 17.814112 1.322996
29: 18.075986 63.473699
30: 19.109747 74.199679
31: 20.455036 47.579954
32: 20.831302 80.168187
33: 21.250891 39.301104
34: 21.867737 33.723905
35: 22.144690 62.099900
36: 22.357430 27.929526
37: 22.791221 49.418113
38: 23.440497 21.242944
39: 23.744463 42.833482
40: 23.842595 77.059957
41: 24.370836 5.487904
42: 24.872804 95.165493
43: 25.457283 20.135484
44: 25.588801 55.559246
45: 26.088783 33.815423
46: 26.113207 39.514016
47: 26.968024 79.162004
48: 27.236194 57.797449
49: 27.482258 23.880510
50: 28.095983 20.435984
51: 28.574442 10.175394
52: 28.847830 27.721142
53: 29.597770 48.286850
54: 31.556647 15.793340
55: 31.650629 44.582459
56: 32.990284 88.944201
57: 33.106023 0.858846
58: 33.551149 9.991082
59: 33.691509 20.504096
60: 34.374824 29.553435
61: 34.982805 5.418991
62: 35.071291 31.802847
63: 35.917788 18.881798
64: 36.879328 43.895533
65: 37.170795 32.630763
66: 37.384916 79.281691
67: 37.459400 23.512150
68: 38.831198 98.415557
69: 39.570015 71.172890
70: 39.919037 38.787029
71: 39.955365 89.665362
72: 40.407811 18.563438
73: 41.091716 5.816099
74: 41.661993 57.028997
75: 42.678981 98.567039
76: 43.145785 23.114830
77: 43.790483 5.607361
78: 43.912911 15.720926
79: 44.233603 89.513927
80: 45.140193 84.060629
81: 45.372569 61.467496
82: 45.744489 94.731734
83: 46.057452 78.655963
84: 46.322220 25.207010
85: 46.642986 10.535786
86: 47.144666 4.264247
87: 47.481454 33.830722
88: 48.485516 95.452527
89: 48.835841 24.431607
90: 48.897309 27.854748
91: 49.097691 72.085809
92: 50.049803 31.800229
93: 50.113003 14.640599
94: 51.298096 41.969200
95: 51.448196 62.907086
96: 51.523936 98.780678
97: 52.156711 34.348005
98: 52.753262 2.061226
99: 53.744643 47.002457
100: 54.228001 58.694824
101: 55.311775 28.953214
102: 56.140153 74.706052
103: 56.418092 80.316784
104: 56.511273 5.671947
105: 56.563315 97.373786
106: 57.016849 67.833775
107: 58.007746 14.426845
108: 58.173623 65.129382
109: 61.077703 51.756786
110: 61.269408 90.989698
111: 62.175357 26.862691
112: 62.429168 95.947194
113: 63.396909 16.800038
114: 65.143092 85.922855
115: 65.659630 9.478996
116: 66.885085 58.679762
117: 67.167338 5.584687
118: 67.299230 92.248880
119: 68.822897 24.507581
120: 69.286652 54.770569
121: 69.442001 16.957726
122: 69.859103 88.683012
123: 70.072044 39.158149
124: 70.689141 64.653054
125: 72.255538 76.932664
126: 72.617751 51.611207
127: 73.158493 7.336602
128: 73.380651 57.612402
129: 73.423245 66.052374
130: 74.390995 10.876134
131: 74.966557 88.114399
132: 75.338755 5.906223
133: 77.188422 97.780206
134: 77.690570 74.319901
135: 77.936732 58.766367
136: 77.945178 36.136404
137: 78.492456 68.312032
138: 78.572291 52.641963
139: 79.124243 72.362693
140: 79.136331 9.421880
141: 79.927262 49.904653
142: 80.496656 34.328551
143: 80.564421 7.219022
144: 80.710082 80.193309
145: 81.310221 56.631551
146: 81.325897 77.090045
147: 81.809654 12.981407
148: 82.646877 27.879203
149: 83.111369 89.285480
150: 84.457556 56.236636
151: 84.861592 72.740022
152: 85.333544 99.207910
153: 85.505725 86.394554
154: 86.167123 61.990337
155: 86.195570 31.510825
156: 87.475485 21.481053
157: 87.628253 72.337805
158: 87.893806 96.923959
159: 88.151335 29.567147
160: 88.721837 79.562094
161: 89.522490 9.433839
162: 90.044833 27.364138
163: 90.708513 72.756193
164: 91.034714 76.733284
165: 91.410758 81.404398
166: 91.446350 55.509197
167: 92.510247 74.494078
168: 92.850067 43.679348
169: 92.896398 34.500047
170: 92.945700 50.549594
171: 93.465085 40.059123
172: 93.501162 67.018048
173: 93.519042 70.229177
174: 94.582411 55.989075
175: 96.593389 44.807780
176: 97.391573 50.562930
177: 97.526029 1.004069
178: 97.712294 58.618653
179: 97.796333 6.198702
Edges
(0,1)
(0,3)
(1,5)
(1,6)
(1,7)
(1,8)
(1,10)
(1,13)
(1,16)
(1,47)
(2,3)
(2,7)
(4,13)
(4,35)
(8,12)
(8,17)
(8,24)
(8,68)
(8,82)
(8,88)
(9,11)
(10,26)
(10,28)
(10,35)
(10,49)
(10,61)
(10,177)
(11,14)
(14,24)
(15,20)
(15,31)
(15,35)
(16,26)
(16,35)
(17,24)
(18,75)
(19,25)
(19,49)
(20,25)
(20,27)
(21,47)
(22,29)
(22,40)
(22,47)
(23,27)
(23,33)
(23,38)
(24,40)
(25,27)
(25,38)
(28,57)
(28,98)
(29,47)
(30,32)
(30,47)
(31,33)
(31,36)
(34,36)
(35,36)
(35,39)
(35,44)
(35,48)
(36,38)
(36,39)
(37,39)
(38,44)
(38,45)
(41,43)
(41,51)
(41,52)
(41,54)
(41,58)
(42,65)
(42,67)
(42,73)
(44,48)
(45,53)
(46,48)
(46,53)
(48,55)
(48,62)
(49,53)
(50,54)
(50,60)
(51,63)
(53,60)
(54,59)
(55,67)
(56,64)
(56,66)
(59,60)
(59,67)
(60,67)
(61,77)
(63,73)
(64,65)
(64,74)
(64,81)
(64,83)
(64,91)
(64,94)
(64,124)
(64,133)
(64,139)
(65,73)
(66,79)
(66,82)
(69,80)
(70,72)
(70,76)
(70,87)
(71,82)
(72,120)
(73,78)
(73,90)
(75,96)
(75,105)
(75,118)
(76,94)
(76,97)
(77,86)
(77,90)
(79,80)
(80,82)
(81,91)
(82,88)
(82,91)
(82,110)
(84,128)
(85,86)
(85,93)
(86,93)
(86,104)
(86,115)
(86,127)
(86,170)
(86,177)
(86,179)
(88,110)
(88,118)
(89,93)
(89,128)
(89,135)
(89,136)
(89,150)
(89,170)
(91,114)
(92,94)
(93,136)
(94,151)
(94,157)
(94,163)
(94,164)
(94,167)
(95,100)
(95,106)
(95,133)
(99,109)
(99,129)
(99,137)
(99,139)
(100,106)
(100,125)
(100,133)
(101,141)
(101,150)
(101,174)
(102,114)
(102,122)
(103,110)
(104,127)
(105,133)
(106,133)
(107,127)
(107,142)
(107,170)
(108,131)
(109,151)
(110,114)
(110,118)
(111,136)
(112,118)
(113,127)
(113,140)
(115,127)
(116,160)
(117,127)
(117,179)
(119,142)
(120,163)
(121,148)
(121,159)
(121,170)
(123,174)
(125,134)
(125,139)
(125,160)
(126,172)
(127,161)
(127,179)
(128,154)
(129,160)
(130,140)
(131,133)
(131,144)
(131,153)
(131,165)
(132,179)
(133,149)
(134,139)
(134,160)
(135,154)
(136,170)
(138,145)
(139,160)
(140,159)
(140,171)
(140,175)
(141,166)
(143,161)
(145,166)
(145,172)
(145,174)
(146,160)
(147,156)
(147,175)
(148,155)
(149,152)
(154,163)
(154,172)
(155,170)
(156,162)
(156,169)
(156,175)
(158,178)
(159,178)
(161,175)
(161,179)
(163,172)
(163,178)
(164,165)
(165,178)
(167,178)
(168,171)
(168,176)
(169,175)
(173,178)
(175,176)
