Nodes: 20
Protection radius: 1.000000
Disaster radius: 0.500000
0: 0.353515 7.096946
1: 0.405342 4.042542
2: 0.556226 0.071734
3: 0.708797 11.270666
4: 2.527708 13.523853
5: 2.659831 3.163288
6: 3.117421 9.336294
7: 4.824140 1.184944
8: 5.056542 13.530071
9: 6.294905 10.131831
10: 7.224346 2.254400
11: 8.314518 4.521962
12: 8.627481 13.854968
13: 8.780068 7.152612
14: 10.408291 10.055890
15: 10.900105 12.280888
16: 11.873810 7.065338
17: 12.316719 4.069442
18: 12.525113 13.792860
19: 13.136979 1.563811
Edges
(0,1)
(0,3)
(2,7)
(3,4)
(3,6)
(4,8)
(5,6)
(5,11)
(6,9)
(7,19)
(8,12)
(9,14)
(10,17)
(12,15)
(13,16)
(14,16)
(16,18)
(16,19)
(17,19)
