Nodes: 20
Protection radius: 1.000000
Disaster radius: 0.500000
0: 0.061261 10.349094
1: 0.174124 3.467352
2: 1.973473 1.459844
3: 2.179298 4.621680
4: 2.231858 8.457487
5: 3.458018 11.757708
6: 3.960050 2.919734
7: 4.216294 6.744978
8: 4.501209 0.030504
9: 5.887126 10.130517
10: 5.945294 7.953050
11: 6.263792 5.914790
12: 7.399315 1.528680
13: 7.705324 3.781504
14: 8.360615 10.318669
15: 9.909220 3.043679
16: 9.953968 8.628832
17: 11.283231 0.223920
18: 11.734554 5.388237
19: 11.857167 10.984812
Edges
(0,4)
(0,9)
(1,3)
(2,8)
(3,6)
(3,7)
(4,14)
(4,16)
(4,19)
(5,9)
(7,8)
(8,12)
(10,15)
(10,17)
(11,12)
(12,17)
(13,17)
(15,16)
(17,18)
