Nodes: 100
Protection radius: 1.000000
Disaster radius: 0.500000
0: 1.086905 13.675413
1: 1.175952 31.056768
2: 2.715364 24.583502
3: 2.805419 40.423763
4: 3.854048 34.479480
5: 4.245873 46.484080
6: 5.561334 37.758902
7: 6.373842 55.666900
8: 6.925535 33.058787
9: 7.055351 4.750928
10: 7.680588 52.795285
11: 8.299982 35.060434
12: 9.131162 59.017863
13: 9.211832 42.720034
14: 9.847207 2.607822
15: 10.324602 18.767740
16: 10.654804 55.068366
17: 12.581107 50.489571
18: 13.110228 3.108827
19: 15.214943 3.252548
20: 15.839264 40.073292
21: 16.066610 31.925479
22: 16.104268 20.602766
23: 16.616707 27.855568
24: 17.116805 37.704524
25: 17.297118 1.663703
26: 17.467465 8.012440
27: 17.657967 10.742194
28: 18.828052 26.195259
29: 19.338984 19.576777
30: 20.465636 36.638797
31: 20.622093 56.904154
32: 21.506323 59.243537
33: 21.876568 43.946330
34: 23.324237 23.434831
35: 23.609696 27.626148
36: 23.891981 6.531645
37: 25.424715 8.488727
38: 25.551638 53.625034
39: 25.653121 32.990350
40: 25.979113 60.071510
41: 26.191505 3.388812
42: 27.194096 37.237906
43: 27.209443 30.434121
44: 27.263068 47.229284
45: 27.758268 16.359855
46: 27.861731 39.619417
47: 27.975446 19.842619
48: 28.975176 25.148417
49: 29.136302 21.791270
50: 30.023936 4.401912
51: 30.829831 15.260065
52: 31.125016 27.665596
53: 31.381806 45.272564
54: 32.275620 25.153425
55: 32.595942 29.535181
56: 32.726904 48.227223
57: 33.041942 43.728259
58: 33.073454 37.056650
59: 33.364742 58.033586
60: 33.880006 22.035903
61: 34.532381 39.924130
62: 34.564777 19.689329
63: 36.327916 57.489833
64: 38.748178 28.594204
65: 39.015391 19.455918
66: 41.040709 22.428314
67: 41.189168 15.783988
68: 41.368047 56.283964
69: 43.509614 58.918409
70: 43.606320 41.528984
71: 43.639556 5.701471
72: 43.664123 19.098942
73: 44.430824 46.194492
74: 46.025323 10.968295
75: 46.579551 39.932470
76: 47.833109 56.023829
77: 48.268362 9.869388
78: 48.291935 14.220147
79: 48.634123 38.510419
80: 49.910122 48.475286
81: 50.352070 50.611190
82: 51.616036 44.685566
83: 52.126226 19.291489
84: 52.222796 24.840522
85: 53.097393 13.114163
86: 53.591243 57.805875
87: 54.179538 35.651683
88: 55.176980 0.789580
89: 55.623653 44.534810
90: 56.270750 14.563243
91: 56.842422 29.609980
92: 57.569735 21.265785
93: 57.989919 16.040751
94: 58.700210 23.427512
95: 59.153536 56.933443
96: 59.329863 47.305158
97: 59.650971 52.468291
98: 59.789623 2.124126
99: 60.914702 5.963792
Edges
(0,2)
(1,2)
(1,4)
(1,15)
(3,5)
(3,6)
(3,15)
(3,26)
(3,29)
(5,6)
(5,7)
(5,13)
(5,50)
(6,11)
(7,17)
(7,30)
(8,22)
(8,26)
(8,29)
(9,19)
(9,26)
(9,41)
(9,50)
(9,98)
(10,48)
(11,29)
(12,16)
(13,21)
(13,23)
(13,45)
(13,50)
(14,18)
(16,32)
(16,57)
(17,33)
(18,19)
(18,25)
(19,41)
(20,24)
(20,34)
(21,28)
(22,26)
(22,37)
(23,50)
(25,41)
(25,98)
(26,27)
(26,36)
(26,37)
(28,45)
(29,37)
(30,39)
(30,84)
(30,95)
(31,53)
(31,56)
(31,63)
(31,68)
(31,95)
(32,40)
(32,95)
(34,35)
(34,48)
(34,49)
(36,37)
(38,68)
(39,66)
(39,72)
(42,46)
(42,58)
(42,61)
(43,48)
(43,54)
(43,72)
(44,53)
(45,47)
(45,51)
(46,80)
(46,81)
(47,51)
(48,62)
(48,72)
(48,85)
(50,74)
(50,78)
(51,67)
(52,72)
(53,57)
(53,76)
(55,64)
(55,84)
(56,76)
(57,76)
(58,61)
(58,79)
(59,63)
(60,65)
(61,75)
(61,79)
(62,67)
(62,85)
(63,95)
(65,85)
(69,86)
(70,73)
(70,80)
(70,96)
(71,74)
(71,78)
(72,84)
(75,87)
(75,89)
(77,78)
(77,85)
(77,90)
(77,93)
(77,98)
(80,82)
(81,96)
(81,97)
(83,84)
(83,85)
(84,87)
(85,87)
(86,95)
(87,91)
(88,98)
(89,91)
(89,92)
(89,96)
(91,93)
(93,97)
(94,98)
(96,97)
(98,99)
