Nodes: 20
Protection radius: 1.000000
Disaster radius: 0.500000
0: 0.725977 14.807080
1: 1.440593 0.239045
2: 2.397893 2.980632
3: 2.914272 14.598710
4: 3.616416 6.086937
5: 4.224992 1.760449
6: 4.276396 12.258081
7: 6.661739 15.242908
8: 7.547805 11.165969
9: 7.616381 4.810228
10: 9.973049 4.425183
11: 10.031292 0.205551
12: 10.396942 14.247315
13: 10.630899 2.253673
14: 11.497965 10.635618
15: 12.338616 12.887321
16: 12.488213 8.273782
17: 12.796614 1.803874
18: 15.094339 10.817708
19: 15.113377 15.500639
Edges
(0,1)
(0,5)
(0,13)
(1,2)
(3,6)
(4,5)
(6,7)
(7,12)
(7,18)
(8,14)
(9,13)
(10,13)
(10,14)
(10,18)
(11,17)
(13,17)
(15,19)
(16,18)
(18,19)
