Nodes: 140
Protection radius: 1.000000
Disaster radius: 0.500000
0: 0.701231 56.742771
1: 0.942461 17.033670
2: 1.213837 67.035939
3: 1.352597 75.332074
4: 2.103469 38.535313
5: 2.303200 6.509628
6: 2.616446 1.801041
7: 3.014766 69.816533
8: 3.330235 47.388957
9: 4.938694 73.547066
10: 5.310104 59.975472
11: 5.804643 75.714873
12: 6.165490 5.490429
13: 6.589331 35.859561
14: 7.041708 13.270704
15: 7.100161 8.032459
16: 7.365600 45.564365
17: 8.132319 69.214000
18: 9.865374 42.252190
19: 9.943641 1.763816
20: 10.375251 49.516790
21: 10.676313 25.598111
22: 11.006834 59.013310
23: 11.315941 22.135967
24: 13.609374 23.168794
25: 13.696833 53.617024
26: 14.211669 74.840421
27: 14.460047 16.898691
28: 16.217591 24.285687
29: 17.803482 47.847513
30: 18.397938 12.370688
31: 18.477661 51.222203
32: 18.521858 17.573800
33: 18.627911 20.647708
34: 18.841557 1.643692
35: 18.848742 36.328791
36: 21.096019 68.369842
37: 21.293056 42.956227
38: 21.490983 18.709161
39: 21.952570 59.481003
40: 22.244099 45.664116
41: 22.338002 23.066236
42: 22.510213 37.587767
43: 22.844490 72.341694
44: 23.055777 62.776099
45: 23.749475 7.132017
46: 24.271308 35.346973
47: 24.591824 25.091635
48: 25.337612 5.112573
49: 27.792143 16.409609
50: 27.825347 43.989935
51: 27.905501 34.792852
52: 28.102898 9.417563
53: 28.800451 62.340612
54: 28.867099 31.495870
55: 29.337920 73.233360
56: 29.525661 4.924735
57: 29.953857 51.074061
58: 31.118852 20.186937
59: 31.229767 60.160265
60: 32.557625 61.915308
61: 32.609344 75.876902
62: 33.235220 40.299003
63: 33.308300 58.472434
64: 34.279968 2.352013
65: 34.917100 56.567379
66: 36.205459 13.170243
67: 36.593893 19.759741
68: 36.656375 59.142157
69: 37.503253 71.377490
70: 38.074552 48.238277
71: 38.586273 27.555760
72: 38.943817 62.534869
73: 40.105958 30.535475
74: 40.725422 51.406367
75: 40.747352 66.969035
76: 40.975169 74.082525
77: 41.099293 17.959063
78: 41.953437 49.402877
79: 42.288301 57.842961
80: 42.444115 8.143585
81: 43.444590 27.648106
82: 43.562538 30.553814
83: 44.359339 34.962016
84: 44.366261 66.842132
85: 44.422184 38.634065
86: 44.622317 71.407671
87: 44.775978 55.988255
88: 44.848420 73.703701
89: 45.057465 48.857742
90: 45.826114 30.408690
91: 45.986866 26.339082
92: 48.050270 50.903359
93: 48.132950 47.694780
94: 48.607060 17.443832
95: 48.766905 34.615529
96: 48.862009 8.953785
97: 48.953433 12.028671
98: 49.772875 30.521948
99: 51.443565 0.858486
100: 51.540057 67.208633
101: 51.957715 16.601008
102: 53.713783 33.970215
103: 54.420981 14.166362
104: 55.604864 52.603144
105: 55.734391 12.066907
106: 55.998864 72.200028
107: 56.861030 35.004622
108: 58.056796 48.141001
109: 58.080245 46.102421
110: 58.115268 14.520227
111: 58.542437 17.309249
112: 58.698933 41.458555
113: 59.004301 11.191135
114: 59.365788 4.060336
115: 59.696022 55.260870
116: 62.367740 20.492477
117: 64.104209 72.155851
118: 64.352589 56.314227
119: 65.046713 17.364799
120: 65.272838 45.593413
121: 65.706854 65.515108
122: 65.784571 59.202983
123: 67.696058 1.476758
124: 68.210018 44.591502
125: 69.728316 46.211231
126: 69.879100 54.932395
127: 70.368343 32.057326
128: 71.565974 72.289102
129: 72.604280 6.814738
130: 73.436020 52.409280
131: 73.601049 71.862168
132: 73.776441 25.430888
133: 73.843720 11.988110
134: 74.410729 55.930507
135: 74.433581 39.617877
136: 74.761314 63.206457
137: 75.001494 75.918750
138: 75.144028 22.645653
139: 75.690248 8.963928
Edges
(0,2)
(1,6)
(1,14)
(1,23)
(2,7)
(2,17)
(3,9)
(4,16)
(5,6)
(6,12)
(6,34)
(7,9)
(7,17)
(8,20)
(9,17)
(10,17)
(10,22)
(11,26)
(11,61)
(12,15)
(12,19)
(13,18)
(13,35)
(15,19)
(16,20)
(18,35)
(18,37)
(20,22)
(20,25)
(21,24)
(21,28)
(21,35)
(22,44)
(24,27)
(24,28)
(25,39)
(26,36)
(26,43)
(26,61)
(27,30)
(28,41)
(29,37)
(29,40)
(30,32)
(30,34)
(30,38)
(30,49)
(30,52)
(31,40)
(31,57)
(32,33)
(32,38)
(33,38)
(34,99)
(35,37)
(35,46)
(35,47)
(36,55)
(37,42)
(38,41)
(39,44)
(39,59)
(41,47)
(41,49)
(42,50)
(42,51)
(45,52)
(46,47)
(47,49)
(47,54)
(47,58)
(48,56)
(49,52)
(50,51)
(50,57)
(50,70)
(51,54)
(52,56)
(53,60)
(54,58)
(54,62)
(54,73)
(57,70)
(59,63)
(60,68)
(60,72)
(61,69)
(62,70)
(62,85)
(63,65)
(63,68)
(64,80)
(64,99)
(65,74)
(65,79)
(66,67)
(66,77)
(66,80)
(67,77)
(68,72)
(68,79)
(69,75)
(69,76)
(70,74)
(70,78)
(70,85)
(71,73)
(72,75)
(72,79)
(72,84)
(73,82)
(74,87)
(75,76)
(75,84)
(76,88)
(77,81)
(77,91)
(77,94)
(78,85)
(78,89)
(79,87)
(80,97)
(81,90)
(82,83)
(83,85)
(83,95)
(84,87)
(84,100)
(85,93)
(86,100)
(87,104)
(88,100)
(88,106)
(88,137)
(89,93)
(90,91)
(91,98)
(91,101)
(92,93)
(92,104)
(93,108)
(93,112)
(96,97)
(96,99)
(96,114)
(97,101)
(97,103)
(97,105)
(99,114)
(102,107)
(102,116)
(103,110)
(104,108)
(105,110)
(106,121)
(106,137)
(107,112)
(108,120)
(109,120)
(110,113)
(110,119)
(111,119)
(112,120)
(112,127)
(115,118)
(115,120)
(115,121)
(115,122)
(116,132)
(117,121)
(117,128)
(117,137)
(118,120)
(118,122)
(118,126)
(121,128)
(123,139)
(124,125)
(125,126)
(125,135)
(126,130)
(126,134)
(128,131)
(129,133)
(130,134)
(130,135)
(131,136)
(133,138)
(134,135)
(136,137)
(136,138)
(136,139)
(138,139)
