Nodes: 60
Protection radius: 1.000000
Disaster radius: 0.500000
0: 0.507839 20.414717
1: 1.655906 31.598532
2: 3.704954 26.616704
3: 5.412482 5.609972
4: 5.492571 19.633177
5: 5.832780 16.975098
6: 6.047894 1.169437
7: 6.215418 24.220019
8: 6.518607 8.783057
9: 6.750542 32.121957
10: 8.342804 29.805046
11: 9.072960 12.657652
12: 9.471497 16.223617
13: 9.771061 25.971647
14: 9.877487 21.460872
15: 10.297889 4.053539
16: 10.970832 6.247084
17: 12.278809 19.036129
18: 12.285586 29.279739
19: 13.423225 3.055139
20: 15.092215 20.520062
21: 15.772487 23.609163
22: 16.031849 18.229478
23: 16.325107 15.126372
24: 17.286289 21.133998
25: 17.418126 3.523977
26: 18.307179 11.668929
27: 18.734703 6.000410
28: 19.255956 21.952173
29: 19.756229 28.388958
30: 20.227951 18.680808
31: 20.746345 9.445093
32: 20.972198 12.221930
33: 21.234879 24.036831
34: 21.300643 26.060731
35: 21.465862 29.819305
36: 21.926289 6.955106
37: 22.280735 16.071774
38: 24.008591 30.849686
39: 24.148466 28.824953
40: 24.189137 7.235901
41: 24.215236 1.526752
42: 24.295641 17.053485
43: 24.738634 25.243984
44: 24.970677 4.935931
45: 26.236464 30.056659
46: 26.289366 21.451578
47: 27.401696 33.513688
48: 29.078270 13.922778
49: 29.359832 26.388901
50: 29.444040 11.498802
51: 29.596936 22.578012
52: 30.114270 5.360860
53: 30.576714 20.297548
54: 31.165231 16.638722
55: 31.928435 32.491270
56: 32.239326 1.126164
57: 32.638486 19.802703
58: 33.692206 15.435900
59: 33.955736 24.047706
Edges
(0,1)
(0,3)
(0,6)
(1,2)
(1,9)
(3,8)
(4,5)
(4,12)
(4,14)
(5,8)
(7,10)
(8,16)
(9,10)
(10,13)
(10,18)
(11,23)
(15,16)
(16,19)
(17,23)
(18,21)
(18,35)
(19,25)
(20,21)
(20,24)
(21,34)
(22,30)
(23,30)
(25,27)
(26,27)
(26,31)
(27,41)
(28,30)
(28,33)
(29,34)
(30,37)
(31,36)
(32,37)
(32,40)
(36,40)
(37,42)
(38,39)
(39,43)
(40,44)
(40,50)
(42,46)
(43,45)
(45,49)
(46,51)
(46,53)
(47,55)
(48,50)
(49,59)
(52,56)
(52,58)
(53,54)
(53,59)
(54,57)
(54,58)
(55,59)
