Nodes: 180
Protection radius: 1.000000
Disaster radius: 0.500000
0: 1.621164 86.071820
1: 2.408356 66.633344
2: 2.780433 26.171871
3: 3.173789 80.215977
4: 3.517391 95.187039
5: 5.615137 62.780939
6: 6.545647 83.787971
7: 6.752992 14.181785
8: 7.512912 77.576774
9: 7.567384 39.865439
10: 8.381106 65.245932
11: 8.548090 35.377779
12: 9.240196 0.802032
13: 9.679744 90.647264
14: 10.188909 3.160528
15: 10.773492 18.827119
16: 11.294981 30.136646
17: 12.402777 42.706875
18: 12.554350 36.927760
19: 13.015935 0.844932
20: 13.571679 46.453291
21: 14.101290 94.909362
22: 14.492432 72.712631
23: 14.694943 65.055184
24: 14.831387 77.435950
25: 15.286171 11.662009
26: 15.472672 7.944938
27: 16.418763 90.462707
28: 16.958437 77.484870
29: 17.132691 46.759184
30: 17.298709 44.187529
31: 17.794850 11.180645
32: 19.069042 65.175476
33: 20.046999 53.000773
34: 20.665644 2.402268
35: 20.869829 17.701821
36: 21.033805 64.784253
37: 21.698225 59.686513
38: 22.080944 76.608980
39: 22.501188 55.676771
40: 23.062740 11.606212
41: 23.707189 74.465165
42: 23.908736 33.081711
43: 24.338709 49.454525
44: 24.975769 37.055048
45: 24.986822 40.399412
46: 26.028339 86.071227
47: 26.281557 78.794045
48: 28.195134 68.328106
49: 28.745142 1.848122
50: 28.896882 94.810423
51: 29.716607 17.776749
52: 30.562779 49.576446
53: 30.671347 5.211854
54: 30.873439 19.707536
55: 31.171593 31.064075
56: 31.781596 17.564497
57: 31.909007 74.349436
58: 33.245595 38.955052
59: 33.676781 23.879289
60: 33.717305 84.642003
61: 33.819880 35.158075
62: 34.585805 90.503448
63: 34.641772 1.687412
64: 34.927448 79.954140
65: 34.929833 43.367841
66: 35.266624 61.624313
67: 35.295283 28.101457
68: 36.264382 56.480012
69: 36.276632 69.651060
70: 36.822203 4.379124
71: 38.632954 39.382787
72: 41.097736 71.238436
73: 42.076673 46.480666
74: 42.451503 94.620779
75: 43.650787 48.412247
76: 44.265872 33.390182
77: 45.456367 83.140516
78: 45.667704 26.461158
79: 46.396096 60.160136
80: 46.582082 53.780640
81: 46.941863 90.513558
82: 47.424861 46.769929
83: 47.612562 77.374368
84: 47.832781 80.452894
85: 47.954514 14.294551
86: 48.004300 27.614382
87: 48.979305 38.709370
88: 49.573696 83.128064
89: 50.339403 95.742729
90: 51.880604 49.538822
91: 52.005624 21.807232
92: 52.171856 64.435324
93: 52.843155 40.901295
94: 53.114168 51.867745
95: 53.615929 77.253429
96: 53.697187 13.825838
97: 54.168741 59.340960
98: 54.226816 31.964077
99: 54.725359 64.011766
100: 54.727133 25.533441
101: 54.819673 53.149855
102: 55.615431 78.327070
103: 56.258786 93.441425
104: 57.050727 62.589631
105: 57.590530 54.664565
106: 58.176161 4.221107
107: 58.992494 39.479923
108: 59.640540 9.824364
109: 59.888615 64.736746
110: 60.079164 5.668996
111: 60.966944 37.947574
112: 61.096051 51.871227
113: 61.549650 28.949271
114: 61.796368 40.359309
115: 62.290603 9.207820
116: 62.831554 36.488576
117: 63.472435 33.017848
118: 64.155111 44.377842
119: 65.075352 77.022903
120: 65.235071 81.338765
121: 65.514425 84.349438
122: 66.175051 3.468357
123: 66.712274 19.126855
124: 67.285343 24.716044
125: 67.413086 5.572484
126: 69.510877 43.204687
127: 69.652837 10.540342
128: 71.877816 50.504633
129: 72.253197 46.608640
130: 73.969616 9.559433
131: 74.292489 52.653878
132: 75.114899 14.205569
133: 75.786274 42.335304
134: 76.385689 54.342425
135: 76.594869 24.614806
136: 77.099110 88.922234
137: 77.776671 40.753219
138: 78.637049 83.331203
139: 79.318235 7.632528
140: 80.282878 85.344055
141: 80.618658 32.287179
142: 80.737302 34.441508
143: 81.792239 72.153716
144: 81.863993 42.453760
145: 83.354064 24.085978
146: 83.608171 78.033943
147: 83.685143 91.421161
148: 83.874356 1.909670
149: 83.972996 69.605078
150: 84.253417 72.131060
151: 84.343394 32.328786
152: 84.949456 55.040515
153: 85.160821 50.512138
154: 86.071377 45.605854
155: 86.993209 35.467780
156: 87.361623 91.721012
157: 87.512402 94.384168
158: 88.889773 65.570890
159: 88.921609 56.621607
160: 88.934448 6.344238
161: 89.459685 47.886284
162: 90.041939 19.843071
163: 90.065556 12.708613
164: 90.898198 27.679618
165: 91.636634 10.284711
166: 91.643711 78.073099
167: 91.838596 1.383620
168: 91.841635 33.116025
169: 91.871678 57.692032
170: 92.133540 86.236056
171: 92.252685 18.781780
172: 92.866212 14.294904
173: 93.250508 21.240590
174: 93.944747 57.378249
175: 94.180994 48.049563
176: 94.421546 88.818711
177: 94.819492 42.077001
178: 94.906979 9.123412
179: 95.318211 78.288688
Edges
(0,12)
(0,15)
(0,29)
(0,44)
(0,94)
(1,12)
(2,7)
(2,12)
(3,10)
(4,46)
(4,77)
(4,89)
(5,11)
(5,16)
(6,24)
(6,118)
(8,44)
(8,45)
(8,141)
(8,173)
(9,15)
(10,18)
(12,53)
(13,28)
(14,127)
(15,25)
(15,26)
(15,35)
(16,54)
(16,91)
(16,96)
(16,108)
(16,127)
(17,20)
(17,44)
(17,55)
(17,132)
(18,67)
(18,132)
(19,49)
(19,63)
(21,50)
(21,62)
(21,119)
(22,23)
(22,32)
(22,145)
(23,39)
(23,71)
(23,117)
(27,77)
(28,95)
(28,118)
(29,30)
(31,40)
(31,51)
(33,45)
(34,63)
(34,127)
(36,93)
(37,65)
(37,71)
(38,41)
(38,69)
(38,79)
(38,105)
(38,118)
(42,78)
(43,61)
(46,60)
(46,84)
(46,102)
(47,119)
(48,66)
(50,157)
(51,56)
(51,108)
(52,73)
(54,85)
(55,78)
(57,69)
(57,109)
(58,71)
(59,132)
(61,71)
(62,103)
(63,106)
(63,125)
(63,148)
(63,160)
(63,165)
(64,102)
(66,80)
(66,94)
(68,75)
(68,93)
(68,107)
(68,135)
(69,99)
(70,115)
(72,95)
(73,100)
(73,124)
(74,157)
(76,86)
(76,100)
(81,88)
(82,135)
(83,119)
(84,119)
(87,98)
(88,119)
(90,141)
(92,97)
(97,141)
(98,132)
(99,129)
(101,112)
(103,136)
(104,129)
(109,134)
(109,142)
(109,146)
(110,173)
(111,116)
(111,135)
(112,118)
(112,141)
(113,132)
(114,145)
(115,127)
(119,138)
(120,147)
(121,147)
(122,148)
(123,132)
(124,135)
(124,173)
(126,141)
(127,162)
(128,131)
(130,163)
(130,171)
(131,134)
(133,143)
(133,149)
(133,157)
(137,152)
(137,153)
(138,140)
(138,146)
(139,165)
(140,147)
(141,144)
(145,173)
(149,150)
(151,155)
(151,156)
(152,157)
(154,158)
(154,159)
(154,161)
(154,164)
(156,170)
(156,175)
(157,170)
(157,176)
(159,168)
(159,177)
(163,165)
(165,173)
(166,174)
(166,176)
(167,173)
(167,177)
(167,178)
(169,175)
(172,177)
(176,179)
