Nodes: 20
Protection radius: 1.000000
Disaster radius: 0.500000
0: 0.988403 2.290694
1: 1.343582 8.643730
2: 2.313477 4.412341
3: 3.278865 12.290795
4: 3.391055 1.017600
5: 3.968119 5.612473
6: 4.063088 9.869295
7: 5.096145 3.836448
8: 6.096747 9.933418
9: 7.493446 13.262671
10: 8.143716 2.520789
11: 8.865146 4.873138
12: 9.109648 11.054950
13: 9.195577 6.848796
14: 10.315134 13.383486
15: 11.300918 2.029299
16: 11.302392 6.574452
17: 12.587840 12.894555
18: 12.640880 8.070004
19: 13.899639 2.261265
Edges
(0,4)
(1,3)
(2,3)
(3,4)
(3,6)
(4,7)
(4,8)
(4,10)
(4,12)
(5,6)
(5,8)
(6,9)
(7,10)
(7,17)
(8,14)
(10,13)
(10,15)
(11,16)
(11,17)
(11,18)
(15,16)
(17,19)
