Nodes: 20
Protection radius: 1.000000
Disaster radius: 0.500000
0: 0.338980 6.341557
1: 1.596811 4.432249
2: 1.872068 13.997324
3: 2.105081 1.354931
4: 2.545142 7.543371
5: 3.214992 10.792673
6: 3.691297 3.090431
7: 5.628644 12.247087
8: 5.719666 3.939174
9: 8.039207 10.829079
10: 9.066732 3.593490
11: 9.205034 5.892682
12: 9.745220 9.414241
13: 11.226652 5.276001
14: 11.360496 11.679469
15: 11.859075 8.950114
16: 12.302349 13.912582
17: 12.541393 2.986355
18: 13.769638 1.114379
19: 13.846490 7.353573
Edges
(0,3)
(1,2)
(1,6)
(2,5)
(2,9)
(2,11)
(3,8)
(3,17)
(4,6)
(4,17)
(7,14)
(9,13)
(9,14)
(10,17)
(12,19)
(14,16)
(15,19)
(17,19)
(18,19)
