Nodes: 100
Protection radius: 1.000000
Disaster radius: 0.500000
0: 0.265120 36.977431
1: 0.612792 2.162936
2: 1.099574 21.442338
3: 2.143698 47.424773
4: 2.303042 42.454719
5: 2.560129 15.446901
6: 2.919360 23.021084
7: 3.211586 18.898504
8: 4.528763 40.222607
9: 4.814567 37.769247
10: 5.604826 31.046807
11: 5.664945 42.706322
12: 5.957648 13.590188
13: 7.010437 26.941707
14: 7.064785 4.867564
15: 8.775621 53.278051
16: 8.922604 41.779955
17: 9.894884 7.433465
18: 11.424287 2.909433
19: 11.482496 53.418273
20: 11.542478 8.876531
21: 11.724623 23.675212
22: 12.296709 44.004127
23: 12.365190 18.267977
24: 12.484853 35.876722
25: 12.940856 5.914141
26: 13.760888 8.735127
27: 14.040347 22.237858
28: 15.850592 0.397193
29: 16.942379 40.840699
30: 17.832173 24.480726
31: 17.863298 1.813368
32: 18.492871 49.279113
33: 19.162074 10.385239
34: 19.167651 22.426320
35: 19.504329 38.258884
36: 19.702887 32.693375
37: 19.848304 25.861937
38: 20.116754 42.399885
39: 21.233130 16.519475
40: 21.601384 9.755088
41: 21.708598 28.527431
42: 21.746487 3.379615
43: 22.798491 23.125502
44: 23.449391 53.535054
45: 24.476675 5.388765
46: 25.348159 26.275250
47: 25.967302 10.875239
48: 26.062485 2.714086
49: 26.322140 51.434538
50: 28.023065 26.430089
51: 29.725940 19.633605
52: 29.765466 5.628337
53: 29.979124 23.714512
54: 30.558967 41.449374
55: 30.704463 1.090084
56: 31.903586 49.267167
57: 32.391945 45.157989
58: 33.065717 27.698540
59: 33.624264 1.266358
60: 34.512485 6.371069
61: 35.047299 26.074402
62: 36.072990 55.907126
63: 36.344822 33.757892
64: 37.645331 47.671363
65: 37.824728 49.721041
66: 38.332862 52.036572
67: 40.592527 18.223521
68: 41.004121 42.210793
69: 42.002505 13.034080
70: 42.210418 22.933855
71: 42.621466 0.874478
72: 42.951418 49.217324
73: 43.156836 44.924508
74: 43.214273 37.611338
75: 43.329196 52.079440
76: 43.602222 55.113625
77: 44.972907 19.494402
78: 45.391982 11.504331
79: 46.213267 15.249190
80: 46.596885 27.268472
81: 46.682352 5.131353
82: 46.738649 46.133633
83: 47.106676 0.040494
84: 47.135415 50.577732
85: 48.161036 11.326261
86: 49.043066 5.245214
87: 49.393118 55.508629
88: 49.484731 17.914694
89: 49.666303 30.128882
90: 50.541209 6.986007
91: 51.187445 2.515308
92: 51.834612 17.897718
93: 53.062737 31.652505
94: 54.544409 41.349884
95: 55.020751 43.628210
96: 55.158489 12.886410
97: 55.510327 38.066857
98: 55.812523 21.284830
99: 55.990073 33.591708
Edges
(0,1)
(0,4)
(1,12)
(1,18)
(2,5)
(2,7)
(3,11)
(5,7)
(5,12)
(6,10)
(7,23)
(8,9)
(9,10)
(9,16)
(9,24)
(11,22)
(12,14)
(12,17)
(12,23)
(13,24)
(15,22)
(16,22)
(17,25)
(18,28)
(19,32)
(20,23)
(20,25)
(21,23)
(21,24)
(21,30)
(22,29)
(23,33)
(24,36)
(25,26)
(25,31)
(26,31)
(27,30)
(27,34)
(28,31)
(28,48)
(28,83)
(31,42)
(32,38)
(32,44)
(32,49)
(33,42)
(34,39)
(34,43)
(35,38)
(36,37)
(36,41)
(36,50)
(39,47)
(40,42)
(41,50)
(42,45)
(42,48)
(43,46)
(44,49)
(48,52)
(49,57)
(49,62)
(50,58)
(50,63)
(51,53)
(51,61)
(52,59)
(53,58)
(53,61)
(54,68)
(55,83)
(56,62)
(57,64)
(58,61)
(58,63)
(60,69)
(60,71)
(60,81)
(61,80)
(62,66)
(62,76)
(62,87)
(63,80)
(64,68)
(64,73)
(65,66)
(66,75)
(66,76)
(67,69)
(67,77)
(68,73)
(69,78)
(70,77)
(70,80)
(72,73)
(72,84)
(73,74)
(74,80)
(74,82)
(74,89)
(77,88)
(79,85)
(80,88)
(80,98)
(82,84)
(85,90)
(85,96)
(86,90)
(87,95)
(88,98)
(89,93)
(90,91)
(92,96)
(93,98)
(93,99)
(94,95)
(94,97)
(96,98)
