Nodes: 100
Protection radius: 1.000000
Disaster radius: 0.500000
0: 0.938358 57.875548
1: 1.267041 24.678625
2: 1.892906 44.985284
3: 2.102572 49.031146
4: 2.301576 7.936612
5: 2.625327 11.703850
6: 2.808443 5.782154
7: 3.480578 57.835912
8: 4.022841 32.820947
9: 4.604507 49.767439
10: 4.635587 26.651103
11: 4.772523 21.357773
12: 5.342256 1.160277
13: 5.606301 37.950923
14: 5.842747 43.999851
15: 6.358325 54.010532
16: 6.492308 57.566999
17: 7.583456 0.515648
18: 8.612953 18.778864
19: 8.621227 10.858658
20: 8.756086 8.730754
21: 9.001746 3.119611
22: 9.810944 12.837281
23: 11.323021 30.012409
24: 12.767162 36.523357
25: 12.965064 50.148208
26: 13.027394 56.818196
27: 13.489421 8.203411
28: 15.451906 9.813371
29: 16.530016 45.620397
30: 16.793457 13.954213
31: 16.846189 2.124083
32: 17.603703 29.211246
33: 17.894674 25.546416
34: 18.549330 12.112520
35: 18.822560 15.610536
36: 18.968153 34.146695
37: 20.553102 2.368201
38: 20.773892 21.174657
39: 20.881412 16.526822
40: 20.894807 35.919224
41: 21.249117 42.813903
42: 21.251997 13.496854
43: 23.594044 55.428712
44: 23.603648 46.932396
45: 23.816369 17.596457
46: 24.975632 35.248265
47: 25.932774 21.300076
48: 26.041864 11.518685
49: 27.306271 18.071682
50: 27.624382 55.910062
51: 27.670499 13.183714
52: 28.710911 7.769666
53: 29.329696 9.694444
54: 30.481035 44.441395
55: 31.414815 25.611392
56: 31.651285 34.740863
57: 31.661887 22.491167
58: 31.833684 17.811011
59: 32.073521 58.019875
60: 32.455024 8.817392
61: 33.332148 29.819945
62: 33.905002 25.157609
63: 33.981223 57.202787
64: 34.694743 10.169599
65: 35.668139 20.150368
66: 36.455578 15.602421
67: 36.685587 22.371874
68: 36.850546 49.605718
69: 37.921604 13.056358
70: 38.380228 9.365097
71: 38.536176 15.381708
72: 38.898696 18.860181
73: 39.128089 27.027045
74: 39.142537 53.455727
75: 40.703031 12.973773
76: 40.908280 24.883374
77: 41.390391 35.087182
78: 42.532429 41.711043
79: 43.688890 58.102543
80: 44.834970 10.894560
81: 45.209121 46.297212
82: 45.785943 58.572590
83: 49.937574 40.635563
84: 50.448934 57.303627
85: 51.341458 55.158141
86: 52.135640 17.739972
87: 52.213689 34.836209
88: 52.551189 38.119609
89: 54.971704 47.285590
90: 55.296027 42.122663
91: 57.526342 22.963060
92: 57.761899 6.884047
93: 57.822565 39.080904
94: 58.351560 10.293513
95: 58.396242 32.244043
96: 58.529747 46.897008
97: 59.262819 40.482800
98: 60.156713 2.473132
99: 60.255561 51.122640
Edges
(0,2)
(0,7)
(0,15)
(0,82)
(1,2)
(1,11)
(2,9)
(3,9)
(4,20)
(5,11)
(5,20)
(5,22)
(6,12)
(6,21)
(7,15)
(7,16)
(7,82)
(8,10)
(8,23)
(9,14)
(9,15)
(10,11)
(10,18)
(11,18)
(12,21)
(13,14)
(13,24)
(14,24)
(14,25)
(15,16)
(15,26)
(16,59)
(17,31)
(17,37)
(17,98)
(18,22)
(18,23)
(18,33)
(18,35)
(18,38)
(19,22)
(19,27)
(20,21)
(20,27)
(21,31)
(22,27)
(23,24)
(23,32)
(24,29)
(24,36)
(24,40)
(24,41)
(25,43)
(28,34)
(29,41)
(29,44)
(30,35)
(34,35)
(35,38)
(37,52)
(37,70)
(37,98)
(38,39)
(38,45)
(39,42)
(39,45)
(43,59)
(44,54)
(45,47)
(46,56)
(47,49)
(47,55)
(48,52)
(49,58)
(50,63)
(50,68)
(51,53)
(51,58)
(51,64)
(52,53)
(52,60)
(54,68)
(55,57)
(55,61)
(55,62)
(56,61)
(56,77)
(56,78)
(57,58)
(58,65)
(59,63)
(59,82)
(60,64)
(60,70)
(61,73)
(62,67)
(62,73)
(63,68)
(63,79)
(65,66)
(65,72)
(67,76)
(69,71)
(70,80)
(71,75)
(72,75)
(72,76)
(73,77)
(74,81)
(75,86)
(76,77)
(76,87)
(77,83)
(77,87)
(78,81)
(79,82)
(80,86)
(80,92)
(81,83)
(82,84)
(83,89)
(84,99)
(85,89)
(86,91)
(86,94)
(87,88)
(88,90)
(89,99)
(90,96)
(91,95)
(91,98)
(93,97)
(95,97)
(95,98)
(96,97)
(96,99)
(97,99)
