Nodes: 20
Protection radius: 1.000000
Disaster radius: 0.500000
0: 1.476464 9.601365
1: 1.652159 15.100824
2: 2.180993 6.391718
3: 3.935316 4.456896
4: 3.984914 12.932483
5: 4.289905 8.883669
6: 5.189348 0.229079
7: 5.932926 12.195451
8: 6.507270 5.205645
9: 6.626150 15.857605
10: 8.091830 11.753597
11: 9.967421 4.980462
12: 10.279840 9.491563
13: 11.698829 11.459822
14: 12.111878 2.958712
15: 12.421736 5.152303
16: 13.060473 15.945232
17: 13.431217 7.827301
18: 15.038086 14.783014
19: 15.329903 7.131416
Edges
(0,5)
(1,4)
(2,3)
(2,6)
(4,7)
(5,7)
(5,8)
(5,12)
(6,11)
(7,10)
(8,11)
(9,16)
(12,17)
(13,17)
(14,15)
(15,19)
(16,18)
(17,18)
(17,19)
