Nodes: 180
Protection radius: 1.000000
Disaster radius: 0.500000
0: 0.478807 68.867944
1: 0.635641 93.000088
2: 0.712518 95.286943
3: 1.121087 4.344361
4: 1.949082 71.112374
5: 2.474293 91.004205
6: 2.713318 22.535407
7: 2.814194 53.632510
8: 2.857976 35.145297
9: 3.718715 27.297906
10: 3.740957 15.529678
11: 3.951601 44.316573
12: 4.040451 75.007106
13: 4.066061 69.661570
14: 4.969720 57.378998
15: 5.080954 73.091287
16: 5.561597 51.039036
17: 6.209021 93.938681
18: 6.723595 32.004800
19: 6.868680 77.707138
20: 7.608052 41.079616
21: 7.695780 67.713915
22: 10.097700 54.925572
23: 10.317448 70.298504
24: 10.340393 47.685358
25: 11.141247 1.460987
26: 13.354298 59.770905
27: 13.830191 51.518805
28: 14.456780 22.185474
29: 14.923606 87.220838
30: 15.075690 80.986095
31: 15.617005 13.692966
32: 15.643710 83.336261
33: 15.655465 19.909150
34: 15.666728 72.240598
35: 15.924184 9.845537
36: 17.669434 67.628158
37: 18.789873 1.829415
38: 19.078673 12.990898
39: 19.425537 71.181618
40: 20.350769 6.825997
41: 21.616330 12.285528
42: 21.886060 78.657303
43: 22.215733 46.434712
44: 23.190692 62.428316
45: 23.606886 59.209439
46: 23.980249 12.787467
47: 24.131713 34.272322
48: 24.900233 27.824152
49: 25.444802 51.620311
50: 25.817308 92.288102
51: 26.006172 0.642350
52: 27.040910 29.332532
53: 28.046739 41.993895
54: 29.422813 32.112800
55: 29.874722 37.711712
56: 30.556873 79.824818
57: 32.127498 37.089606
58: 32.844102 7.384658
59: 33.101910 2.849067
60: 33.253115 57.163162
61: 34.348259 43.552616
62: 34.432802 71.577066
63: 34.951110 11.309773
64: 35.153633 28.660164
65: 35.510490 57.015124
66: 36.442312 2.424959
67: 38.336232 19.557481
68: 38.781065 25.324065
69: 39.519603 34.418608
70: 39.581419 53.880317
71: 40.106673 78.721040
72: 40.507454 32.203509
73: 40.684834 59.662988
74: 40.698643 70.530375
75: 40.873115 1.028561
76: 41.454814 47.266821
77: 42.049045 57.925527
78: 43.445146 68.495724
79: 43.488531 33.497372
80: 44.224501 40.347118
81: 44.299715 28.271646
82: 45.053520 74.232963
83: 46.811311 30.606749
84: 49.042529 84.984397
85: 49.332729 36.230686
86: 49.720485 7.412275
87: 50.954141 68.086506
88: 50.989236 14.419375
89: 51.780648 24.147639
90: 51.889830 91.887321
91: 52.067597 62.900567
92: 52.145660 42.234085
93: 52.719739 2.400193
94: 52.955807 56.431638
95: 52.996868 78.100565
96: 53.947736 90.888741
97: 54.979923 56.999108
98: 55.115239 44.934124
99: 56.217932 41.641270
100: 56.351148 78.773116
101: 56.613051 34.465818
102: 56.653460 92.738639
103: 57.112358 48.414866
104: 57.600866 81.934323
105: 57.641458 64.796175
106: 58.167810 24.103494
107: 59.016975 33.439388
108: 59.124754 77.078161
109: 59.307345 21.132730
110: 59.588121 67.146275
111: 60.480254 44.895162
112: 60.565751 11.812851
113: 61.003403 73.967508
114: 61.161152 14.035623
115: 61.980606 1.951712
116: 62.704700 37.496569
117: 62.719324 32.945687
118: 63.902049 81.694123
119: 64.054838 19.979743
120: 64.890850 0.371025
121: 65.620021 5.178896
122: 66.025188 69.695427
123: 66.208827 65.522656
124: 66.883527 27.989701
125: 67.001397 73.021728
126: 67.211101 10.587702
127: 67.372535 40.456826
128: 69.280770 88.166102
129: 69.412309 66.011861
130: 70.926223 84.486362
131: 71.521815 68.769204
132: 72.308670 0.504232
133: 72.510637 76.803368
134: 73.058024 73.930156
135: 74.039788 47.707202
136: 75.100653 6.765794
137: 75.617635 36.460405
138: 76.418428 57.903956
139: 76.599354 38.273302
140: 79.088503 1.687479
141: 79.404409 54.096060
142: 79.420126 47.300882
143: 79.478750 85.587492
144: 79.693658 25.147421
145: 80.273038 50.449909
146: 80.584383 72.671407
147: 80.943946 37.459573
148: 81.858842 1.353207
149: 82.796222 76.209461
150: 83.502123 56.581708
151: 83.879614 65.877748
152: 83.887234 63.321447
153: 83.959477 22.312416
154: 84.119081 47.932398
155: 85.478185 43.628905
156: 85.755235 18.427990
157: 85.828108 4.131144
158: 86.118893 95.775093
159: 86.317031 84.838202
160: 86.486337 37.167971
161: 86.688168 88.999476
162: 87.020429 59.200436
163: 87.190138 69.431941
164: 87.319705 13.911156
165: 88.175422 63.219828
166: 88.398370 51.759111
167: 88.808452 15.788208
168: 89.013513 53.739754
169: 89.019924 7.134896
170: 90.117654 44.558123
171: 90.460463 19.425514
172: 90.828156 86.629031
173: 91.145599 69.033770
174: 92.011721 74.178152
175: 92.110346 13.392547
176: 92.215938 3.182406
177: 94.829503 93.274657
178: 95.149113 72.401102
179: 95.874213 47.092247
Edges
(0,1)
(1,2)
(1,4)
(1,17)
(3,4)
(3,7)
(3,9)
(3,10)
(3,13)
(3,15)
(3,16)
(3,21)
(4,5)
(4,12)
(4,13)
(4,15)
(4,19)
(6,15)
(6,16)
(7,13)
(8,13)
(10,18)
(10,20)
(10,25)
(10,28)
(11,14)
(11,16)
(12,17)
(13,15)
(14,16)
(14,19)
(17,22)
(17,23)
(17,71)
(19,22)
(21,24)
(21,28)
(22,23)
(23,29)
(24,28)
(25,28)
(25,37)
(26,29)
(27,29)
(27,30)
(28,30)
(29,42)
(31,33)
(31,35)
(32,33)
(32,34)
(32,36)
(32,40)
(32,60)
(33,34)
(33,35)
(33,37)
(33,38)
(36,39)
(37,38)
(39,41)
(39,44)
(40,51)
(40,52)
(40,64)
(40,68)
(40,69)
(41,52)
(41,65)
(42,60)
(43,44)
(43,48)
(44,48)
(44,60)
(45,48)
(46,52)
(46,57)
(47,48)
(48,53)
(48,60)
(48,65)
(49,53)
(49,60)
(50,102)
(52,54)
(52,55)
(54,55)
(55,57)
(56,60)
(57,61)
(57,74)
(58,59)
(59,63)
(59,66)
(59,67)
(59,75)
(59,93)
(59,115)
(60,71)
(60,74)
(60,90)
(61,64)
(61,70)
(62,71)
(63,67)
(63,68)
(64,73)
(64,82)
(67,68)
(67,85)
(67,89)
(68,85)
(69,72)
(69,77)
(70,73)
(70,74)
(72,77)
(72,79)
(74,78)
(75,115)
(76,79)
(76,80)
(76,85)
(76,119)
(76,148)
(77,94)
(77,95)
(81,83)
(81,85)
(82,84)
(82,95)
(84,95)
(85,112)
(85,114)
(85,119)
(85,120)
(86,93)
(87,94)
(87,97)
(88,89)
(88,93)
(88,115)
(90,95)
(90,105)
(90,127)
(91,94)
(92,94)
(92,105)
(96,102)
(96,104)
(96,123)
(96,125)
(96,129)
(96,137)
(97,105)
(98,103)
(98,107)
(98,111)
(98,116)
(98,127)
(99,101)
(100,110)
(100,137)
(101,124)
(101,153)
(101,169)
(101,176)
(102,125)
(102,128)
(102,141)
(102,145)
(103,111)
(104,135)
(106,126)
(107,137)
(107,153)
(108,137)
(109,114)
(109,126)
(112,120)
(113,139)
(114,120)
(117,137)
(118,131)
(118,134)
(118,141)
(119,132)
(119,136)
(120,126)
(121,126)
(122,129)
(123,135)
(125,145)
(127,137)
(128,141)
(129,142)
(130,158)
(132,140)
(133,141)
(138,145)
(139,144)
(143,145)
(143,146)
(144,145)
(144,147)
(144,149)
(144,158)
(146,149)
(150,152)
(150,153)
(150,154)
(150,155)
(151,158)
(151,163)
(152,162)
(152,166)
(152,171)
(153,164)
(153,169)
(154,160)
(154,167)
(155,171)
(155,176)
(156,167)
(157,176)
(158,163)
(158,166)
(158,172)
(159,163)
(160,167)
(161,172)
(163,166)
(164,169)
(165,168)
(165,171)
(165,177)
(166,171)
(167,169)
(168,171)
(168,175)
(169,176)
(170,173)
(170,174)
(170,175)
(171,175)
(174,177)
(174,178)
(176,179)
