Nodes: 60
Protection radius: 1.000000
Disaster radius: 0.500000
0: 0.152284 15.981664
1: 0.188498 10.098224
2: 0.708295 20.048877
3: 1.108418 7.391340
4: 2.331318 18.751711
5: 3.809688 33.051666
6: 4.317733 7.968231
7: 4.603763 0.025885
8: 4.800588 18.715452
9: 5.938634 26.627714
10: 7.417225 18.288872
11: 8.256949 23.578949
12: 9.048689 3.495544
13: 9.138012 10.157107
14: 9.150860 5.712181
15: 9.441644 28.408457
16: 9.875696 18.982758
17: 10.886884 26.436937
18: 11.527877 1.627917
19: 11.926325 21.368561
20: 11.961063 24.610071
21: 12.151903 32.752048
22: 12.240966 17.778334
23: 14.357456 3.917853
24: 14.433978 24.629429
25: 14.717042 11.577153
26: 16.381202 16.710223
27: 16.723258 13.179226
28: 17.298925 30.161189
29: 17.520866 5.011301
30: 18.968434 8.069056
31: 19.325696 19.982143
32: 19.845518 13.974211
33: 19.913591 25.170625
34: 20.117792 3.039613
35: 21.112499 11.189159
36: 21.360937 23.459501
37: 22.511166 17.552606
38: 22.630099 4.650714
39: 23.701592 31.026031
40: 23.962009 22.415822
41: 24.657577 7.638265
42: 25.343641 18.546877
43: 26.389977 10.523985
44: 26.752812 6.364922
45: 27.204287 21.296896
46: 27.602959 23.715724
47: 28.622261 12.936331
48: 29.239438 10.385964
49: 29.267168 16.635892
50: 30.710984 3.889612
51: 30.769441 20.066179
52: 30.923278 1.598712
53: 31.639015 6.686633
54: 31.857258 31.952810
55: 32.521088 21.099465
56: 32.597660 26.988895
57: 32.988480 16.563734
58: 33.953203 33.696775
59: 33.986965 4.341640
Edges
(0,4)
(1,6)
(2,4)
(3,7)
(4,8)
(5,9)
(5,15)
(5,21)
(5,58)
(6,7)
(6,13)
(7,12)
(8,11)
(8,13)
(9,11)
(10,13)
(13,14)
(13,22)
(14,23)
(16,22)
(17,20)
(17,24)
(17,28)
(18,34)
(19,22)
(19,31)
(21,28)
(25,26)
(26,31)
(26,32)
(27,35)
(29,30)
(30,34)
(30,38)
(31,33)
(31,37)
(31,40)
(33,36)
(35,43)
(37,42)
(38,44)
(38,52)
(39,46)
(39,54)
(39,56)
(40,45)
(41,44)
(43,44)
(43,48)
(45,51)
(47,48)
(47,49)
(50,52)
(50,53)
(51,55)
(51,57)
(53,57)
(54,58)
(57,59)
