Nodes: 100
Protection radius: 1.000000
Disaster radius: 0.500000
0: 0.234597 21.191395
1: 0.239695 10.913020
2: 0.300076 41.471620
3: 0.859340 17.747835
4: 1.626749 50.405063
5: 1.726870 15.383954
6: 1.843893 38.504763
7: 2.744081 7.908394
8: 2.847277 12.055401
9: 4.209012 15.671744
10: 4.957965 0.750740
11: 5.052251 39.225523
12: 6.914272 33.497506
13: 6.955304 35.728781
14: 7.576988 12.724869
15: 11.627919 55.205165
16: 11.979710 7.873298
17: 12.310730 18.364692
18: 13.242122 15.149873
19: 13.855690 52.877430
20: 14.821443 20.013885
21: 14.953000 1.779357
22: 16.090681 40.609229
23: 16.998208 26.182147
24: 17.226750 38.146155
25: 17.947973 17.268695
26: 18.385448 8.558713
27: 19.115432 45.697404
28: 19.377432 43.337644
29: 19.638100 37.405008
30: 19.921636 31.192788
31: 20.014237 18.935014
32: 20.877909 26.387414
33: 21.922267 0.371267
34: 22.217619 16.934507
35: 22.452008 5.175947
36: 23.416008 20.577853
37: 23.759580 33.695940
38: 24.376563 51.732182
39: 25.234442 43.492593
40: 25.656229 10.200353
41: 26.250293 53.497510
42: 26.620287 6.567894
43: 27.270123 28.637775
44: 27.749431 26.166420
45: 28.545581 52.477695
46: 28.928265 3.603422
47: 28.954872 35.353581
48: 29.288494 1.555006
49: 30.205159 23.470278
50: 31.231882 53.048074
51: 31.877802 56.286974
52: 32.278404 12.065804
53: 32.324856 7.150841
54: 32.488975 44.670962
55: 33.087602 37.541227
56: 33.262655 19.877796
57: 33.735347 5.286849
58: 34.354494 55.194577
59: 34.866533 40.912650
60: 35.250945 24.811810
61: 36.878014 40.132139
62: 37.326715 53.019361
63: 37.790123 6.250523
64: 37.901526 13.658906
65: 38.517421 46.042223
66: 38.925447 49.615981
67: 40.265948 42.119365
68: 40.687170 23.366088
69: 41.038272 39.416873
70: 42.556797 5.049736
71: 42.828075 28.313403
72: 43.056705 57.278958
73: 43.435115 32.357553
74: 43.602080 10.545643
75: 44.370887 34.244579
76: 45.400442 0.453867
77: 46.159533 4.279153
78: 46.219333 45.498920
79: 46.461012 28.086708
80: 46.768704 50.996850
81: 48.318028 40.217959
82: 48.531406 6.299428
83: 49.782618 7.922177
84: 51.175467 13.232507
85: 51.325772 31.618831
86: 51.456994 41.999135
87: 51.579928 35.157085
88: 51.770641 54.243965
89: 51.903742 17.222690
90: 52.319719 50.017215
91: 52.702916 39.492125
92: 53.522922 25.246843
93: 53.546786 0.157421
94: 55.304063 31.530490
95: 55.565932 21.214169
96: 55.606577 10.332266
97: 56.655586 34.495266
98: 56.673536 38.732126
99: 57.890513 19.644977
Edges
(0,2)
(0,3)
(0,17)
(1,3)
(1,5)
(1,7)
(1,8)
(1,10)
(2,4)
(2,6)
(4,11)
(5,8)
(7,14)
(8,9)
(8,14)
(9,14)
(10,16)
(10,21)
(12,13)
(12,30)
(13,24)
(15,41)
(18,25)
(18,26)
(19,22)
(19,38)
(19,41)
(20,23)
(20,25)
(20,31)
(21,26)
(21,35)
(22,27)
(23,31)
(24,30)
(25,26)
(25,31)
(25,34)
(27,39)
(28,29)
(28,39)
(29,30)
(29,37)
(29,39)
(30,43)
(31,34)
(31,36)
(32,43)
(33,35)
(33,48)
(33,76)
(33,93)
(34,36)
(35,40)
(35,42)
(35,46)
(36,44)
(36,49)
(36,56)
(37,39)
(37,43)
(38,39)
(39,54)
(39,55)
(41,45)
(43,47)
(44,60)
(45,51)
(47,55)
(49,60)
(50,58)
(51,72)
(52,53)
(52,56)
(52,63)
(53,63)
(54,65)
(55,59)
(55,60)
(55,61)
(55,73)
(56,64)
(57,76)
(58,62)
(59,61)
(61,65)
(61,67)
(62,66)
(62,72)
(63,64)
(63,70)
(64,68)
(64,74)
(65,66)
(65,67)
(67,69)
(67,78)
(68,74)
(69,73)
(69,81)
(70,74)
(70,77)
(71,73)
(71,79)
(74,82)
(74,84)
(74,89)
(75,79)
(75,85)
(76,77)
(77,93)
(78,81)
(79,85)
(79,89)
(80,88)
(80,90)
(81,86)
(81,87)
(82,93)
(83,93)
(83,96)
(84,89)
(85,87)
(85,94)
(86,98)
(87,91)
(87,97)
(89,96)
(89,99)
(90,98)
(92,94)
(92,99)
(93,96)
(94,99)
(95,99)
(97,98)
(98,99)
