Nodes: 100
Protection radius: 1.000000
Disaster radius: 0.500000
0: 0.485173 17.613420
1: 0.516069 26.010853
2: 0.689007 42.309465
3: 1.664507 28.058383
4: 2.073110 3.456016
5: 2.224801 48.341259
6: 2.332032 58.510137
7: 2.746786 39.397398
8: 3.010081 53.298240
9: 3.459978 21.404477
10: 3.910434 6.150209
11: 6.115226 10.856897
12: 6.319442 50.451989
13: 6.419165 18.868279
14: 6.739728 34.753626
15: 8.472574 45.058139
16: 9.360560 37.292346
17: 9.500092 3.873223
18: 9.548286 21.864006
19: 11.158354 23.111779
20: 11.818961 1.632354
21: 11.927956 14.832903
22: 12.179246 11.212502
23: 12.375602 20.535301
24: 13.168396 42.760579
25: 13.644720 31.691616
26: 13.978346 0.850344
27: 14.592316 24.166736
28: 14.698061 21.870036
29: 14.750402 52.053537
30: 16.114941 49.523916
31: 16.698858 5.378857
32: 16.708655 36.900039
33: 17.006991 42.802735
34: 17.123556 30.713309
35: 17.859698 7.125937
36: 18.042335 18.104817
37: 18.670072 32.718948
38: 19.615067 20.706641
39: 20.145233 42.643653
40: 20.660618 48.303567
41: 21.419950 33.580948
42: 23.483905 26.837561
43: 25.183370 16.337781
44: 27.112182 32.923665
45: 27.539479 58.083265
46: 28.486087 16.612381
47: 28.571480 23.922408
48: 28.915494 0.669210
49: 29.261988 14.273431
50: 29.725176 54.514298
51: 31.215734 30.093288
52: 31.334268 16.682438
53: 31.457503 49.195060
54: 32.501421 53.302231
55: 33.400018 33.635610
56: 33.549303 22.831763
57: 33.836891 10.423848
58: 33.958055 18.529298
59: 34.931600 7.048998
60: 35.723096 12.534391
61: 35.752772 45.822330
62: 35.775429 15.237772
63: 36.375611 29.877051
64: 36.537078 35.026419
65: 37.355476 24.488971
66: 39.935153 18.923659
67: 40.300899 32.839863
68: 40.306304 2.817205
69: 40.931001 55.826170
70: 40.942567 14.996487
71: 42.331814 25.479828
72: 43.121518 57.441959
73: 43.237531 53.660635
74: 43.493301 5.663860
75: 43.979995 20.289755
76: 44.629048 41.533993
77: 44.975784 48.186547
78: 45.258028 36.906375
79: 45.759398 54.150775
80: 46.164267 45.791792
81: 46.359007 32.792737
82: 47.121950 48.832242
83: 47.923537 8.061091
84: 48.477669 30.607158
85: 48.481417 56.682311
86: 49.407005 47.698891
87: 50.374261 33.288844
88: 50.516095 58.054558
89: 51.342946 25.409800
90: 52.288258 34.467584
91: 53.658364 15.068788
92: 53.720115 40.420326
93: 55.002884 57.138020
94: 55.481987 12.868253
95: 55.558209 45.745053
96: 56.771766 38.391578
97: 57.299347 7.977205
98: 57.480206 33.949796
99: 57.822740 54.098864
Edges
(0,4)
(1,4)
(2,5)
(2,6)
(2,8)
(2,15)
(2,40)
(2,50)
(2,54)
(2,72)
(3,7)
(4,7)
(4,14)
(4,31)
(4,43)
(4,66)
(5,12)
(5,45)
(6,45)
(7,9)
(8,12)
(8,45)
(10,13)
(10,43)
(11,13)
(11,22)
(13,16)
(13,18)
(13,22)
(14,24)
(15,54)
(15,72)
(16,32)
(16,34)
(16,39)
(16,40)
(16,42)
(16,47)
(16,53)
(17,31)
(18,19)
(18,22)
(18,25)
(19,21)
(19,34)
(20,26)
(20,57)
(20,59)
(20,60)
(20,74)
(21,22)
(21,28)
(21,36)
(23,27)
(23,34)
(26,48)
(26,74)
(28,34)
(28,36)
(28,42)
(28,43)
(29,30)
(29,45)
(30,45)
(31,35)
(32,41)
(33,53)
(35,49)
(35,62)
(37,44)
(37,47)
(37,51)
(37,56)
(38,42)
(38,56)
(40,88)
(41,44)
(43,46)
(43,56)
(44,51)
(44,53)
(45,72)
(46,52)
(46,58)
(46,66)
(46,71)
(46,75)
(51,55)
(51,56)
(53,64)
(53,67)
(53,80)
(53,89)
(53,91)
(53,94)
(54,69)
(54,72)
(55,65)
(57,83)
(57,91)
(60,70)
(60,75)
(61,80)
(61,81)
(63,67)
(67,75)
(68,83)
(69,88)
(73,79)
(73,82)
(73,88)
(73,92)
(73,98)
(75,91)
(76,78)
(77,90)
(78,80)
(79,82)
(79,86)
(80,90)
(81,84)
(81,87)
(81,90)
(81,98)
(83,91)
(83,97)
(85,86)
(85,93)
(86,93)
(86,96)
(91,97)
(92,96)
(92,98)
(93,95)
(93,96)
(93,99)
