Nodes: 180
Protection radius: 1.000000
Disaster radius: 0.500000
0: 1.215086 27.317057
1: 1.453612 24.793546
2: 2.408778 42.207733
3: 2.706367 63.741300
4: 3.160118 88.726642
5: 4.636815 64.332833
6: 4.773676 17.175961
7: 4.931565 84.179713
8: 5.231648 68.716513
9: 5.402779 79.520208
10: 6.189648 72.337980
11: 7.017197 21.290899
12: 7.130854 63.165694
13: 7.298785 0.635988
14: 7.327457 33.773467
15: 7.464954 91.365186
16: 8.255240 56.849015
17: 8.989272 16.927939
18: 9.215749 49.860802
19: 9.700407 72.999403
20: 11.944314 58.076150
21: 13.368932 39.226561
22: 13.799369 82.631477
23: 14.620665 79.117698
24: 14.683534 8.607422
25: 14.831108 15.901095
26: 15.557169 3.444426
27: 15.712853 38.454736
28: 15.932435 83.042650
29: 16.154090 34.333309
30: 16.428505 52.775936
31: 16.498863 65.184658
32: 16.663885 57.502594
33: 17.403714 19.257480
34: 17.605160 73.141236
35: 18.078691 27.150385
36: 18.650917 68.968349
37: 20.016513 18.394689
38: 20.357531 0.442459
39: 20.708359 59.804575
40: 20.946755 84.596533
41: 21.106301 7.422296
42: 23.848299 57.013201
43: 24.165608 33.197934
44: 24.330593 21.115632
45: 24.551734 86.757303
46: 24.711988 15.533372
47: 24.843501 61.815509
48: 25.974943 30.520241
49: 26.444881 38.285672
50: 26.453155 46.496645
51: 28.299714 83.188931
52: 28.380845 69.437324
53: 28.667970 40.959326
54: 28.754501 33.731362
55: 29.101677 19.345223
56: 30.128660 63.661539
57: 30.429151 15.612356
58: 30.548150 52.752738
59: 30.574018 58.952612
60: 30.651016 82.861524
61: 31.299820 18.674513
62: 31.583045 29.314228
63: 31.622090 46.703090
64: 31.709677 39.842100
65: 33.113896 9.322291
66: 33.924005 78.875406
67: 34.151735 51.279728
68: 34.880648 32.198924
69: 35.082262 86.549484
70: 35.287268 46.891991
71: 35.939496 19.620349
72: 35.999836 41.698563
73: 36.552912 14.506213
74: 36.681982 33.924374
75: 37.777736 25.009267
76: 38.019737 59.789111
77: 38.043571 91.746736
78: 38.372907 9.514254
79: 38.636519 56.280452
80: 39.121258 77.639476
81: 39.681256 66.923660
82: 39.844170 1.592139
83: 40.587700 59.943245
84: 41.153658 30.162504
85: 41.208087 62.172703
86: 42.143715 13.731026
87: 42.457335 76.235920
88: 42.489207 40.095375
89: 43.174561 84.143292
90: 44.040495 31.842842
91: 44.532218 17.225893
92: 44.587906 39.374521
93: 44.706802 21.797573
94: 45.310981 3.341182
95: 45.923252 63.389672
96: 46.341362 6.326120
97: 46.392693 45.445478
98: 47.103249 48.626841
99: 47.312794 91.978011
100: 49.282691 63.242555
101: 50.638037 84.388058
102: 50.812785 56.093100
103: 51.151847 41.179854
104: 51.348887 64.696941
105: 51.450532 76.485604
106: 51.592623 5.471315
107: 52.596668 11.893860
108: 52.753947 26.554666
109: 53.004440 47.769608
110: 55.460364 27.857255
111: 56.031505 16.792352
112: 56.515753 67.305937
113: 56.816342 31.711259
114: 56.876654 79.844606
115: 56.959131 53.143215
116: 57.241138 89.440278
117: 57.981080 24.637481
118: 58.154316 38.160091
119: 58.167462 64.535118
120: 58.490916 10.474345
121: 59.081890 77.998924
122: 59.101186 40.687201
123: 59.197607 12.667004
124: 59.752600 62.847557
125: 60.192925 59.597664
126: 62.061970 41.302628
127: 62.989711 74.831101
128: 63.378258 44.182121
129: 63.490232 27.659967
130: 63.840106 39.497183
131: 63.906088 58.635993
132: 64.514882 8.430304
133: 64.912031 0.816149
134: 65.076037 79.670168
135: 65.583771 75.817895
136: 65.602729 72.479504
137: 65.671155 64.933757
138: 65.771793 33.319865
139: 66.575861 30.507557
140: 67.063022 21.966596
141: 68.318872 47.752594
142: 70.301645 73.045263
143: 71.510779 88.181921
144: 71.672860 25.690633
145: 71.926195 0.031340
146: 72.354479 14.391427
147: 72.957327 36.973734
148: 72.977415 74.661083
149: 72.983830 8.631578
150: 74.421096 25.313245
151: 75.081498 41.749777
152: 75.513164 21.332094
153: 75.544248 33.766104
154: 76.782009 79.705672
155: 76.815834 89.848623
156: 78.699066 15.946583
157: 79.472887 7.397132
158: 79.902563 37.966332
159: 79.903123 1.026501
160: 80.486346 26.329672
161: 81.021954 87.166768
162: 81.179292 17.187011
163: 81.508794 52.196378
164: 81.619991 4.668451
165: 82.810477 78.700955
166: 83.470238 60.401496
167: 83.943537 48.752653
168: 84.163100 51.988464
169: 84.513057 24.483113
170: 85.826017 62.840225
171: 87.356573 70.317168
172: 88.313573 89.027231
173: 88.721233 30.310896
174: 90.029958 55.203762
175: 90.478835 81.107844
176: 90.610566 22.738454
177: 90.818602 61.282868
178: 91.308924 73.065004
179: 91.803109 85.616713
Edges
(0,2)
(1,11)
(2,3)
(3,16)
(4,15)
(5,8)
(6,11)
(6,13)
(6,17)
(6,24)
(7,9)
(8,12)
(9,22)
(9,23)
(10,19)
(11,14)
(11,35)
(12,19)
(13,26)
(15,28)
(15,45)
(16,18)
(16,20)
(17,25)
(18,20)
(18,21)
(19,23)
(21,29)
(21,30)
(23,34)
(23,40)
(24,41)
(25,37)
(27,30)
(30,32)
(30,50)
(31,39)
(31,47)
(33,35)
(34,36)
(34,40)
(34,51)
(35,43)
(35,44)
(35,48)
(36,52)
(38,65)
(38,82)
(39,42)
(40,45)
(40,51)
(41,65)
(42,59)
(44,48)
(44,55)
(45,51)
(45,69)
(46,57)
(47,52)
(47,56)
(49,53)
(50,53)
(50,63)
(52,66)
(53,63)
(54,64)
(55,62)
(56,59)
(56,76)
(56,81)
(57,61)
(58,67)
(59,67)
(59,76)
(60,66)
(61,73)
(63,67)
(64,72)
(64,74)
(65,73)
(66,80)
(66,81)
(67,70)
(68,84)
(69,77)
(69,80)
(69,89)
(71,75)
(72,74)
(74,84)
(74,90)
(75,93)
(76,81)
(76,83)
(76,85)
(78,82)
(78,94)
(78,96)
(79,83)
(79,98)
(79,102)
(80,81)
(81,85)
(82,94)
(82,145)
(83,85)
(83,102)
(86,107)
(87,104)
(87,105)
(88,90)
(89,99)
(89,101)
(89,105)
(90,92)
(90,93)
(90,108)
(91,93)
(91,107)
(92,97)
(92,103)
(93,111)
(94,106)
(95,102)
(95,104)
(97,98)
(98,102)
(99,101)
(99,116)
(99,155)
(100,104)
(101,105)
(102,104)
(102,109)
(104,112)
(104,119)
(104,125)
(105,112)
(106,120)
(108,110)
(109,115)
(110,117)
(111,123)
(112,119)
(112,127)
(112,137)
(113,118)
(113,138)
(114,121)
(115,128)
(116,143)
(118,138)
(119,137)
(120,123)
(120,133)
(121,134)
(122,126)
(122,130)
(123,132)
(123,140)
(123,146)
(124,131)
(125,131)
(126,128)
(127,135)
(127,136)
(128,141)
(129,138)
(129,139)
(130,147)
(131,163)
(131,166)
(134,154)
(135,142)
(135,148)
(137,142)
(139,144)
(140,144)
(140,146)
(140,152)
(146,149)
(146,156)
(147,151)
(148,165)
(148,166)
(148,170)
(150,153)
(151,158)
(152,160)
(153,158)
(153,160)
(154,161)
(154,165)
(157,162)
(157,164)
(158,167)
(159,176)
(161,172)
(162,164)
(163,166)
(164,176)
(166,168)
(166,174)
(169,173)
(169,176)
(170,177)
(171,177)
(172,179)
(173,176)
(174,176)
(174,177)
(175,179)
(176,178)
(177,178)
