Nodes: 20
Protection radius: 1.000000
Disaster radius: 0.500000
0: 0.572277 6.959446
1: 1.037082 4.752329
2: 1.214344 11.055787
3: 1.742224 0.042196
4: 2.417722 8.497633
5: 3.466837 13.527281
6: 3.543574 6.307489
7: 5.786115 7.563209
8: 5.993080 4.955803
9: 6.332660 0.295425
10: 8.124728 10.454355
11: 8.201898 4.419427
12: 9.188314 7.220646
13: 10.161353 5.019798
14: 10.200251 12.714508
15: 12.013911 4.078836
16: 12.086767 6.987283
17: 12.759249 0.830312
18: 13.081081 11.146110
19: 13.870698 2.980832
Edges
(0,3)
(1,2)
(1,6)
(2,16)
(3,6)
(3,9)
(3,17)
(4,7)
(4,8)
(4,11)
(4,17)
(4,19)
(5,10)
(7,13)
(8,17)
(10,18)
(12,16)
(13,16)
(14,18)
(15,16)
(16,18)
