Nodes: 20
Protection radius: 1.000000
Disaster radius: 0.500000
0: 0.335240 14.963708
1: 0.605886 3.070593
2: 0.708598 12.665660
3: 1.463973 7.873083
4: 1.706524 1.240441
5: 2.723111 5.905002
6: 3.318111 12.174177
7: 3.660644 0.405327
8: 5.500503 12.432973
9: 5.923291 10.347603
10: 7.231031 8.406837
11: 7.352566 14.894665
12: 7.683345 3.936847
13: 7.800951 1.641648
14: 10.119685 13.725749
15: 11.921240 7.049092
16: 12.753398 2.534028
17: 12.842687 11.817554
18: 13.703931 5.364681
19: 14.499931 8.755250
Edges
(0,11)
(0,13)
(1,7)
(1,13)
(2,5)
(3,5)
(4,7)
(5,13)
(6,9)
(6,10)
(8,14)
(10,14)
(12,14)
(13,14)
(14,16)
(14,17)
(15,17)
(16,18)
(18,19)
