Nodes: 20
Protection radius: 1.000000
Disaster radius: 0.500000
0: 0.869074 4.475613
1: 2.304416 13.397602
2: 2.939500 4.128863
3: 4.390604 14.161541
4: 5.131185 10.363272
5: 5.319164 1.236495
6: 5.726821 4.532302
7: 6.256950 14.914992
8: 6.776044 12.725254
9: 7.860400 9.012061
10: 7.931516 6.957188
11: 9.398045 14.900666
12: 9.460635 4.455316
13: 9.524682 0.610216
14: 11.658326 6.695020
15: 12.412976 9.158454
16: 12.559143 1.977490
17: 13.063361 13.896327
18: 14.383444 11.215823
19: 14.697819 1.531121
Edges
(0,1)
(0,3)
(0,4)
(0,7)
(2,9)
(2,10)
(2,17)
(5,13)
(6,10)
(6,12)
(6,13)
(7,11)
(8,9)
(8,11)
(12,14)
(12,15)
(12,16)
(13,19)
(17,18)
