Nodes: 100
Protection radius: 1.000000
Disaster radius: 0.500000
0: 0.025886 26.922418
1: 1.016915 36.283211
2: 1.242761 29.420010
3: 1.682350 49.846425
4: 2.035077 52.495338
5: 2.071624 32.208343
6: 2.458773 21.501476
7: 2.847844 26.618338
8: 2.938040 36.940920
9: 4.501684 10.374737
10: 5.269403 26.595907
11: 5.472200 18.905764
12: 6.173522 21.573791
13: 6.418501 45.656552
14: 6.887767 6.938090
15: 8.071255 58.250379
16: 10.207156 18.874052
17: 10.868892 41.668970
18: 10.880384 10.860930
19: 10.972295 13.163513
20: 11.238740 50.900574
21: 12.740569 3.432388
22: 12.824739 7.618036
23: 13.237250 59.261067
24: 13.735164 38.809354
25: 13.887673 46.653821
26: 14.888080 49.107390
27: 15.173338 16.626606
28: 15.174299 34.403703
29: 15.472934 40.283982
30: 15.839551 3.572014
31: 16.121599 47.326512
32: 17.340508 44.241029
33: 18.635751 26.741430
34: 19.282273 9.739650
35: 20.177406 19.191292
36: 20.644371 43.768752
37: 21.294289 28.410588
38: 21.348935 21.306582
39: 21.507926 61.645644
40: 22.380521 26.221527
41: 25.303841 38.423812
42: 25.328395 7.539908
43: 25.350994 29.051948
44: 25.359532 40.477179
45: 25.631468 50.109331
46: 27.369598 43.698788
47: 27.430617 22.507399
48: 27.456633 46.807544
49: 27.737661 17.042414
50: 28.135611 55.254988
51: 28.316044 39.107906
52: 28.420337 50.629800
53: 28.530975 29.836346
54: 28.717577 5.431794
55: 30.699621 18.244846
56: 31.545213 56.050616
57: 31.766882 28.997712
58: 32.763942 32.587675
59: 33.268734 1.724567
60: 35.498281 13.526616
61: 35.709483 41.430182
62: 36.012494 61.002720
63: 37.012050 11.059690
64: 37.436139 15.129688
65: 38.730931 52.796741
66: 41.013287 23.031894
67: 41.748025 1.375423
68: 41.780965 52.247080
69: 42.127953 34.456572
70: 43.672903 3.777204
71: 44.143353 47.600152
72: 44.637131 31.162082
73: 44.927643 22.732932
74: 45.247562 55.043411
75: 45.425640 37.629525
76: 45.908974 3.930802
77: 46.972156 18.923921
78: 47.141453 0.628168
79: 47.296794 41.405499
80: 47.902489 35.611786
81: 48.110111 8.425611
82: 49.911670 22.505206
83: 50.067846 39.366632
84: 50.679169 48.519041
85: 51.156141 12.428789
86: 52.875248 28.161497
87: 53.031946 2.242721
88: 53.362337 7.774821
89: 54.485838 38.219300
90: 55.050418 54.077110
91: 56.172223 1.365776
92: 56.535186 60.400577
93: 57.728978 34.287927
94: 58.471958 36.434052
95: 59.186871 23.924164
96: 59.206013 58.109644
97: 59.485067 6.381606
98: 61.689490 41.271544
99: 61.776000 14.912683
Edges
(0,8)
(0,12)
(0,47)
(1,13)
(2,28)
(2,75)
(3,4)
(4,65)
(5,25)
(6,18)
(7,95)
(8,25)
(9,63)
(10,57)
(10,75)
(11,19)
(11,38)
(11,66)
(13,20)
(14,21)
(14,67)
(15,50)
(16,95)
(17,24)
(18,63)
(18,64)
(18,82)
(19,49)
(19,82)
(20,26)
(22,54)
(22,63)
(23,39)
(24,25)
(24,28)
(24,32)
(24,89)
(25,31)
(26,48)
(26,51)
(26,61)
(26,83)
(26,89)
(27,35)
(27,82)
(29,44)
(30,59)
(32,36)
(33,40)
(34,63)
(37,58)
(37,75)
(39,50)
(40,57)
(40,86)
(40,95)
(41,89)
(42,63)
(43,80)
(44,51)
(45,65)
(46,51)
(50,56)
(50,62)
(52,65)
(52,71)
(52,79)
(52,89)
(52,94)
(53,57)
(55,82)
(56,65)
(56,68)
(56,74)
(59,67)
(60,82)
(63,67)
(63,88)
(63,95)
(67,76)
(67,87)
(67,97)
(69,80)
(69,89)
(70,76)
(71,92)
(72,93)
(73,95)
(77,82)
(78,87)
(80,93)
(81,97)
(84,92)
(85,97)
(87,91)
(90,96)
(90,98)
(97,98)
(98,99)
