Nodes: 20
Protection radius: 1.000000
Disaster radius: 0.500000
0: 1.113670 4.227106
1: 1.278576 1.552513
2: 2.942233 10.763586
3: 3.368977 5.524844
4: 3.507920 7.775694
5: 4.219548 13.898151
6: 6.018898 5.512692
7: 6.563291 2.940250
8: 6.887600 7.737257
9: 7.542238 0.021565
10: 8.055967 9.799578
11: 9.228714 7.382579
12: 9.681559 1.082335
13: 10.539054 3.284681
14: 11.228626 10.554049
15: 11.663815 5.026074
16: 12.435601 2.425585
17: 12.629669 0.406128
18: 13.241690 7.202044
19: 13.359949 11.264452
Edges
(0,4)
(0,7)
(1,9)
(2,5)
(2,10)
(2,14)
(2,19)
(3,7)
(4,6)
(4,19)
(5,19)
(6,12)
(7,9)
(8,16)
(8,17)
(11,15)
(13,17)
(14,19)
(15,16)
(15,19)
(17,18)
(17,19)
