Nodes: 100
Protection radius: 1.000000
Disaster radius: 0.500000
0: 0.166435 7.136850
1: 0.314668 3.166320
2: 0.574611 51.197939
3: 1.803356 32.441651
4: 2.470438 8.964878
5: 2.903737 38.703619
6: 4.404493 1.185784
7: 4.574067 6.467076
8: 4.822029 22.594678
9: 4.835290 9.730493
10: 5.446739 37.978587
11: 5.872457 20.182967
12: 6.112382 44.523103
13: 6.236604 49.607047
14: 6.824175 6.427771
15: 7.377733 2.287796
16: 8.050747 21.608510
17: 8.723998 31.814862
18: 9.565290 40.666889
19: 9.837515 23.032465
20: 10.428835 29.616379
21: 10.628559 46.074919
22: 10.761316 9.005793
23: 11.213398 34.756798
24: 11.580496 0.916366
25: 12.490509 3.649638
26: 14.175465 0.149081
27: 14.309779 24.375791
28: 14.398339 37.760022
29: 14.625866 39.930440
30: 15.607210 14.341109
31: 16.082673 6.791581
32: 16.272953 4.641043
33: 17.253572 16.201695
34: 17.378368 38.221526
35: 17.997647 52.996650
36: 18.402654 0.381095
37: 21.061266 8.363120
38: 21.222439 48.363551
39: 21.691298 5.723376
40: 21.977346 31.542146
41: 22.393239 29.091927
42: 23.631920 45.234733
43: 23.668808 47.621856
44: 24.123507 9.038666
45: 25.191509 34.394377
46: 25.527894 20.282078
47: 26.258510 2.155578
48: 26.291382 10.357511
49: 26.641030 35.866764
50: 26.973489 16.323364
51: 27.105336 14.148625
52: 27.530673 52.371940
53: 28.652906 1.360436
54: 28.954381 39.730717
55: 29.820310 4.746322
56: 30.759902 38.291989
57: 31.247506 27.636840
58: 31.804223 15.185766
59: 32.756341 19.887805
60: 33.460161 13.591774
61: 33.868329 9.801774
62: 34.094267 3.608689
63: 34.137997 52.288608
64: 34.163361 7.345444
65: 34.228914 50.176820
66: 34.981181 24.698118
67: 35.009123 42.633596
68: 35.188973 46.581361
69: 35.757135 36.625545
70: 36.092821 44.682646
71: 36.783130 23.250825
72: 37.032878 48.651750
73: 39.075858 26.529596
74: 39.355829 42.640376
75: 39.757186 47.886897
76: 39.838314 4.573720
77: 40.119390 35.156083
78: 40.830240 15.087170
79: 42.473941 36.811004
80: 43.947854 9.024637
81: 44.345098 28.397393
82: 44.599088 23.025848
83: 44.603962 32.321739
84: 45.784960 14.837101
85: 46.143811 45.528321
86: 46.792526 16.693033
87: 47.003224 0.259879
88: 47.455421 52.309889
89: 47.541937 36.535891
90: 47.549911 8.165224
91: 47.855445 3.154882
92: 48.391243 39.147035
93: 48.508638 20.647273
94: 49.631767 23.441103
95: 50.506155 33.242256
96: 51.149722 12.035728
97: 51.537256 26.746425
98: 53.089343 7.277494
99: 53.968314 41.958301
Edges
(0,1)
(0,3)
(0,4)
(0,11)
(0,16)
(0,23)
(1,7)
(1,9)
(1,16)
(2,3)
(2,12)
(2,13)
(2,23)
(2,35)
(2,52)
(2,65)
(3,8)
(5,17)
(5,23)
(6,7)
(6,26)
(6,31)
(6,32)
(6,37)
(6,44)
(7,19)
(7,23)
(10,23)
(11,16)
(12,18)
(12,23)
(12,28)
(13,28)
(13,65)
(14,22)
(14,31)
(14,38)
(14,42)
(14,46)
(14,48)
(14,57)
(14,65)
(14,72)
(15,44)
(16,23)
(18,28)
(19,28)
(19,34)
(20,28)
(21,28)
(22,93)
(24,32)
(25,44)
(26,44)
(27,43)
(29,34)
(29,38)
(30,67)
(30,72)
(31,48)
(33,67)
(34,38)
(35,52)
(36,53)
(36,58)
(36,98)
(37,44)
(38,65)
(39,44)
(39,48)
(40,42)
(40,65)
(41,45)
(41,54)
(41,65)
(43,65)
(46,50)
(46,51)
(47,58)
(47,62)
(49,68)
(49,72)
(50,69)
(50,73)
(51,73)
(53,76)
(53,87)
(55,62)
(55,80)
(56,72)
(57,67)
(57,69)
(57,72)
(58,60)
(58,93)
(59,81)
(59,82)
(59,94)
(60,84)
(60,86)
(61,84)
(62,90)
(62,96)
(63,88)
(64,80)
(65,75)
(66,69)
(66,73)
(68,72)
(69,70)
(70,74)
(70,75)
(71,73)
(73,74)
(73,81)
(74,77)
(75,79)
(75,81)
(75,83)
(75,85)
(75,88)
(76,87)
(76,91)
(76,98)
(78,84)
(79,81)
(80,93)
(80,97)
(81,97)
(83,99)
(85,88)
(85,89)
(91,98)
(92,99)
(95,97)
(95,99)
