Nodes: 140
Protection radius: 1.000000
Disaster radius: 0.500000
0: 1.477295 12.317114
1: 2.684359 74.120388
2: 2.801369 31.334970
3: 3.244510 55.939712
4: 4.074189 39.439540
5: 4.527495 35.261432
6: 6.189546 12.261183
7: 6.307545 6.546223
8: 6.356204 30.456138
9: 6.411625 43.587319
10: 6.460271 67.338950
11: 8.052300 34.394229
12: 8.222502 23.401679
13: 9.263089 20.818712
14: 9.408597 52.178541
15: 9.503541 56.331222
16: 9.576824 43.699423
17: 9.686083 49.965891
18: 9.750431 46.975574
19: 9.955216 73.972464
20: 10.043672 62.841154
21: 10.134470 66.394529
22: 13.235785 58.185707
23: 13.708300 28.333957
24: 14.502911 11.897942
25: 14.875666 62.985266
26: 17.168863 11.635930
27: 17.226945 77.316201
28: 18.197604 49.207829
29: 19.246699 65.704439
30: 19.278421 61.576292
31: 20.364248 69.639703
32: 20.653229 77.940344
33: 20.821634 27.217743
34: 21.018159 33.832875
35: 21.584539 0.301821
36: 21.763543 22.757156
37: 22.733178 7.254966
38: 23.127191 47.109723
39: 23.264142 25.837732
40: 24.042177 34.538229
41: 24.985632 53.805555
42: 25.731240 73.930186
43: 26.984097 14.512571
44: 27.118078 1.094719
45: 27.346692 45.973573
46: 27.432694 41.656391
47: 29.071886 59.245832
48: 29.196512 76.605600
49: 30.468946 13.523038
50: 31.463999 75.397399
51: 31.696781 64.597747
52: 32.014064 2.879504
53: 33.244051 12.926342
54: 33.932949 56.167425
55: 34.788538 8.873042
56: 35.452529 38.777989
57: 36.390120 5.468559
58: 36.827119 54.587724
59: 36.924717 10.882701
60: 37.127064 20.015697
61: 37.186299 74.525819
62: 37.398754 23.074157
63: 37.942922 35.986792
64: 38.746479 64.082935
65: 38.819810 15.693088
66: 40.069184 27.064854
67: 40.725408 33.128075
68: 40.947461 66.284921
69: 40.985327 13.425440
70: 42.527664 25.585172
71: 42.751110 62.604885
72: 42.916743 4.159478
73: 42.980382 41.726777
74: 43.089854 67.655245
75: 43.326464 54.550772
76: 43.361548 75.650482
77: 43.483232 20.487940
78: 44.186483 18.105512
79: 44.291740 15.799312
80: 44.923876 8.583947
81: 45.148045 66.803455
82: 45.809570 55.887532
83: 46.032955 60.345329
84: 46.436170 12.046138
85: 46.657651 36.245969
86: 46.754398 38.545087
87: 47.109544 76.972344
88: 47.536394 50.103916
89: 47.803858 69.162092
90: 47.990650 5.504645
91: 49.441178 72.705682
92: 50.954520 61.099420
93: 53.158744 54.747242
94: 54.043891 7.548758
95: 54.127719 41.218099
96: 54.339895 68.758018
97: 54.344399 29.367833
98: 54.676388 70.740499
99: 54.725765 62.736740
100: 54.895408 38.646173
101: 55.124283 48.610939
102: 56.158051 56.076627
103: 56.264587 53.581414
104: 56.561472 9.407108
105: 57.071952 38.820904
106: 57.673880 74.032449
107: 57.788617 22.364245
108: 58.937573 12.161666
109: 59.270869 77.723214
110: 59.464886 24.152684
111: 60.055417 44.228406
112: 61.931663 5.122725
113: 62.196696 8.373050
114: 62.750467 70.201218
115: 62.867774 20.962220
116: 64.108907 49.110235
117: 64.244103 33.108298
118: 64.515987 10.878068
119: 64.548003 18.957943
120: 64.894634 27.177838
121: 65.470424 63.575665
122: 65.492334 55.009740
123: 66.630538 68.094357
124: 67.038001 33.623630
125: 67.211239 2.716866
126: 68.377360 57.588909
127: 68.435842 47.884295
128: 68.539316 69.552054
129: 68.592405 42.064320
130: 68.730729 31.766558
131: 69.224839 73.518784
132: 71.138619 64.158497
133: 71.507015 43.347305
134: 71.632799 57.969765
135: 71.685096 38.691448
136: 72.459128 73.779077
137: 73.197424 19.403162
138: 74.921999 18.182482
139: 78.899926 77.172471
Edges
(0,2)
(0,6)
(0,12)
(1,27)
(2,3)
(2,4)
(2,8)
(3,9)
(3,10)
(3,15)
(3,20)
(4,9)
(4,16)
(5,11)
(6,7)
(6,13)
(7,35)
(8,12)
(8,23)
(9,16)
(9,17)
(10,21)
(11,16)
(11,23)
(13,23)
(13,36)
(14,17)
(14,22)
(14,28)
(15,20)
(17,28)
(18,28)
(19,21)
(19,31)
(20,21)
(20,22)
(21,31)
(22,25)
(22,30)
(23,33)
(24,26)
(25,30)
(26,37)
(27,32)
(28,30)
(28,34)
(28,41)
(29,51)
(30,41)
(31,51)
(32,109)
(33,36)
(33,40)
(34,40)
(36,39)
(37,43)
(37,44)
(38,46)
(39,62)
(40,46)
(40,63)
(42,48)
(43,49)
(43,60)
(44,52)
(44,125)
(45,46)
(45,54)
(47,54)
(48,61)
(48,87)
(49,52)
(49,53)
(50,61)
(51,61)
(52,55)
(52,57)
(53,65)
(54,58)
(54,64)
(55,59)
(56,58)
(57,59)
(58,64)
(59,69)
(59,72)
(60,62)
(60,65)
(60,77)
(61,64)
(61,76)
(62,63)
(62,70)
(63,67)
(65,77)
(65,78)
(65,79)
(66,70)
(67,73)
(68,71)
(68,74)
(69,79)
(71,74)
(71,75)
(72,80)
(73,75)
(75,83)
(75,88)
(76,87)
(76,91)
(77,78)
(78,107)
(79,84)
(80,84)
(81,89)
(81,92)
(82,83)
(82,88)
(82,92)
(84,94)
(84,107)
(85,100)
(86,88)
(86,100)
(89,91)
(89,96)
(90,94)
(90,112)
(90,125)
(91,98)
(91,106)
(93,101)
(93,102)
(93,103)
(94,104)
(95,101)
(95,105)
(96,98)
(96,114)
(97,105)
(97,107)
(97,117)
(99,121)
(102,103)
(102,122)
(103,116)
(103,122)
(104,113)
(106,109)
(106,114)
(107,115)
(108,115)
(108,118)
(109,114)
(109,131)
(110,115)
(110,117)
(110,120)
(111,117)
(111,129)
(112,113)
(113,125)
(114,128)
(114,131)
(115,119)
(115,120)
(117,130)
(118,125)
(119,120)
(119,137)
(120,130)
(120,137)
(121,122)
(121,123)
(121,126)
(122,127)
(123,128)
(124,130)
(127,129)
(127,133)
(128,131)
(129,135)
(130,138)
(131,136)
(132,134)
(132,136)
(133,134)
(133,135)
(133,139)
(135,138)
(135,139)
(137,138)
(138,139)
