Nodes: 100
Protection radius: 1.000000
Disaster radius: 0.500000
0: 0.309737 44.156996
1: 0.754286 3.829396
2: 1.910598 0.147427
3: 2.211407 21.771535
4: 2.294166 38.894412
5: 2.858598 16.031541
6: 3.698823 24.156501
7: 5.906318 6.600720
8: 6.519310 19.837513
9: 6.690291 34.875046
10: 6.727355 49.584827
11: 7.505240 40.180696
12: 7.532939 47.596084
13: 7.718189 8.380005
14: 8.160320 16.736970
15: 9.026376 23.174006
16: 9.147800 36.643750
17: 9.594626 3.612884
18: 10.066886 44.313026
19: 10.215786 47.024686
20: 11.595129 33.572723
21: 13.898820 34.219986
22: 14.340361 40.177083
23: 14.634707 46.768270
24: 15.485265 14.679551
25: 15.909986 31.246955
26: 16.483716 49.150263
27: 17.046070 23.654792
28: 17.198167 46.266360
29: 17.769457 2.276255
30: 19.231523 34.553232
31: 19.308676 54.598523
32: 19.860937 28.903302
33: 19.993048 52.463336
34: 20.842986 26.514148
35: 20.974508 14.545572
36: 21.309831 16.929885
37: 22.004716 52.968935
38: 22.266699 28.078844
39: 22.422764 33.302805
40: 23.388958 42.884625
41: 24.486346 12.441261
42: 24.876899 55.169984
43: 26.208197 22.990505
44: 26.722986 51.473884
45: 26.766958 3.413170
46: 27.018830 17.876085
47: 28.025309 31.293074
48: 28.309460 15.054118
49: 28.821969 54.404509
50: 29.050729 45.105565
51: 29.207185 36.081475
52: 29.916395 29.260660
53: 30.235716 31.846900
54: 30.824484 4.028325
55: 31.176223 40.869875
56: 31.433669 44.267282
57: 32.391745 32.742336
58: 32.684325 55.048800
59: 33.450232 24.245109
60: 33.569330 27.411313
61: 33.674841 4.249949
62: 35.496904 0.268282
63: 35.692951 11.264675
64: 36.315423 37.553645
65: 36.635051 55.769190
66: 36.770661 2.966900
67: 36.838751 44.295635
68: 37.350951 19.462585
69: 37.900576 26.183365
70: 39.225884 16.122105
71: 39.951062 7.216229
72: 40.597872 31.041394
73: 41.698127 28.005473
74: 42.436907 37.005430
75: 42.894158 24.333362
76: 43.244469 51.154947
77: 43.384706 26.784524
78: 43.451008 39.311921
79: 44.121283 31.096987
80: 44.199275 35.614774
81: 44.543061 4.336288
82: 45.451440 54.110198
83: 45.965203 47.664877
84: 46.104897 6.500960
85: 47.024360 1.886395
86: 47.783079 43.314548
87: 49.249880 8.984457
88: 49.540927 4.898454
89: 49.721329 26.337874
90: 50.168940 22.936805
91: 50.381155 16.129041
92: 51.252851 54.748295
93: 51.739925 41.879057
94: 52.268104 24.229333
95: 53.132636 52.592562
96: 53.625405 11.535344
97: 54.478957 38.210313
98: 54.483282 0.806736
99: 54.860247 17.232558
Edges
(0,1)
(0,12)
(2,7)
(3,5)
(4,9)
(5,8)
(5,14)
(6,8)
(6,15)
(7,17)
(9,11)
(9,16)
(9,20)
(10,12)
(10,26)
(10,31)
(13,17)
(15,20)
(17,24)
(18,22)
(18,23)
(19,23)
(20,21)
(21,25)
(22,40)
(23,28)
(24,27)
(24,35)
(24,36)
(25,30)
(25,32)
(26,33)
(29,45)
(32,38)
(32,39)
(33,40)
(34,36)
(35,41)
(36,43)
(36,46)
(37,40)
(37,42)
(37,44)
(38,52)
(39,47)
(40,51)
(41,45)
(42,49)
(44,50)
(46,48)
(46,59)
(48,63)
(50,58)
(51,53)
(51,64)
(52,53)
(52,57)
(52,60)
(54,61)
(54,63)
(55,67)
(56,67)
(59,68)
(61,62)
(61,71)
(64,67)
(64,78)
(65,67)
(65,82)
(65,92)
(66,71)
(67,76)
(68,75)
(69,73)
(69,75)
(70,75)
(71,81)
(72,74)
(72,79)
(75,89)
(75,90)
(77,79)
(78,86)
(79,89)
(80,97)
(81,85)
(83,86)
(84,87)
(86,95)
(87,96)
(88,98)
(90,94)
(91,96)
(93,95)
(93,97)
(94,97)
(96,98)
(97,99)
(98,99)
