Nodes: 100
Protection radius: 1.000000
Disaster radius: 0.500000
0: 0.350115 33.949597
1: 1.453171 26.611063
2: 2.159008 33.079237
3: 2.905994 5.257760
4: 4.237873 31.547458
5: 4.247403 9.132268
6: 4.328321 49.303926
7: 4.873159 16.442581
8: 4.937784 26.905688
9: 4.954200 21.285298
10: 5.419768 51.104588
11: 5.538273 55.616544
12: 7.347035 44.838163
13: 9.531316 44.189736
14: 9.705718 19.065450
15: 9.726191 48.844294
16: 9.984189 26.986468
17: 10.528028 6.607997
18: 12.217784 56.470581
19: 13.580338 54.106241
20: 14.669280 2.896925
21: 14.880283 44.593869
22: 15.330610 24.027081
23: 15.535483 18.286308
24: 16.799567 53.206939
25: 17.078383 26.330883
26: 17.631410 34.322741
27: 18.290394 37.508393
28: 18.724322 41.486864
29: 19.766787 16.177798
30: 21.889030 26.218855
31: 22.109406 14.569586
32: 23.524983 51.254252
33: 23.697059 34.053011
34: 23.731838 24.639946
35: 23.951716 12.126645
36: 25.557900 18.693955
37: 27.679876 29.503863
38: 28.130283 40.707089
39: 28.230800 14.109441
40: 29.144846 0.965897
41: 29.890148 25.157983
42: 30.481738 53.157964
43: 31.086308 57.141393
44: 31.902419 28.463894
45: 32.055619 40.613352
46: 32.082855 44.548846
47: 32.620379 51.862120
48: 33.513684 10.120875
49: 33.614634 5.710596
50: 33.656704 46.269220
51: 34.147956 1.245014
52: 35.463151 22.731162
53: 36.010017 56.535137
54: 37.293945 34.844348
55: 37.603265 52.260378
56: 38.167782 25.196701
57: 38.224226 29.886221
58: 38.780512 56.116676
59: 38.810522 0.822609
60: 39.176981 31.870732
61: 39.396676 21.325786
62: 39.731984 14.312510
63: 40.295978 41.611998
64: 41.334487 47.202242
65: 42.788861 22.937447
66: 42.954839 20.012577
67: 43.486141 10.900904
68: 44.198731 28.288276
69: 44.290357 0.507794
70: 44.423816 15.465812
71: 44.484519 47.742732
72: 45.009831 21.714969
73: 45.103158 42.944548
74: 45.388261 35.109874
75: 45.859904 17.409240
76: 46.443281 32.008908
77: 47.322594 46.424922
78: 49.353417 43.858143
79: 49.367902 2.096829
80: 49.442537 21.692653
81: 49.518824 33.375932
82: 50.332701 46.127547
83: 51.054499 23.184504
84: 51.741219 28.768151
85: 51.858155 36.540640
86: 52.339320 43.348390
87: 52.714963 24.608823
88: 52.718675 13.009799
89: 52.761325 50.231890
90: 53.365421 33.571847
91: 54.001513 20.829853
92: 54.927183 38.605522
93: 54.938176 18.438584
94: 54.982386 15.910612
95: 55.776409 24.864472
96: 56.329832 57.669144
97: 57.205609 21.219958
98: 57.825939 13.379353
99: 57.862248 39.232542
Edges
(0,1)
(0,6)
(0,11)
(1,2)
(2,4)
(2,12)
(3,5)
(3,17)
(4,13)
(6,10)
(6,11)
(6,12)
(7,9)
(7,14)
(7,17)
(8,9)
(11,18)
(13,15)
(14,16)
(14,23)
(15,19)
(15,21)
(15,24)
(16,25)
(16,26)
(17,20)
(17,23)
(20,35)
(21,28)
(22,23)
(23,29)
(24,32)
(24,43)
(25,26)
(26,30)
(26,33)
(27,28)
(27,33)
(28,32)
(28,33)
(28,38)
(29,34)
(29,36)
(30,33)
(30,37)
(31,36)
(32,42)
(32,43)
(33,37)
(34,36)
(34,37)
(35,49)
(37,44)
(38,45)
(39,52)
(39,62)
(40,51)
(40,69)
(41,52)
(42,46)
(44,52)
(44,54)
(44,57)
(45,54)
(46,47)
(47,53)
(47,55)
(48,49)
(49,51)
(49,59)
(50,55)
(50,63)
(50,64)
(52,62)
(53,96)
(54,63)
(54,74)
(55,58)
(56,61)
(57,60)
(58,71)
(58,96)
(59,67)
(60,68)
(60,74)
(61,65)
(63,74)
(65,72)
(66,72)
(70,75)
(70,88)
(71,73)
(72,75)
(73,77)
(73,78)
(74,76)
(74,81)
(75,93)
(76,84)
(77,82)
(79,98)
(80,93)
(81,84)
(83,87)
(85,90)
(85,92)
(86,89)
(86,92)
(87,91)
(88,98)
(89,96)
(91,95)
(92,99)
(94,98)
(95,99)
(97,98)
(97,99)
(98,99)
