Nodes: 180
Protection radius: 1.000000
Disaster radius: 0.500000
0: 0.789442 91.053955
1: 1.153336 80.262983
2: 1.220581 5.651645
3: 2.558217 96.385910
4: 2.570766 29.828992
5: 2.721893 53.695546
6: 2.727992 50.470650
7: 3.086757 81.691344
8: 3.415977 93.122162
9: 3.843450 33.807864
10: 5.009013 52.535238
11: 5.482386 99.941470
12: 5.949144 15.975682
13: 6.816524 3.347659
14: 9.805764 91.476371
15: 10.211489 48.215851
16: 10.546945 61.348143
17: 10.589057 29.758560
18: 10.697862 97.597655
19: 11.919646 91.241564
20: 11.965179 20.443275
21: 12.754293 82.136186
22: 13.166444 48.786593
23: 13.549093 98.441911
24: 14.131297 57.285901
25: 15.012208 79.976772
26: 15.108332 30.581154
27: 15.679396 77.465385
28: 15.921370 83.321258
29: 16.178622 24.581089
30: 16.188129 71.685938
31: 18.165265 24.896981
32: 19.638511 99.133393
33: 21.539752 58.114601
34: 21.603904 10.136824
35: 22.178744 85.906649
36: 22.997753 55.262317
37: 23.410135 37.791021
38: 24.301841 76.141020
39: 24.637014 23.355694
40: 24.855217 70.145768
41: 26.614687 84.926704
42: 27.089106 27.759696
43: 27.276089 82.879242
44: 27.619351 70.893894
45: 27.898224 21.867639
46: 28.179795 1.934504
47: 28.605224 42.734770
48: 28.641419 85.681393
49: 28.744167 60.537153
50: 29.304229 17.582974
51: 29.388234 93.307928
52: 29.865355 19.966706
53: 29.994467 38.677149
54: 30.254179 36.029079
55: 31.159830 49.024232
56: 31.368474 96.958663
57: 31.533415 87.228367
58: 31.954276 76.549454
59: 32.249774 7.821617
60: 32.316896 80.428324
61: 32.397927 68.117789
62: 32.523281 62.373206
63: 32.727702 71.416432
64: 32.792125 41.186058
65: 32.908033 21.770943
66: 33.564069 83.481021
67: 33.661400 92.448071
68: 33.885982 14.573822
69: 33.947571 29.733271
70: 34.311663 33.416989
71: 35.197310 75.044991
72: 37.245212 62.524614
73: 37.249102 48.628858
74: 37.517989 31.007568
75: 37.988639 80.421503
76: 38.498551 6.964866
77: 39.106061 8.909829
78: 40.243529 38.999062
79: 40.395119 53.433341
80: 40.495808 99.057471
81: 40.943710 10.536994
82: 41.421965 94.886920
83: 41.472303 30.411011
84: 41.478220 22.339363
85: 41.503101 92.745657
86: 41.917717 79.853255
87: 42.103486 43.791110
88: 42.533689 68.158123
89: 43.275420 0.663852
90: 43.304207 64.821229
91: 44.021251 49.515917
92: 44.469711 34.309787
93: 45.223333 63.561992
94: 45.340255 89.702005
95: 45.787691 18.172701
96: 47.341737 37.398420
97: 47.739702 82.300054
98: 48.783311 61.468474
99: 49.812433 67.535413
100: 50.036762 3.670521
101: 50.753319 81.665494
102: 51.662710 11.610386
103: 51.809964 92.038788
104: 51.855136 71.422957
105: 51.901387 57.259901
106: 52.404823 88.041240
107: 52.434548 27.167367
108: 53.081926 67.450051
109: 53.972200 50.101695
110: 54.031385 86.746210
111: 55.183565 95.790909
112: 56.114399 90.003736
113: 56.953984 16.000428
114: 57.152433 35.035353
115: 57.444837 28.936803
116: 58.105823 42.764319
117: 58.552979 5.570585
118: 59.160750 93.724195
119: 59.791538 90.532570
120: 60.584356 1.373122
121: 61.188600 86.849818
122: 61.717354 28.969237
123: 61.894810 26.860059
124: 62.554381 13.495168
125: 63.541135 65.943824
126: 63.733928 97.676234
127: 63.820504 42.971520
128: 64.762699 54.638747
129: 65.721958 24.671127
130: 66.625848 88.360002
131: 67.647044 81.128600
132: 68.781640 64.142212
133: 69.712797 3.023372
134: 72.069149 41.750648
135: 72.266304 53.876478
136: 72.526930 47.476795
137: 72.932908 35.140804
138: 73.765441 61.132709
139: 74.423581 43.718496
140: 75.092336 50.783968
141: 75.695161 26.876485
142: 75.721794 70.216470
143: 77.529489 83.177609
144: 77.672361 75.673347
145: 78.793398 57.522460
146: 79.197604 40.484493
147: 79.207524 73.287933
148: 80.542527 51.639172
149: 80.943570 78.990493
150: 81.953427 23.880390
151: 82.198712 81.927277
152: 82.306158 31.200337
153: 82.419441 47.547097
154: 83.239417 15.006403
155: 84.633678 85.873262
156: 85.019597 18.192672
157: 85.581986 14.618162
158: 86.533619 30.495978
159: 87.106804 10.900565
160: 87.439865 68.711334
161: 87.676712 50.492072
162: 87.814167 18.412318
163: 89.469712 90.435191
164: 90.316321 73.671412
165: 90.679112 36.082117
166: 90.805745 3.063856
167: 90.896612 27.818620
168: 90.948164 7.255209
169: 91.330441 55.207276
170: 92.347354 29.895548
171: 92.988459 68.533878
172: 93.047235 13.166683
173: 93.111191 59.980529
174: 93.314433 35.559882
175: 94.502464 72.662670
176: 97.540986 27.334619
177: 98.054843 77.718940
178: 98.773807 68.513651
179: 99.082572 35.416414
Edges
(0,2)
(0,8)
(1,7)
(1,16)
(2,13)
(3,8)
(3,11)
(3,18)
(4,12)
(4,20)
(5,6)
(5,10)
(5,16)
(7,14)
(7,27)
(8,18)
(9,17)
(11,18)
(11,23)
(11,80)
(13,46)
(14,18)
(14,19)
(15,26)
(16,33)
(17,20)
(17,29)
(18,19)
(18,23)
(19,21)
(19,23)
(20,29)
(20,34)
(21,25)
(21,27)
(21,28)
(22,24)
(22,26)
(23,32)
(25,28)
(25,38)
(26,29)
(27,30)
(27,38)
(28,35)
(30,40)
(31,34)
(32,51)
(32,56)
(33,36)
(33,40)
(33,49)
(34,39)
(34,59)
(35,38)
(35,41)
(37,47)
(37,53)
(38,58)
(39,42)
(39,50)
(40,49)
(41,48)
(41,51)
(42,54)
(42,69)
(43,58)
(43,66)
(44,58)
(44,63)
(45,50)
(45,52)
(45,65)
(46,59)
(46,76)
(46,89)
(47,55)
(48,51)
(49,55)
(49,62)
(50,52)
(52,65)
(55,62)
(56,67)
(57,66)
(58,63)
(58,71)
(59,76)
(60,66)
(61,62)
(62,72)
(62,79)
(63,88)
(64,78)
(65,68)
(65,69)
(65,84)
(66,75)
(66,85)
(67,80)
(67,85)
(68,77)
(68,84)
(69,74)
(69,84)
(70,74)
(70,78)
(71,75)
(73,79)
(73,87)
(73,91)
(74,78)
(74,83)
(74,92)
(75,85)
(78,92)
(78,96)
(79,91)
(79,93)
(79,98)
(79,105)
(80,82)
(80,103)
(80,111)
(80,126)
(81,95)
(81,100)
(82,94)
(83,84)
(86,97)
(87,109)
(88,99)
(88,104)
(89,100)
(90,99)
(92,107)
(94,97)
(94,103)
(95,107)
(95,113)
(96,107)
(96,109)
(97,106)
(98,99)
(98,105)
(100,117)
(100,120)
(101,121)
(102,117)
(103,106)
(103,111)
(104,108)
(104,131)
(105,108)
(105,109)
(105,125)
(107,115)
(109,116)
(109,127)
(109,128)
(110,112)
(112,118)
(113,115)
(113,117)
(113,123)
(114,115)
(115,122)
(115,123)
(116,127)
(118,119)
(119,121)
(120,133)
(120,166)
(121,131)
(122,123)
(122,137)
(124,129)
(125,128)
(125,131)
(125,132)
(127,128)
(127,134)
(127,136)
(128,135)
(129,137)
(130,131)
(130,143)
(130,155)
(131,142)
(132,138)
(132,142)
(133,154)
(133,159)
(133,166)
(134,137)
(135,136)
(135,138)
(135,140)
(135,145)
(136,140)
(137,141)
(137,146)
(139,140)
(139,146)
(139,153)
(140,145)
(140,153)
(141,150)
(142,160)
(143,144)
(145,160)
(145,173)
(146,152)
(146,153)
(146,165)
(147,149)
(148,153)
(149,151)
(150,162)
(151,155)
(151,164)
(152,165)
(154,156)
(155,163)
(155,164)
(155,177)
(157,159)
(157,172)
(158,165)
(158,167)
(158,170)
(159,166)
(159,168)
(160,173)
(161,165)
(161,169)
(161,179)
(162,167)
(164,171)
(164,175)
(166,172)
(168,172)
(169,173)
(171,175)
(173,179)
(174,179)
(176,179)
(177,178)
