Nodes: 100
Protection radius: 1.000000
Disaster radius: 0.500000
0: 0.830962 12.843202
1: 1.303636 42.928122
2: 1.919860 33.409489
3: 1.933869 54.651890
4: 2.846092 6.297431
5: 3.673138 38.707401
6: 4.163923 49.212747
7: 5.820595 54.703739
8: 6.018837 50.181341
9: 6.744039 24.396256
10: 6.957738 11.043524
11: 7.599100 20.603296
12: 7.789941 33.493972
13: 8.735992 17.688668
14: 9.814956 37.175494
15: 10.802666 3.044489
16: 10.959840 20.451734
17: 11.251260 0.063191
18: 11.907561 42.144105
19: 12.131581 11.337738
20: 12.231422 37.481549
21: 12.747706 55.000596
22: 12.833498 7.004894
23: 13.332959 3.668839
24: 13.789159 29.296168
25: 14.442616 27.175861
26: 14.511164 1.587512
27: 15.130066 17.290125
28: 15.880355 40.180816
29: 15.951378 24.363003
30: 16.634933 5.043461
31: 16.778597 51.734671
32: 17.388607 35.900549
33: 17.479999 55.712859
34: 18.103529 2.364357
35: 18.439869 23.118454
36: 19.210564 9.577121
37: 19.702338 47.530470
38: 22.461554 41.431677
39: 22.827046 29.779025
40: 22.986730 5.656822
41: 23.612540 32.674535
42: 23.652643 50.951706
43: 23.760188 25.597256
44: 25.359799 7.902315
45: 25.894872 51.144410
46: 26.589803 25.988429
47: 26.678883 12.906888
48: 26.976814 53.031250
49: 28.907625 17.941319
50: 29.387394 52.372848
51: 31.356939 5.082083
52: 31.367897 55.563326
53: 31.442072 58.680185
54: 31.717009 34.832404
55: 32.019590 27.085627
56: 32.105853 39.724520
57: 34.161979 12.491797
58: 35.441327 1.674140
59: 37.003494 16.525592
60: 37.364578 25.117046
61: 37.609330 47.162399
62: 38.023935 28.866355
63: 40.218060 10.645918
64: 40.476755 36.404760
65: 40.489225 5.203258
66: 40.807122 29.982431
67: 42.474228 9.453822
68: 42.525010 53.975312
69: 46.687675 15.542045
70: 47.050678 54.182620
71: 47.210655 57.611881
72: 47.387096 10.039754
73: 47.389970 1.744333
74: 47.664541 26.967667
75: 47.720344 5.443138
76: 47.984934 51.210400
77: 48.077863 39.518895
78: 48.161224 8.109757
79: 48.190560 48.266354
80: 48.819288 28.784876
81: 49.102357 35.611192
82: 49.526756 41.092539
83: 49.699388 1.496716
84: 50.018697 21.694815
85: 50.098864 47.454188
86: 51.975892 43.196320
87: 52.573467 15.969101
88: 53.181131 22.067285
89: 53.229359 32.344298
90: 53.315620 8.466040
91: 54.093427 18.606539
92: 54.118457 56.484600
93: 55.951982 49.482748
94: 57.060042 40.868806
95: 57.454930 35.777066
96: 58.029669 46.772634
97: 58.382664 52.374124
98: 58.573929 8.562583
99: 58.810126 26.273871
Edges
(0,1)
(0,3)
(2,4)
(3,4)
(3,6)
(3,10)
(3,53)
(3,71)
(4,5)
(6,70)
(7,71)
(8,31)
(9,16)
(9,19)
(10,17)
(11,17)
(12,24)
(13,15)
(14,24)
(15,23)
(15,29)
(15,51)
(16,29)
(16,32)
(18,42)
(20,28)
(21,31)
(21,48)
(21,50)
(21,68)
(21,70)
(22,27)
(23,27)
(24,28)
(24,37)
(25,35)
(25,38)
(25,54)
(26,58)
(26,65)
(26,73)
(26,83)
(29,30)
(30,40)
(30,44)
(30,59)
(33,71)
(34,65)
(35,39)
(36,46)
(37,54)
(39,43)
(39,46)
(40,75)
(41,54)
(42,62)
(45,66)
(47,62)
(47,66)
(49,54)
(49,62)
(52,71)
(55,62)
(56,62)
(57,67)
(59,63)
(59,66)
(59,67)
(60,66)
(61,69)
(61,83)
(64,69)
(65,75)
(69,74)
(70,74)
(70,85)
(70,96)
(71,92)
(71,93)
(71,97)
(72,75)
(74,77)
(74,79)
(76,79)
(78,90)
(79,81)
(79,87)
(80,84)
(81,84)
(82,85)
(85,89)
(85,91)
(86,94)
(86,99)
(87,88)
(87,90)
(89,98)
(95,99)
(97,99)
