Nodes: 100
Protection radius: 1.000000
Disaster radius: 0.500000
0: 0.106332 20.492133
1: 0.436369 61.096453
2: 0.747019 0.055279
3: 0.867166 52.459449
4: 3.467756 37.717463
5: 4.144701 53.393290
6: 5.125124 20.294422
7: 5.336744 45.681056
8: 5.591181 9.658530
9: 5.713267 41.651998
10: 6.136609 36.024950
11: 6.412282 31.199709
12: 7.008944 21.951616
13: 7.277875 8.258624
14: 8.223155 56.258909
15: 9.951934 30.825305
16: 10.196521 9.154573
17: 10.258803 59.394380
18: 10.706749 17.683792
19: 10.752172 41.169193
20: 11.305582 52.246912
21: 11.397101 37.769012
22: 12.689209 31.752877
23: 12.999230 4.878488
24: 14.123611 17.226418
25: 14.219900 27.462294
26: 14.578121 43.699808
27: 14.592107 36.906378
28: 17.387511 18.367236
29: 17.666513 53.849527
30: 17.749365 57.296945
31: 18.148316 6.460286
32: 18.907015 29.342484
33: 19.806328 4.789032
34: 19.968098 43.726675
35: 21.093691 45.796509
36: 22.925809 17.165370
37: 23.020877 57.406880
38: 23.909791 37.068835
39: 26.867562 7.620571
40: 27.003005 48.028466
41: 28.001130 28.858948
42: 28.400722 43.181822
43: 29.856794 13.557554
44: 30.090040 31.160508
45: 30.298626 51.437178
46: 32.475073 52.325152
47: 33.286671 26.867539
48: 34.043199 32.930892
49: 34.303105 9.597907
50: 34.475141 6.971536
51: 34.550685 4.830887
52: 35.195525 41.767839
53: 36.631365 30.822169
54: 37.353618 62.142075
55: 37.550870 7.911320
56: 37.719924 17.367581
57: 38.369109 24.909525
58: 38.389930 37.125272
59: 38.661657 29.863831
60: 39.659901 44.362562
61: 39.755741 9.618839
62: 40.144478 40.115597
63: 40.626730 22.512635
64: 40.928051 18.781883
65: 41.796261 34.094659
66: 42.506495 55.690133
67: 42.528799 42.546241
68: 42.774476 7.630998
69: 42.973121 39.412473
70: 44.745000 19.967085
71: 45.655525 13.642866
72: 45.681935 33.921370
73: 46.271014 61.342703
74: 47.217442 57.716667
75: 47.820934 36.939839
76: 49.077169 25.688440
77: 49.642196 0.381090
78: 50.802393 60.644307
79: 50.899932 50.389215
80: 51.315335 6.518614
81: 51.691842 1.314565
82: 51.693613 32.100174
83: 52.237101 15.877296
84: 53.610986 2.394501
85: 53.635364 55.268284
86: 53.680827 50.885533
87: 54.832124 57.641023
88: 55.540289 42.035083
89: 56.550894 59.478079
90: 57.158135 45.940962
91: 59.004184 34.231391
92: 59.195831 17.248723
93: 59.379558 19.785977
94: 59.543789 15.014489
95: 60.273545 57.830221
96: 61.463615 53.104267
97: 61.466206 17.877460
98: 61.671331 61.131470
99: 62.701068 5.346304
Edges
(0,3)
(0,13)
(0,31)
(0,33)
(0,39)
(1,37)
(1,87)
(1,95)
(2,8)
(2,16)
(2,23)
(3,4)
(3,9)
(3,14)
(3,17)
(3,20)
(3,25)
(4,9)
(4,11)
(4,36)
(4,51)
(5,14)
(6,18)
(6,51)
(7,37)
(9,10)
(11,28)
(12,18)
(12,28)
(15,28)
(16,23)
(16,33)
(17,37)
(18,28)
(19,29)
(20,30)
(20,37)
(21,26)
(21,29)
(21,32)
(22,32)
(23,77)
(24,51)
(25,32)
(25,41)
(25,47)
(25,59)
(27,29)
(27,35)
(27,41)
(27,42)
(27,46)
(27,87)
(29,37)
(31,51)
(33,51)
(33,77)
(33,84)
(34,35)
(36,49)
(36,59)
(37,40)
(37,46)
(37,74)
(38,41)
(39,51)
(40,45)
(41,58)
(41,72)
(41,75)
(42,44)
(42,75)
(42,85)
(43,49)
(43,56)
(48,75)
(49,51)
(49,56)
(49,92)
(50,51)
(50,55)
(50,92)
(51,80)
(51,94)
(52,60)
(52,67)
(52,95)
(53,72)
(53,82)
(54,73)
(55,92)
(56,59)
(56,70)
(56,71)
(56,83)
(57,59)
(57,64)
(57,70)
(57,92)
(57,97)
(59,76)
(59,82)
(60,95)
(61,92)
(62,67)
(63,70)
(64,70)
(65,91)
(66,87)
(67,79)
(67,86)
(67,88)
(68,80)
(68,94)
(69,75)
(69,88)
(69,91)
(71,83)
(73,78)
(76,93)
(77,99)
(78,95)
(78,98)
(79,86)
(80,84)
(80,94)
(81,99)
(82,93)
(82,97)
(86,88)
(88,91)
(88,95)
(89,98)
(90,98)
(91,96)
(92,99)
(98,99)
