Nodes: 180
Protection radius: 1.000000
Disaster radius: 0.500000
0: 1.765129 82.545150
1: 3.615778 66.137740
2: 4.320140 31.568524
3: 5.247036 81.717704
4: 5.597035 56.054821
5: 5.859246 78.509607
6: 6.546908 39.766324
7: 7.035750 17.825057
8: 7.360756 83.367639
9: 7.753500 89.231455
10: 7.867610 64.408343
11: 8.254781 48.075958
12: 8.330987 74.379686
13: 8.515373 12.889319
14: 10.793806 39.944922
15: 11.054297 21.288092
16: 11.164533 27.135957
17: 11.349740 11.548698
18: 11.886767 34.520722
19: 11.951700 77.230212
20: 12.282738 8.690401
21: 12.736035 83.247522
22: 12.766636 79.927730
23: 12.798503 69.597982
24: 12.968833 43.680302
25: 13.158030 72.054298
26: 13.504917 55.267380
27: 14.195897 39.142026
28: 14.933761 22.146378
29: 15.430275 52.861141
30: 15.637569 1.537677
31: 15.900408 78.211233
32: 16.003990 70.919061
33: 16.439200 42.905162
34: 16.910721 58.458952
35: 16.932832 8.114561
36: 17.074486 25.935991
37: 17.394058 51.357107
38: 17.409781 20.217753
39: 17.811789 92.073624
40: 17.960514 56.011834
41: 18.521110 30.364036
42: 19.000719 73.644107
43: 19.209457 9.239083
44: 19.501160 3.789043
45: 20.871409 11.419509
46: 22.170476 15.241830
47: 22.177648 64.084038
48: 23.266085 73.945893
49: 24.024503 90.524806
50: 24.064971 23.285127
51: 24.075946 57.816589
52: 24.573108 1.101251
53: 24.997174 30.611879
54: 25.570427 8.355596
55: 26.298148 21.656647
56: 27.130255 13.733912
57: 27.427893 18.013672
58: 27.716654 7.200117
59: 28.780389 36.105117
60: 30.018005 92.314811
61: 30.641664 9.905708
62: 30.881799 5.150065
63: 30.978837 34.560950
64: 31.014208 53.594593
65: 31.160744 16.322758
66: 31.385709 29.672981
67: 31.834909 26.871514
68: 32.066510 51.190803
69: 33.284174 32.361241
70: 34.116316 9.750475
71: 34.395970 88.616240
72: 34.410363 1.054501
73: 34.571040 75.725733
74: 35.238803 90.701594
75: 35.686467 51.067228
76: 36.460958 65.191644
77: 36.703342 0.031270
78: 37.203006 53.547586
79: 37.460299 59.995823
80: 37.483257 86.015067
81: 37.993112 15.290531
82: 38.049176 74.232914
83: 38.094307 68.373876
84: 38.390417 18.330949
85: 39.464498 6.461229
86: 41.441615 24.469221
87: 42.434982 90.516513
88: 42.568172 63.025032
89: 42.671900 56.185878
90: 42.931685 45.264653
91: 43.668528 86.911753
92: 43.851063 64.752839
93: 43.903140 59.855053
94: 45.320230 34.817496
95: 45.377259 67.073713
96: 45.548857 29.931149
97: 45.562928 51.637104
98: 46.553517 41.861735
99: 46.905389 70.768694
100: 46.920745 88.228904
101: 47.350237 75.913844
102: 47.497623 78.392111
103: 48.598219 64.371919
104: 48.723992 73.276524
105: 48.752443 69.595998
106: 49.245363 79.692094
107: 49.759573 48.924628
108: 50.208411 7.722230
109: 50.873196 32.585198
110: 51.340736 78.741997
111: 52.829834 71.151337
112: 53.705196 83.075687
113: 53.964127 48.408267
114: 54.193816 28.795599
115: 54.343877 13.401974
116: 54.854323 89.835272
117: 55.015128 87.310031
118: 55.243521 77.048001
119: 55.721062 71.020658
120: 56.569621 58.249056
121: 56.885229 40.874394
122: 57.054419 61.178749
123: 58.449563 4.898060
124: 58.575968 25.196897
125: 59.073013 52.200533
126: 59.390244 59.969701
127: 60.315493 34.549997
128: 60.328085 66.198774
129: 60.801453 89.365700
130: 62.739819 87.348054
131: 63.051451 72.494797
132: 63.241074 45.766333
133: 63.325389 39.513360
134: 63.914532 16.553896
135: 64.778785 21.565461
136: 65.901015 31.829015
137: 65.961697 7.375490
138: 66.062920 13.141396
139: 66.316281 50.032656
140: 67.306410 83.149076
141: 67.734576 59.469252
142: 67.756353 61.887161
143: 68.144668 13.000536
144: 68.545454 54.021640
145: 68.645434 2.572561
146: 68.740800 21.412812
147: 71.656045 60.797508
148: 72.591335 15.395155
149: 72.819638 0.232697
150: 73.033800 76.831936
151: 73.591975 29.934615
152: 74.748047 50.171839
153: 75.007519 71.350944
154: 76.501009 21.484206
155: 78.685320 42.559456
156: 78.847800 24.265907
157: 79.613750 88.783943
158: 79.843248 26.941572
159: 81.034713 82.534846
160: 81.561285 46.926111
161: 81.745540 85.462857
162: 82.001140 4.185168
163: 82.526076 74.331128
164: 83.457239 29.441695
165: 83.543808 7.473284
166: 84.185048 90.656764
167: 85.607481 31.420306
168: 85.856191 15.787045
169: 86.287070 3.533357
170: 86.835903 92.643231
171: 87.580751 44.261287
172: 89.708751 66.433769
173: 90.714700 16.641578
174: 90.954008 53.230087
175: 91.308999 33.763993
176: 91.829790 24.991346
177: 92.265960 75.233397
178: 92.301024 91.799503
179: 92.790283 29.631318
Edges
(0,1)
(0,2)
(0,3)
(0,6)
(1,3)
(1,4)
(1,6)
(2,20)
(3,5)
(3,9)
(3,10)
(3,12)
(3,39)
(4,11)
(4,17)
(4,18)
(4,19)
(4,24)
(4,104)
(7,20)
(7,30)
(8,12)
(10,12)
(10,21)
(11,14)
(11,24)
(12,21)
(13,30)
(15,27)
(16,18)
(16,24)
(17,20)
(17,27)
(20,28)
(20,35)
(20,38)
(20,44)
(21,23)
(21,25)
(21,31)
(21,32)
(21,47)
(21,102)
(22,23)
(23,32)
(25,32)
(26,29)
(26,43)
(26,44)
(26,53)
(30,108)
(30,123)
(31,47)
(33,43)
(34,53)
(34,64)
(35,44)
(36,44)
(37,53)
(39,172)
(40,53)
(40,64)
(41,53)
(42,102)
(43,46)
(43,55)
(43,57)
(43,58)
(43,59)
(43,61)
(43,62)
(43,63)
(43,68)
(43,86)
(45,57)
(47,104)
(48,82)
(48,104)
(49,172)
(50,68)
(51,64)
(52,77)
(53,68)
(54,61)
(54,138)
(54,143)
(54,173)
(56,81)
(56,86)
(56,146)
(57,66)
(57,121)
(57,127)
(59,83)
(60,71)
(60,74)
(60,87)
(60,116)
(61,70)
(62,85)
(62,108)
(62,143)
(63,66)
(63,79)
(63,83)
(63,90)
(63,94)
(63,121)
(63,132)
(64,76)
(65,84)
(65,86)
(65,135)
(65,146)
(67,69)
(67,94)
(70,81)
(70,115)
(70,146)
(70,148)
(71,74)
(71,80)
(71,172)
(72,77)
(73,82)
(74,91)
(74,112)
(74,172)
(75,79)
(75,88)
(75,89)
(75,90)
(76,83)
(77,123)
(78,88)
(78,89)
(81,146)
(83,88)
(84,86)
(84,127)
(85,108)
(85,143)
(86,127)
(87,112)
(88,89)
(88,90)
(88,92)
(88,93)
(88,98)
(88,99)
(89,90)
(92,99)
(92,125)
(93,98)
(93,113)
(93,132)
(95,105)
(95,125)
(96,121)
(97,107)
(100,116)
(100,117)
(100,129)
(100,130)
(100,170)
(100,172)
(101,102)
(102,119)
(102,154)
(103,125)
(104,120)
(104,132)
(105,132)
(106,119)
(107,132)
(108,143)
(108,162)
(109,121)
(110,147)
(110,153)
(110,160)
(111,119)
(114,124)
(114,127)
(114,135)
(114,136)
(118,131)
(118,147)
(119,122)
(119,128)
(119,141)
(119,160)
(121,132)
(121,133)
(121,154)
(122,144)
(122,151)
(122,152)
(122,156)
(125,132)
(126,128)
(128,141)
(129,140)
(129,150)
(130,150)
(131,153)
(131,172)
(131,174)
(134,146)
(135,154)
(137,169)
(139,144)
(139,155)
(140,161)
(140,163)
(140,172)
(141,160)
(142,160)
(143,165)
(143,169)
(144,152)
(145,149)
(148,167)
(148,173)
(149,162)
(151,154)
(154,167)
(155,158)
(157,161)
(158,164)
(159,163)
(160,164)
(160,167)
(160,171)
(160,175)
(163,166)
(163,170)
(165,168)
(168,169)
(171,175)
(172,177)
(172,178)
(173,175)
(174,177)
(174,179)
(175,176)
(175,179)
