Nodes: 180
Protection radius: 1.000000
Disaster radius: 0.500000
0: 0.789847 58.769221
1: 0.911744 86.674194
2: 1.016463 64.756652
3: 1.813350 94.689383
4: 1.829012 76.957320
5: 2.759032 44.913197
6: 2.836097 96.769975
7: 3.780411 87.470255
8: 4.665836 36.630935
9: 5.367651 67.318615
10: 5.947532 12.154846
11: 6.518884 98.967804
12: 6.863889 54.807747
13: 6.901385 20.546758
14: 8.125806 82.981251
15: 9.328963 28.841314
16: 9.678676 76.250244
17: 9.862316 67.145893
18: 10.567745 32.368021
19: 10.849724 10.904373
20: 11.002841 74.610317
21: 11.056519 49.708143
22: 12.273218 13.704242
23: 12.298810 0.383778
24: 12.625255 31.966108
25: 13.174134 75.277616
26: 13.567650 68.208374
27: 14.172494 21.093448
28: 14.811982 80.559672
29: 15.021685 58.486804
30: 15.352389 97.031777
31: 15.946176 52.604315
32: 16.146910 35.627854
33: 16.539885 78.936021
34: 17.299691 82.623547
35: 18.554977 72.849649
36: 19.142161 15.708185
37: 19.595515 91.658504
38: 19.601045 7.393788
39: 20.566979 63.765467
40: 20.717307 18.007509
41: 21.567179 1.468549
42: 22.852976 34.242643
43: 23.039059 25.415037
44: 24.948137 20.795192
45: 25.570119 16.370492
46: 26.192123 31.722143
47: 26.416794 34.889801
48: 26.753920 27.172190
49: 27.216961 85.299543
50: 27.353936 97.433059
51: 30.002478 85.100294
52: 31.513710 32.897398
53: 31.650318 88.017549
54: 31.665136 75.237802
55: 32.784270 68.629801
56: 32.792758 80.237365
57: 32.803986 90.489647
58: 34.015169 3.790545
59: 34.381955 41.883681
60: 34.999381 58.084818
61: 35.810005 90.298620
62: 36.291828 63.057343
63: 36.409555 23.109131
64: 38.082643 41.480041
65: 38.546144 95.289403
66: 39.100957 82.059081
67: 39.674103 38.479142
68: 39.756028 54.289545
69: 39.928932 74.528421
70: 39.958416 6.347563
71: 40.029467 18.573167
72: 40.334464 70.412507
73: 40.723625 14.399857
74: 41.698111 23.181164
75: 42.526466 16.849285
76: 42.576812 47.896615
77: 44.272448 30.307675
78: 44.993614 70.766093
79: 45.355398 48.208716
80: 45.541453 88.547067
81: 45.751436 24.101570
82: 45.879232 75.427848
83: 48.307113 67.902250
84: 48.624488 53.409084
85: 48.958303 65.587501
86: 49.347274 60.664061
87: 50.146868 38.364864
88: 51.357821 80.275042
89: 52.048715 23.877923
90: 52.306984 28.795207
91: 52.730434 38.741730
92: 53.449976 81.284493
93: 54.256351 25.920133
94: 55.074398 78.184287
95: 55.296883 44.755930
96: 55.642287 10.103813
97: 57.827964 91.820309
98: 58.226775 21.853944
99: 59.066822 84.405207
100: 59.089689 17.204963
101: 59.572950 28.996216
102: 59.652108 56.144590
103: 59.729424 95.491824
104: 59.976243 60.418240
105: 60.406546 51.058612
106: 60.597389 24.654769
107: 62.327854 54.077731
108: 62.664650 32.273427
109: 62.761053 61.902919
110: 64.201836 11.857234
111: 64.818451 79.269769
112: 64.863506 55.421398
113: 65.746672 5.067176
114: 67.008492 66.293777
115: 67.302041 0.415984
116: 67.464645 54.153719
117: 67.737946 44.633723
118: 67.935467 63.656630
119: 68.001823 26.051786
120: 68.791120 2.855111
121: 69.404906 0.438724
122: 69.825010 29.503877
123: 70.434768 61.509133
124: 70.873578 98.414350
125: 70.888602 53.203601
126: 71.926812 6.554579
127: 72.413507 62.778938
128: 73.249666 60.017393
129: 73.945495 92.486463
130: 73.992719 55.132665
131: 74.289833 73.502059
132: 74.700477 53.162454
133: 75.184380 70.399037
134: 75.601346 49.337634
135: 77.167824 19.098104
136: 78.010577 52.080689
137: 79.175182 80.060744
138: 79.410822 44.138964
139: 80.547702 41.544511
140: 80.614751 4.708956
141: 81.395337 32.461123
142: 81.957993 84.201381
143: 82.013315 76.328161
144: 82.158669 95.448919
145: 83.397236 39.026192
146: 83.854756 86.724716
147: 83.969074 10.303385
148: 84.434945 30.043251
149: 84.846701 27.518811
150: 85.435028 53.328536
151: 85.656906 92.444866
152: 86.251144 2.561259
153: 86.590284 10.108326
154: 89.045921 69.385393
155: 90.124173 61.898346
156: 91.807678 32.742655
157: 92.086401 1.577106
158: 92.760048 71.291209
159: 93.031275 55.914569
160: 94.126659 45.759987
161: 94.823411 80.461425
162: 94.953595 41.775605
163: 95.146960 62.382157
164: 95.186210 74.366030
165: 95.727185 51.324937
166: 95.929324 43.635238
167: 96.219653 59.526370
168: 96.662864 66.179647
169: 96.797692 2.711081
170: 97.931318 10.571688
171: 97.965532 52.219287
172: 97.991222 22.360077
173: 98.160001 74.087609
174: 98.177957 6.977451
175: 98.333100 13.182697
176: 100.548292 43.366660
177: 100.780848 1.575666
178: 100.903229 76.956361
179: 101.762316 93.561761
Edges
(0,1)
(0,2)
(0,5)
(0,10)
(2,9)
(3,11)
(4,14)
(4,16)
(5,10)
(5,12)
(6,11)
(7,30)
(8,21)
(8,32)
(9,16)
(10,19)
(11,30)
(11,50)
(12,21)
(13,15)
(13,27)
(14,16)
(14,28)
(14,34)
(14,37)
(15,18)
(15,27)
(16,25)
(16,28)
(17,20)
(17,29)
(18,32)
(19,23)
(21,32)
(22,27)
(23,41)
(24,32)
(24,42)
(25,26)
(26,39)
(27,36)
(27,43)
(29,31)
(30,37)
(30,50)
(31,32)
(31,39)
(31,42)
(31,47)
(31,59)
(31,60)
(32,42)
(33,49)
(34,37)
(34,49)
(35,39)
(35,49)
(36,40)
(37,49)
(38,58)
(39,55)
(41,115)
(42,43)
(43,44)
(43,46)
(43,48)
(45,58)
(45,63)
(45,71)
(45,73)
(49,50)
(49,53)
(50,53)
(50,57)
(51,53)
(51,56)
(52,59)
(52,63)
(52,77)
(53,56)
(54,69)
(55,60)
(55,62)
(57,61)
(58,70)
(58,73)
(59,64)
(60,68)
(61,65)
(62,68)
(62,72)
(64,76)
(65,103)
(65,124)
(66,69)
(66,80)
(67,76)
(67,79)
(67,87)
(68,76)
(68,79)
(68,86)
(69,72)
(69,78)
(70,96)
(71,75)
(72,78)
(72,85)
(73,75)
(74,81)
(75,81)
(75,89)
(75,96)
(77,87)
(77,90)
(78,82)
(78,83)
(79,95)
(80,88)
(81,90)
(82,83)
(84,86)
(84,102)
(85,104)
(85,109)
(87,90)
(87,91)
(88,92)
(89,90)
(89,93)
(89,96)
(89,100)
(92,94)
(92,99)
(93,98)
(93,101)
(93,106)
(94,99)
(94,109)
(94,111)
(95,117)
(96,110)
(97,103)
(100,110)
(102,107)
(103,124)
(104,112)
(105,107)
(105,116)
(106,119)
(107,112)
(107,116)
(108,117)
(108,119)
(108,122)
(110,119)
(110,126)
(110,135)
(111,129)
(111,131)
(112,116)
(113,120)
(114,118)
(114,131)
(115,121)
(116,123)
(117,122)
(117,134)
(117,139)
(118,123)
(119,122)
(119,135)
(120,121)
(120,126)
(121,126)
(121,140)
(122,135)
(122,139)
(122,141)
(123,127)
(124,129)
(124,144)
(125,132)
(126,135)
(126,140)
(126,147)
(128,130)
(128,136)
(128,150)
(129,137)
(131,137)
(131,143)
(132,134)
(133,154)
(133,155)
(135,141)
(135,147)
(137,142)
(137,143)
(138,150)
(138,160)
(139,160)
(140,152)
(141,145)
(141,148)
(141,149)
(142,146)
(143,154)
(143,158)
(144,151)
(145,156)
(147,149)
(147,152)
(148,156)
(149,156)
(150,160)
(152,157)
(153,170)
(153,172)
(153,174)
(155,159)
(155,167)
(156,162)
(156,172)
(156,176)
(157,169)
(158,164)
(158,168)
(158,173)
(159,167)
(160,162)
(160,166)
(161,164)
(163,167)
(164,173)
(165,166)
(165,171)
(167,171)
(168,171)
(168,178)
(169,174)
(170,175)
(171,176)
(172,177)
(173,178)
(175,177)
(176,177)
(176,178)
(177,179)
