Nodes: 140
Protection radius: 1.000000
Disaster radius: 0.500000
0: 0.574684 63.736982
1: 0.872775 55.255056
2: 2.365154 71.605734
3: 2.827433 52.254093
4: 2.860257 7.507408
5: 3.021601 14.877259
6: 4.370353 37.207903
7: 4.668632 78.277588
8: 4.882881 58.958539
9: 5.749887 32.192653
10: 5.920658 62.450276
11: 6.634634 16.514589
12: 7.105716 5.366522
13: 8.190679 34.572927
14: 8.266024 66.981999
15: 8.708656 73.786023
16: 8.875170 47.674429
17: 9.815120 8.995709
18: 10.626759 24.215674
19: 12.198270 43.896947
20: 12.661263 4.834804
21: 14.153652 77.429013
22: 14.591619 20.181713
23: 15.023192 22.323382
24: 15.100764 1.719285
25: 15.114068 9.858494
26: 15.779070 16.987466
27: 15.963510 61.576188
28: 16.573495 53.177700
29: 17.776623 50.907735
30: 17.966157 69.623795
31: 17.983299 39.583746
32: 18.861121 12.918487
33: 19.962589 58.783546
34: 20.230081 16.705846
35: 20.864635 1.648952
36: 21.044454 6.801650
37: 22.184711 72.830270
38: 22.776981 8.917620
39: 23.051002 21.004900
40: 23.620235 58.038610
41: 24.342707 13.034942
42: 24.580923 55.434990
43: 25.086937 16.818190
44: 25.887104 52.770874
45: 26.615269 19.736861
46: 28.371623 54.922431
47: 29.017973 1.078563
48: 29.690046 61.244112
49: 29.950458 48.825692
50: 30.079396 71.621577
51: 30.739179 44.073492
52: 30.853841 35.673715
53: 31.049069 80.942135
54: 31.188031 4.934313
55: 31.563318 18.685922
56: 32.478075 74.942637
57: 32.658009 49.466235
58: 32.961106 20.459690
59: 33.672138 6.338488
60: 33.805656 37.913025
61: 34.991005 58.809708
62: 35.029328 54.897100
63: 36.468869 5.167600
64: 37.718818 24.617535
65: 38.614798 47.001272
66: 38.676115 4.401581
67: 38.788169 11.257699
68: 39.156059 30.447891
69: 39.202651 41.151785
70: 40.436044 76.580081
71: 40.662308 72.746637
72: 40.841315 21.270251
73: 40.968948 17.285419
74: 42.816540 47.897586
75: 42.985716 63.130876
76: 44.295672 15.618955
77: 44.605451 2.370168
78: 44.846996 66.832865
79: 45.269290 18.736612
80: 46.071984 9.656670
81: 46.108558 78.980840
82: 47.046635 60.892569
83: 47.101081 33.975189
84: 47.682763 67.009224
85: 48.766035 8.094274
86: 49.001540 75.998276
87: 49.393714 22.082323
88: 49.854406 18.520995
89: 50.849870 37.110803
90: 51.832642 15.625658
91: 52.867532 36.231950
92: 53.412437 41.644305
93: 54.042056 12.117230
94: 54.461004 61.665800
95: 54.538620 75.063059
96: 55.032617 28.227678
97: 55.080472 50.497363
98: 55.627342 42.676395
99: 55.643754 24.964313
100: 56.393219 12.876685
101: 56.491665 22.799515
102: 56.886041 44.233048
103: 58.383855 25.453697
104: 59.618888 74.990222
105: 59.852004 1.642209
106: 60.280496 18.311346
107: 61.111716 73.058676
108: 61.950051 29.365694
109: 63.070575 76.077071
110: 63.741253 48.077396
111: 64.745607 1.470787
112: 64.995364 50.315608
113: 66.115052 53.555652
114: 66.872379 45.318925
115: 67.079011 23.006890
116: 67.080383 40.866007
117: 67.251224 19.678138
118: 67.965680 15.442908
119: 68.050590 69.084311
120: 69.957684 0.584764
121: 69.993859 45.452129
122: 70.025027 21.918790
123: 71.082220 67.322711
124: 71.769645 8.780915
125: 71.844028 29.826382
126: 72.150268 60.344026
127: 72.182519 14.073524
128: 72.257024 46.012393
129: 72.826525 50.994913
130: 73.058660 55.990367
131: 74.223623 68.976134
132: 74.291542 24.037468
133: 75.104144 18.686633
134: 76.005397 3.135398
135: 76.068785 54.361921
136: 78.715473 21.037706
137: 78.789882 32.108449
138: 79.072464 2.135392
139: 79.891852 12.741271
Edges
(0,10)
(0,15)
(1,10)
(2,7)
(2,15)
(3,4)
(3,5)
(4,12)
(5,8)
(5,9)
(5,19)
(5,23)
(5,27)
(5,46)
(5,86)
(6,8)
(6,10)
(6,13)
(6,15)
(6,16)
(9,13)
(10,15)
(11,22)
(11,23)
(12,22)
(12,25)
(12,35)
(12,52)
(12,57)
(12,78)
(13,16)
(14,30)
(15,30)
(15,53)
(15,81)
(17,26)
(17,78)
(18,49)
(18,62)
(18,86)
(19,29)
(19,30)
(19,37)
(19,42)
(19,44)
(19,46)
(19,71)
(19,81)
(20,25)
(20,32)
(20,34)
(20,35)
(20,38)
(20,41)
(20,54)
(20,95)
(21,53)
(23,62)
(24,35)
(24,47)
(26,52)
(26,75)
(27,30)
(28,29)
(29,33)
(29,50)
(29,70)
(31,44)
(31,46)
(32,41)
(32,73)
(33,50)
(34,39)
(34,55)
(34,65)
(36,54)
(36,63)
(37,56)
(38,59)
(38,63)
(38,67)
(39,68)
(39,83)
(39,119)
(40,50)
(41,67)
(42,48)
(42,61)
(42,86)
(43,72)
(43,73)
(45,55)
(45,58)
(47,77)
(47,80)
(49,62)
(49,78)
(50,56)
(50,70)
(51,78)
(56,81)
(58,72)
(58,83)
(59,63)
(60,65)
(61,86)
(64,72)
(65,69)
(65,74)
(66,80)
(66,100)
(67,80)
(67,93)
(67,97)
(67,99)
(67,100)
(67,117)
(68,119)
(72,73)
(73,97)
(74,94)
(74,104)
(74,107)
(75,84)
(76,106)
(76,122)
(77,85)
(78,84)
(78,95)
(79,87)
(79,89)
(79,97)
(79,112)
(81,109)
(82,104)
(85,100)
(85,111)
(86,109)
(87,99)
(87,110)
(88,101)
(88,115)
(89,97)
(90,106)
(90,117)
(91,98)
(91,102)
(92,113)
(95,104)
(96,99)
(96,112)
(99,131)
(100,117)
(100,120)
(100,138)
(102,112)
(102,113)
(103,115)
(103,131)
(105,120)
(107,131)
(108,115)
(108,116)
(108,122)
(110,112)
(112,123)
(112,131)
(114,122)
(114,126)
(114,135)
(115,122)
(117,122)
(118,124)
(118,132)
(118,133)
(118,136)
(118,138)
(120,134)
(121,122)
(121,128)
(122,132)
(125,132)
(127,133)
(127,136)
(128,129)
(129,135)
(130,135)
(134,138)
(135,136)
(136,139)
(137,139)
