Nodes: 180
Protection radius: 1.000000
Disaster radius: 0.500000
0: 0.131312 80.965810
1: 0.464620 74.391721
2: 1.002437 64.988173
3: 1.055615 61.109167
4: 1.515204 14.989281
5: 2.930174 83.188018
6: 3.628706 36.916591
7: 4.313727 90.616763
8: 5.313101 84.655620
9: 5.417583 65.510427
10: 5.420552 42.750908
11: 5.849507 37.763558
12: 6.190347 13.296125
13: 6.330223 48.494958
14: 6.458541 68.950852
15: 6.916405 90.087504
16: 6.932131 0.131467
17: 7.138702 57.509807
18: 7.715899 3.280244
19: 7.956167 38.922455
20: 9.228713 90.601035
21: 9.278210 86.273645
22: 10.682240 3.822236
23: 11.325029 48.875895
24: 11.330610 6.768175
25: 11.336670 19.446738
26: 11.845658 51.011242
27: 12.079100 9.422549
28: 12.813804 41.233008
29: 12.850348 23.032360
30: 13.417611 46.537296
31: 14.179061 35.374430
32: 14.221181 51.987009
33: 14.225963 72.073842
34: 14.524660 30.422083
35: 15.105071 13.573476
36: 15.171413 15.956505
37: 15.250670 77.558699
38: 15.326877 25.701936
39: 15.499996 39.532016
40: 16.033824 5.316164
41: 17.321310 28.572204
42: 17.598619 67.065097
43: 18.266763 15.474364
44: 18.952753 74.658372
45: 19.132406 77.826118
46: 19.354388 58.350007
47: 20.253883 35.354553
48: 20.499284 18.610716
49: 20.517628 11.963280
50: 20.571682 50.434312
51: 20.655347 56.474225
52: 20.763641 72.394631
53: 21.048815 90.461201
54: 22.708312 86.748758
55: 22.824232 67.116926
56: 24.381616 83.235501
57: 25.270370 87.069920
58: 25.484138 79.762158
59: 25.505102 75.922146
60: 25.561356 37.092982
61: 26.019475 30.931929
62: 26.041475 50.631398
63: 26.312604 63.837323
64: 27.158731 10.545111
65: 27.309702 43.895939
66: 27.638653 17.483397
67: 28.422421 37.345447
68: 28.494529 88.594713
69: 29.580667 18.124324
70: 29.648075 43.422143
71: 31.135599 40.603235
72: 31.343042 23.457271
73: 31.460777 15.736751
74: 31.481559 28.678298
75: 31.746033 2.519533
76: 32.779255 17.578348
77: 32.879820 10.973086
78: 33.340856 30.862262
79: 33.389886 69.868447
80: 34.159786 53.931322
81: 34.889224 27.866433
82: 35.004096 87.703318
83: 35.437862 80.554936
84: 35.624436 18.327522
85: 35.953185 13.816242
86: 36.785280 38.192921
87: 36.857918 35.265869
88: 37.753809 48.173028
89: 39.194022 0.872572
90: 39.717804 20.963904
91: 40.031979 5.451085
92: 40.170341 38.199807
93: 40.418874 78.585256
94: 41.048095 66.945128
95: 41.128811 88.683294
96: 42.120837 25.969725
97: 42.409146 79.800048
98: 42.585161 56.640702
99: 43.378071 6.058880
100: 43.583440 20.566248
101: 44.231954 9.678905
102: 44.301175 71.143696
103: 44.425471 87.287770
104: 44.702609 41.817839
105: 45.202304 33.394054
106: 45.758105 50.344308
107: 45.793591 73.960956
108: 46.745739 85.857870
109: 48.201993 44.744675
110: 48.297806 89.870993
111: 49.925631 46.004388
112: 51.390407 1.509071
113: 52.107004 80.807807
114: 52.140748 10.403552
115: 55.416145 49.836605
116: 55.536108 80.679869
117: 55.679117 29.983567
118: 55.761287 23.788966
119: 55.920800 47.076245
120: 56.639646 76.278145
121: 57.703880 8.163909
122: 57.983575 53.305494
123: 58.176074 29.866541
124: 58.616941 91.692534
125: 59.220309 23.761299
126: 60.133712 60.452974
127: 60.329256 67.316397
128: 60.544586 52.118708
129: 61.249492 63.674406
130: 61.295098 44.270654
131: 61.700965 33.600838
132: 61.748264 87.170035
133: 62.663819 66.485654
134: 63.149558 69.216447
135: 63.366940 8.982180
136: 63.604937 41.595180
137: 63.709047 81.687671
138: 63.965205 62.245734
139: 64.324414 56.374971
140: 65.346394 30.491436
141: 65.626166 16.909065
142: 65.835668 66.494896
143: 66.092956 35.283125
144: 66.570636 77.703011
145: 68.533641 8.878849
146: 69.238769 61.622485
147: 70.540596 40.009735
148: 70.902270 8.984323
149: 72.746381 6.991376
150: 73.284037 87.890552
151: 73.325010 85.363137
152: 74.564456 67.964675
153: 74.764899 12.097269
154: 75.292790 76.524367
155: 75.438298 44.879948
156: 75.652709 14.260784
157: 76.207823 74.055441
158: 77.238443 54.570265
159: 78.263007 35.931903
160: 78.545964 76.464960
161: 79.115094 29.550144
162: 79.869933 21.373777
163: 80.361222 50.003392
164: 82.818394 21.065741
165: 83.441923 1.509350
166: 83.652338 16.531249
167: 84.553831 69.379417
168: 84.628869 76.309151
169: 85.459750 24.727851
170: 85.587847 44.637509
171: 86.242105 81.628645
172: 87.179127 26.269941
173: 87.926067 30.941519
174: 87.927834 45.425494
175: 88.576331 37.228708
176: 89.647653 11.688861
177: 89.956193 71.578776
178: 90.875057 20.467957
179: 91.742958 17.699381
Edges
(0,3)
(0,4)
(0,17)
(0,28)
(0,31)
(1,2)
(1,10)
(1,31)
(3,10)
(4,12)
(4,16)
(4,29)
(4,41)
(5,7)
(5,9)
(6,10)
(6,11)
(6,41)
(7,8)
(7,9)
(7,23)
(7,26)
(7,124)
(10,13)
(10,19)
(10,31)
(11,31)
(12,25)
(12,61)
(14,23)
(14,31)
(15,20)
(15,21)
(15,33)
(15,97)
(16,18)
(16,24)
(16,27)
(16,48)
(16,61)
(18,36)
(20,53)
(20,54)
(20,82)
(20,95)
(20,97)
(20,103)
(20,108)
(20,124)
(21,42)
(21,97)
(22,49)
(22,89)
(24,48)
(25,29)
(25,38)
(26,30)
(26,31)
(26,32)
(26,33)
(26,42)
(26,56)
(26,58)
(27,36)
(28,31)
(30,31)
(30,58)
(31,47)
(31,55)
(31,92)
(32,58)
(34,87)
(34,92)
(35,36)
(37,44)
(37,56)
(39,51)
(39,71)
(39,86)
(40,49)
(41,87)
(43,49)
(43,66)
(43,75)
(43,78)
(45,56)
(46,59)
(48,61)
(48,78)
(49,75)
(50,51)
(50,62)
(50,70)
(50,92)
(51,63)
(51,80)
(52,56)
(53,110)
(57,97)
(57,113)
(58,59)
(58,79)
(58,83)
(58,92)
(60,86)
(61,87)
(62,92)
(64,66)
(64,73)
(64,75)
(64,78)
(65,70)
(65,71)
(65,92)
(66,74)
(66,78)
(67,92)
(68,82)
(68,103)
(69,72)
(69,84)
(69,92)
(71,92)
(75,85)
(76,77)
(76,84)
(77,132)
(79,83)
(81,84)
(81,92)
(83,88)
(84,120)
(84,132)
(85,89)
(85,104)
(88,93)
(89,90)
(89,145)
(90,91)
(90,109)
(91,96)
(91,114)
(91,119)
(91,176)
(92,97)
(92,98)
(92,106)
(94,97)
(97,98)
(97,102)
(97,106)
(97,116)
(99,121)
(100,105)
(100,119)
(101,129)
(102,120)
(104,129)
(105,119)
(107,120)
(108,116)
(109,129)
(110,116)
(111,119)
(112,145)
(112,149)
(114,117)
(114,118)
(115,119)
(115,126)
(115,129)
(116,120)
(118,121)
(118,122)
(118,128)
(118,129)
(121,125)
(121,133)
(121,140)
(121,141)
(121,153)
(123,133)
(124,151)
(124,168)
(125,130)
(125,133)
(125,136)
(127,132)
(127,137)
(128,129)
(130,134)
(130,137)
(131,136)
(132,152)
(132,160)
(132,163)
(132,177)
(134,138)
(134,140)
(134,142)
(134,143)
(134,172)
(134,176)
(135,176)
(137,146)
(137,163)
(137,173)
(139,153)
(139,159)
(139,161)
(139,162)
(142,172)
(142,178)
(144,163)
(145,176)
(147,153)
(147,162)
(148,149)
(148,165)
(148,176)
(149,165)
(150,151)
(152,157)
(152,160)
(152,167)
(152,170)
(152,174)
(153,156)
(153,164)
(154,160)
(155,176)
(155,179)
(157,160)
(158,163)
(159,161)
(159,176)
(161,164)
(164,176)
(166,176)
(167,174)
(168,177)
(169,176)
(170,175)
(170,179)
(171,177)
(172,179)
(175,179)
(178,179)
