Nodes: 180
Protection radius: 1.000000
Disaster radius: 0.500000
0: 0.132050 56.861918
1: 0.331995 78.972237
2: 2.555630 51.297546
3: 2.588815 27.715834
4: 2.748999 73.864629
5: 3.581005 77.176532
6: 3.703433 61.007313
7: 4.008829 54.742513
8: 5.132121 69.708988
9: 5.658840 49.700327
10: 7.481110 40.513054
11: 7.893761 86.368663
12: 7.927708 75.851648
13: 8.079502 51.460715
14: 8.578500 47.387744
15: 8.596082 69.352514
16: 8.898004 7.701406
17: 10.346490 65.913416
18: 11.007174 29.504682
19: 11.258529 54.209879
20: 11.289614 5.443238
21: 11.445827 32.709830
22: 11.898199 16.244872
23: 12.401377 38.567588
24: 12.624777 58.397873
25: 12.721185 70.419206
26: 13.673161 28.904525
27: 13.831793 26.666925
28: 14.038333 64.972218
29: 14.405837 72.563192
30: 15.222579 3.716754
31: 15.675022 35.024619
32: 15.766996 80.878615
33: 16.503148 51.844919
34: 16.584705 1.927614
35: 16.713697 25.615988
36: 17.008259 13.901700
37: 17.188269 85.054617
38: 17.300797 59.973028
39: 17.956060 23.736325
40: 18.094939 70.623278
41: 18.308190 12.225994
42: 18.827597 26.750802
43: 19.322870 52.707159
44: 19.805269 76.792394
45: 20.630359 36.832513
46: 20.817013 82.208508
47: 22.059007 26.379999
48: 22.099305 90.151100
49: 23.410834 41.605231
50: 24.020296 67.565222
51: 24.087539 2.859286
52: 24.469859 86.376465
53: 24.650248 47.738212
54: 25.002287 14.589201
55: 25.036179 34.724393
56: 26.247949 88.444940
57: 26.517736 54.363813
58: 26.605031 81.699556
59: 26.784479 30.768697
60: 27.963175 2.505230
61: 28.303327 85.303730
62: 28.789942 37.347422
63: 29.235590 29.695337
64: 30.747760 17.444007
65: 30.779403 25.571360
66: 30.874475 5.533694
67: 31.183795 86.932770
68: 31.258741 37.730794
69: 31.712723 47.014443
70: 32.028445 76.734451
71: 32.440406 13.562804
72: 32.788919 51.839535
73: 33.838804 43.525995
74: 36.616956 46.546399
75: 36.634842 39.385952
76: 38.411888 29.045008
77: 38.504565 43.646051
78: 40.090491 12.112447
79: 40.650158 22.810336
80: 41.218862 15.302757
81: 41.561383 81.786827
82: 41.607450 84.627003
83: 41.964589 33.622016
84: 42.605888 36.001461
85: 42.699123 76.734866
86: 45.149397 30.191909
87: 45.917919 88.564590
88: 46.103493 8.999588
89: 46.418492 34.351800
90: 47.300657 75.908684
91: 47.564817 64.581193
92: 49.142472 26.035562
93: 50.263153 48.238894
94: 50.314815 84.527053
95: 50.687775 86.744117
96: 51.679142 63.660654
97: 52.146096 68.823811
98: 52.205557 28.917760
99: 52.282913 80.735739
100: 52.315018 24.895140
101: 52.378301 47.421556
102: 52.638818 20.802504
103: 52.667218 41.766963
104: 53.969950 66.392414
105: 54.306857 79.815240
106: 54.881654 46.846243
107: 55.196627 74.750886
108: 55.224376 49.056475
109: 55.560322 33.302820
110: 56.179544 30.927284
111: 57.427931 45.860237
112: 57.813745 83.541693
113: 57.907743 18.032866
114: 58.133089 70.217287
115: 60.327739 79.308007
116: 60.439514 88.542287
117: 60.963493 58.632683
118: 62.202577 48.103938
119: 62.527698 41.499058
120: 63.164971 21.803945
121: 63.400313 18.473067
122: 63.512543 75.914032
123: 63.975081 62.379768
124: 64.237687 52.174526
125: 64.359232 6.828185
126: 64.760899 87.591693
127: 64.782397 47.984252
128: 65.220136 42.117246
129: 65.288624 24.718101
130: 65.503288 67.237411
131: 66.730657 3.694889
132: 67.907908 7.589834
133: 68.265513 20.839153
134: 69.334087 50.398941
135: 71.440338 39.124917
136: 71.504272 3.110685
137: 72.139657 30.545489
138: 72.202886 23.673794
139: 72.385696 52.390866
140: 73.732255 0.088116
141: 74.909013 31.799665
142: 75.197040 65.727177
143: 75.517495 44.085276
144: 76.738308 40.100223
145: 77.552387 59.983350
146: 77.953172 31.666609
147: 78.000349 4.038822
148: 78.101483 9.756521
149: 78.445775 68.900730
150: 78.467641 45.510105
151: 78.897232 13.967340
152: 78.949758 42.910304
153: 79.110224 35.480291
154: 79.647513 55.472206
155: 80.106700 81.545634
156: 80.981614 41.820195
157: 81.093577 15.232439
158: 82.034304 50.171699
159: 82.039062 87.688724
160: 82.868035 11.856074
161: 84.382618 74.974511
162: 84.488243 79.813105
163: 84.848112 57.847475
164: 84.961282 42.613410
165: 86.125996 44.683882
166: 86.538570 79.404874
167: 86.641289 1.775820
168: 86.761604 14.737398
169: 86.880992 60.346132
170: 87.194918 26.087713
171: 87.315680 33.130797
172: 88.339117 81.110452
173: 88.960861 20.711692
174: 89.466906 2.636264
175: 90.328225 43.641427
176: 90.412507 90.078888
177: 90.487670 6.384525
178: 90.660494 66.711589
179: 90.741724 69.934483
Edges
(0,1)
(0,2)
(0,3)
(0,4)
(1,4)
(1,11)
(2,3)
(2,9)
(3,16)
(3,18)
(3,27)
(4,6)
(4,12)
(5,12)
(6,8)
(7,9)
(8,12)
(10,23)
(11,12)
(11,48)
(12,29)
(13,14)
(14,19)
(14,23)
(14,33)
(15,25)
(16,20)
(17,24)
(17,25)
(17,28)
(18,21)
(21,26)
(22,27)
(22,39)
(23,45)
(24,38)
(25,29)
(26,35)
(28,40)
(28,50)
(29,32)
(30,34)
(31,42)
(32,44)
(34,51)
(34,60)
(34,140)
(36,39)
(36,41)
(37,48)
(38,43)
(38,50)
(38,57)
(39,54)
(41,54)
(42,55)
(43,53)
(43,57)
(44,58)
(45,49)
(46,58)
(47,54)
(47,55)
(47,59)
(47,63)
(47,64)
(47,65)
(48,56)
(48,176)
(49,55)
(49,62)
(50,57)
(50,70)
(50,91)
(51,54)
(52,58)
(53,57)
(54,64)
(58,70)
(61,67)
(62,63)
(63,68)
(63,76)
(65,76)
(66,71)
(66,78)
(66,88)
(67,82)
(67,87)
(68,76)
(69,74)
(70,91)
(72,74)
(73,77)
(74,77)
(75,77)
(75,83)
(75,84)
(76,86)
(78,80)
(78,88)
(79,92)
(80,102)
(81,94)
(83,89)
(84,103)
(85,90)
(86,98)
(87,116)
(88,125)
(89,109)
(90,97)
(90,107)
(92,98)
(93,103)
(94,95)
(94,112)
(96,104)
(96,108)
(97,104)
(97,107)
(98,109)
(98,110)
(99,105)
(99,107)
(99,112)
(100,113)
(100,120)
(101,106)
(103,106)
(103,119)
(105,115)
(107,114)
(108,111)
(108,124)
(109,110)
(110,119)
(110,129)
(110,137)
(112,116)
(112,126)
(114,123)
(115,126)
(116,126)
(116,176)
(117,124)
(118,119)
(118,127)
(119,128)
(120,133)
(121,125)
(121,132)
(122,126)
(122,130)
(122,155)
(123,142)
(124,139)
(126,176)
(129,137)
(131,132)
(131,136)
(132,133)
(132,148)
(132,151)
(133,151)
(134,143)
(135,137)
(135,141)
(135,143)
(136,148)
(137,138)
(138,141)
(138,151)
(139,150)
(142,149)
(143,144)
(143,150)
(143,152)
(144,156)
(145,149)
(145,169)
(146,153)
(147,160)
(147,167)
(149,169)
(149,178)
(150,152)
(150,156)
(151,157)
(153,164)
(154,158)
(154,163)
(155,161)
(157,160)
(157,168)
(157,173)
(158,165)
(159,176)
(160,167)
(160,168)
(161,179)
(162,166)
(162,172)
(163,175)
(164,171)
(164,175)
(166,179)
(167,174)
(168,173)
(170,173)
(171,173)
(172,176)
(173,177)
(177,179)
