Nodes: 100
Protection radius: 1.000000
Disaster radius: 0.500000
0: 0.255186 36.368982
1: 0.287713 11.883103
2: 0.426316 3.888025
3: 1.381229 34.333983
4: 1.747686 30.800971
5: 3.502707 7.661548
6: 5.808613 25.670053
7: 6.508518 16.386252
8: 7.203792 22.600909
9: 7.221763 53.653500
10: 7.509022 0.951496
11: 7.856817 9.762149
12: 8.106464 49.663402
13: 9.414369 52.269783
14: 10.030212 48.093729
15: 11.331180 2.053713
16: 11.815863 17.910304
17: 12.172544 50.334275
18: 12.387575 34.926636
19: 14.321567 45.654685
20: 16.020034 52.765708
21: 16.180900 41.489261
22: 16.862955 38.518004
23: 17.023289 3.912986
24: 17.396289 22.163056
25: 17.903347 34.068314
26: 18.205626 17.399266
27: 18.349561 49.395466
28: 18.350762 52.399688
29: 18.886986 31.351386
30: 19.058170 4.709251
31: 19.321876 41.905249
32: 20.710380 9.112773
33: 21.120325 55.468604
34: 21.557350 42.497034
35: 21.637876 18.840815
36: 21.800113 3.059321
37: 22.619554 14.319480
38: 23.184034 50.062631
39: 23.194969 54.660843
40: 24.077266 17.979001
41: 24.983002 23.904807
42: 25.553941 34.151401
43: 25.885803 4.187184
44: 26.070199 14.914655
45: 26.244776 44.176904
46: 26.251377 9.296020
47: 28.342788 37.838970
48: 29.029719 0.913671
49: 29.056202 44.990736
50: 29.634651 20.097247
51: 30.429287 13.645438
52: 30.951623 36.920620
53: 31.044704 53.646874
54: 31.397555 31.878812
55: 31.843631 11.092648
56: 32.312574 16.848099
57: 33.342785 1.670817
58: 34.683486 42.110829
59: 34.787019 35.007130
60: 34.858744 55.544677
61: 35.539391 47.736216
62: 37.981300 0.868158
63: 38.549308 23.726365
64: 38.796568 18.063864
65: 39.764329 40.032256
66: 39.804341 15.278921
67: 39.963031 43.156646
68: 40.584707 55.474821
69: 40.732771 53.307307
70: 40.841271 23.016553
71: 41.004468 34.108194
72: 41.971190 50.003311
73: 42.369476 25.714648
74: 42.504112 46.043410
75: 42.567180 21.043939
76: 43.120540 31.077006
77: 44.480583 8.193904
78: 45.200843 51.370743
79: 46.290558 15.027392
80: 47.845325 8.218076
81: 47.908802 2.481635
82: 48.041041 53.013816
83: 48.097124 50.477272
84: 49.095706 27.474630
85: 49.246116 16.768319
86: 49.857813 1.980996
87: 50.046562 36.157939
88: 50.074725 22.064193
89: 50.467025 40.620855
90: 50.718429 50.476935
91: 51.158136 3.669633
92: 51.339936 44.427098
93: 52.233967 42.353837
94: 52.271751 20.068055
95: 53.296191 30.874032
96: 53.731560 26.222503
97: 54.085790 7.004001
98: 54.205521 53.835292
99: 55.756267 31.987777
Edges
(0,7)
(0,9)
(1,4)
(1,11)
(1,24)
(2,11)
(3,8)
(3,9)
(5,11)
(6,12)
(7,24)
(8,24)
(9,13)
(9,27)
(9,77)
(9,81)
(10,11)
(10,16)
(10,26)
(12,18)
(12,40)
(13,19)
(13,27)
(14,40)
(14,81)
(15,23)
(15,37)
(15,40)
(16,26)
(16,35)
(17,19)
(17,34)
(18,35)
(19,34)
(19,77)
(20,45)
(20,47)
(21,81)
(22,81)
(23,30)
(23,37)
(23,48)
(25,81)
(26,40)
(27,34)
(27,66)
(28,33)
(28,38)
(28,39)
(29,41)
(29,56)
(29,81)
(30,37)
(31,77)
(32,37)
(33,60)
(34,66)
(34,77)
(36,37)
(36,48)
(37,46)
(37,62)
(38,45)
(38,52)
(38,53)
(40,56)
(42,77)
(43,48)
(44,56)
(47,54)
(49,52)
(49,58)
(50,81)
(51,56)
(52,54)
(52,66)
(55,62)
(56,62)
(57,62)
(58,59)
(58,60)
(59,61)
(60,64)
(60,67)
(61,64)
(62,81)
(62,86)
(63,64)
(63,67)
(64,65)
(64,67)
(65,67)
(66,71)
(66,75)
(66,80)
(66,86)
(67,68)
(67,69)
(67,78)
(67,82)
(67,91)
(69,98)
(70,71)
(70,76)
(72,78)
(72,82)
(73,79)
(73,86)
(73,91)
(74,83)
(74,84)
(74,89)
(74,91)
(74,98)
(76,91)
(77,81)
(78,82)
(79,86)
(80,86)
(81,86)
(84,85)
(84,87)
(85,89)
(85,92)
(85,97)
(88,94)
(90,92)
(92,94)
(92,96)
(92,97)
(93,95)
(94,97)
(95,98)
(96,98)
(97,99)
(98,99)
