Nodes: 100
Protection radius: 1.000000
Disaster radius: 0.500000
0: 0.109306 6.629852
1: 0.136407 31.674041
2: 0.977646 45.614669
3: 1.953647 15.561827
4: 1.974713 22.156187
5: 2.278849 42.524625
6: 3.767193 17.368393
7: 4.174929 10.004148
8: 4.550119 41.847608
9: 4.614478 13.385383
10: 5.237996 4.340497
11: 6.822674 9.072540
12: 6.870494 51.276807
13: 6.964914 12.183325
14: 7.157816 32.536891
15: 8.024574 39.584350
16: 8.411833 45.532257
17: 8.512264 30.210847
18: 9.548223 6.943957
19: 9.987006 13.723152
20: 10.497900 51.848084
21: 10.682674 39.201508
22: 11.330350 26.869008
23: 11.793678 50.044482
24: 11.945540 47.677457
25: 12.791792 40.968975
26: 14.200106 9.852098
27: 15.716616 6.514418
28: 16.080970 11.475546
29: 16.948105 44.722873
30: 17.222304 51.362783
31: 17.227933 36.215444
32: 18.531772 23.913550
33: 18.613961 48.768593
34: 19.076689 44.510066
35: 19.139268 17.862731
36: 19.935453 11.399961
37: 20.308479 25.064581
38: 20.446035 5.079331
39: 21.352288 49.166908
40: 21.938837 21.179633
41: 22.197070 44.503665
42: 22.724306 38.212120
43: 23.027166 1.037106
44: 23.396914 22.665402
45: 23.992853 30.064097
46: 24.198236 52.319928
47: 24.354656 13.914767
48: 24.384509 39.465453
49: 24.720755 36.024794
50: 24.947709 15.880468
51: 25.732782 0.138635
52: 26.412062 26.444399
53: 26.969838 3.641633
54: 27.603506 13.799108
55: 28.089383 33.122662
56: 28.304324 49.037782
57: 28.481081 23.768545
58: 28.843940 41.587643
59: 29.038127 7.553180
60: 29.989947 36.777498
61: 30.583244 24.565965
62: 30.993753 42.769458
63: 31.054304 34.663214
64: 32.253226 31.438999
65: 32.709567 7.162479
66: 33.703227 17.084512
67: 33.963512 36.121073
68: 34.357625 30.939986
69: 34.523060 10.997603
70: 34.566709 39.073179
71: 34.735867 19.980076
72: 35.024934 25.494168
73: 35.560896 40.889790
74: 36.232938 5.423982
75: 36.245990 35.058190
76: 36.574902 20.927901
77: 36.668192 13.816183
78: 39.057429 27.521287
79: 40.127792 43.826008
80: 40.461571 22.476352
81: 41.962174 15.928843
82: 42.142832 1.168771
83: 42.869497 31.112305
84: 43.335820 26.556346
85: 43.864881 45.124275
86: 44.445863 24.539886
87: 44.462753 19.848163
88: 44.844073 52.453541
89: 45.355014 10.059824
90: 46.353074 17.117740
91: 46.569363 28.429643
92: 46.966087 32.309312
93: 47.596620 3.256430
94: 49.312401 27.220540
95: 49.798707 12.613030
96: 50.124890 15.712733
97: 52.040206 23.210769
98: 52.592176 16.829099
99: 52.845211 0.643398
Edges
(0,1)
(1,14)
(1,22)
(2,8)
(2,12)
(2,23)
(3,6)
(3,7)
(3,19)
(3,35)
(3,40)
(3,93)
(4,22)
(4,55)
(4,75)
(5,14)
(6,32)
(6,45)
(8,15)
(9,13)
(10,13)
(10,28)
(10,43)
(11,28)
(14,15)
(14,17)
(14,21)
(14,31)
(16,25)
(16,31)
(18,27)
(18,28)
(18,43)
(20,23)
(20,33)
(21,31)
(22,31)
(22,49)
(22,55)
(23,24)
(23,41)
(24,31)
(24,41)
(24,42)
(24,48)
(24,55)
(25,31)
(26,27)
(26,38)
(28,51)
(28,59)
(29,41)
(30,46)
(33,41)
(33,58)
(33,60)
(33,63)
(33,67)
(33,70)
(34,63)
(35,44)
(36,44)
(36,50)
(36,52)
(36,57)
(36,75)
(36,93)
(37,40)
(38,43)
(39,62)
(41,63)
(43,51)
(44,45)
(45,64)
(46,62)
(46,70)
(47,50)
(47,54)
(48,63)
(50,57)
(50,68)
(50,75)
(50,99)
(51,53)
(51,93)
(52,64)
(53,74)
(54,93)
(56,86)
(58,70)
(59,65)
(59,74)
(61,68)
(61,69)
(66,71)
(66,75)
(66,80)
(68,75)
(69,77)
(69,80)
(70,75)
(71,76)
(71,80)
(71,86)
(72,76)
(72,86)
(73,88)
(73,92)
(74,93)
(77,81)
(77,86)
(77,87)
(77,99)
(78,86)
(79,85)
(79,88)
(79,92)
(81,89)
(82,93)
(83,92)
(83,94)
(84,86)
(85,88)
(86,91)
(88,97)
(89,99)
(90,95)
(90,99)
(91,99)
(92,94)
(92,97)
(94,96)
(94,97)
(94,98)
(96,98)
(98,99)
