Nodes: 20
Protection radius: 1.000000
Disaster radius: 0.500000
0: 0.233754 11.786429
1: 0.839207 15.778819
2: 1.243988 8.264011
3: 1.725900 1.367754
4: 2.252520 14.199804
5: 2.531511 6.495569
6: 3.533390 10.474078
7: 4.112526 2.351454
8: 4.246550 12.770302
9: 4.393429 4.566862
10: 6.694265 15.105836
11: 7.240961 6.040979
12: 7.402869 12.623484
13: 7.838679 1.408974
14: 9.810081 2.876453
15: 11.532269 10.746602
16: 12.536548 5.052778
17: 13.026902 0.136205
18: 13.610807 13.667682
19: 14.884655 9.009716
Edges
(0,3)
(0,8)
(1,4)
(2,6)
(3,5)
(3,7)
(3,17)
(4,10)
(5,6)
(5,11)
(6,11)
(7,9)
(7,13)
(8,10)
(10,12)
(10,18)
(11,12)
(11,13)
(11,14)
(11,16)
(12,15)
(12,18)
(16,19)
