Nodes: 20
Protection radius: 1.000000
Disaster radius: 0.500000
0: 0.412710 2.128349
1: 0.779274 11.450131
2: 1.669205 8.009581
3: 2.027040 5.963242
4: 2.934942 3.750925
5: 3.043107 11.705353
6: 4.536713 0.379817
7: 6.627138 9.422088
8: 6.746826 13.799426
9: 6.823757 11.756580
10: 7.315589 5.061953
11: 8.702633 0.859336
12: 9.761601 14.571074
13: 10.036148 2.532020
14: 11.104400 9.768598
15: 11.343870 6.860975
16: 13.303888 0.173377
17: 13.983714 14.299746
18: 14.601563 6.494158
19: 14.778795 2.813920
Edges
(0,3)
(1,3)
(1,8)
(2,4)
(2,6)
(2,17)
(5,8)
(6,7)
(6,10)
(6,11)
(6,13)
(6,19)
(7,18)
(8,9)
(8,12)
(8,17)
(14,18)
(15,19)
(16,19)
