Nodes: 20
Protection radius: 1.000000
Disaster radius: 0.500000
0: 0.158914 11.440087
1: 0.690763 8.837790
2: 1.058383 0.736013
3: 1.159877 6.174113
4: 2.064017 10.654312
5: 3.259975 2.535722
6: 4.519675 0.034674
7: 4.667653 8.323170
8: 5.115730 13.030962
9: 5.764146 5.468762
10: 7.632407 8.566955
11: 7.829071 4.984418
12: 8.162168 2.461894
13: 8.634273 10.382765
14: 9.752055 12.985633
15: 10.092554 3.244233
16: 11.022641 5.906809
17: 11.208942 11.440976
18: 12.847948 4.503502
19: 13.932682 8.284888
Edges
(0,8)
(1,2)
(1,7)
(2,3)
(4,8)
(5,9)
(5,12)
(6,15)
(6,18)
(7,10)
(8,10)
(10,11)
(11,15)
(12,15)
(13,14)
(13,17)
(15,16)
(16,17)
(18,19)
