Nodes: 100
Protection radius: 1.000000
Disaster radius: 0.500000
0: 0.157813 24.714031
1: 0.991811 30.521787
2: 1.955290 9.010126
3: 3.532685 40.424289
4: 4.025542 35.907970
5: 4.546157 10.869981
6: 4.810375 1.941655
7: 4.900540 31.342619
8: 6.389544 37.334781
9: 6.752186 42.237348
10: 7.541252 32.668303
11: 8.110435 48.597006
12: 8.685309 38.286741
13: 8.708735 34.795935
14: 8.852313 58.789550
15: 9.254263 1.113344
16: 9.527990 41.714244
17: 10.158028 20.939563
18: 10.627741 28.285039
19: 12.797911 45.625248
20: 12.811636 37.771241
21: 12.855957 20.404959
22: 13.646187 1.066633
23: 13.759136 15.027513
24: 14.910288 13.045156
25: 15.979429 9.896586
26: 18.338941 25.667593
27: 18.547954 28.572392
28: 18.909168 56.770398
29: 19.603606 38.082971
30: 20.729113 44.284170
31: 20.891136 55.508191
32: 21.763363 25.412165
33: 21.839753 3.057000
34: 22.280929 28.268216
35: 23.094041 48.163405
36: 24.098072 15.446815
37: 24.409224 9.034843
38: 24.498934 18.874344
39: 25.708459 26.913431
40: 25.942425 7.743998
41: 26.496245 12.177118
42: 26.834391 24.361878
43: 28.020468 45.232695
44: 28.724594 41.593122
45: 29.703605 19.524098
46: 30.433004 30.852789
47: 30.508651 16.313484
48: 30.526519 23.734693
49: 30.611076 52.807449
50: 30.678799 42.992122
51: 31.342040 14.111329
52: 32.238686 8.982409
53: 33.253118 25.548500
54: 34.321159 14.866085
55: 35.324700 12.584102
56: 35.415733 6.750140
57: 36.960237 10.908906
58: 37.026187 35.543125
59: 37.176967 43.813959
60: 38.211806 49.034455
61: 38.593656 19.987187
62: 39.086617 10.529448
63: 39.361330 33.291485
64: 39.481298 1.385896
65: 39.494761 7.663843
66: 41.350748 23.425652
67: 42.278806 30.758759
68: 42.416922 40.178694
69: 43.197752 58.668389
70: 43.675085 19.808818
71: 44.306153 43.575422
72: 45.870478 46.627869
73: 46.333884 55.676073
74: 46.344907 34.031572
75: 46.687844 29.846418
76: 47.166273 9.356532
77: 47.318961 23.860936
78: 48.085088 58.797255
79: 48.773277 12.857343
80: 49.201043 22.011963
81: 49.365281 44.666392
82: 49.604968 48.221242
83: 49.918883 33.937214
84: 50.059077 37.263790
85: 50.305300 1.411790
86: 50.358028 56.146533
87: 50.749087 40.284164
88: 52.387153 37.613149
89: 52.629003 15.365375
90: 52.629164 29.233052
91: 52.683080 53.034066
92: 55.704451 11.741597
93: 55.770313 30.842965
94: 55.893145 46.252327
95: 57.095409 38.882622
96: 57.577774 43.490435
97: 57.805444 47.387380
98: 57.892963 24.261798
99: 58.176200 16.916715
Edges
(0,2)
(0,6)
(0,7)
(1,4)
(1,7)
(3,8)
(3,10)
(3,11)
(3,14)
(3,28)
(5,7)
(5,10)
(6,15)
(6,17)
(8,9)
(9,10)
(9,12)
(9,13)
(9,16)
(9,17)
(9,30)
(9,35)
(9,43)
(12,13)
(12,22)
(13,22)
(16,18)
(16,33)
(18,21)
(18,25)
(19,28)
(19,31)
(20,27)
(20,60)
(21,23)
(22,24)
(22,25)
(22,33)
(24,25)
(26,32)
(26,38)
(26,60)
(27,50)
(28,49)
(28,78)
(29,44)
(29,60)
(30,35)
(31,43)
(31,60)
(32,38)
(33,36)
(33,37)
(33,41)
(33,51)
(33,52)
(33,57)
(34,39)
(34,59)
(34,78)
(36,42)
(36,45)
(37,45)
(37,71)
(38,39)
(39,78)
(40,54)
(40,55)
(40,57)
(40,66)
(40,95)
(41,51)
(41,63)
(42,46)
(44,50)
(45,71)
(45,73)
(46,48)
(46,58)
(47,51)
(47,63)
(47,75)
(49,60)
(50,60)
(51,66)
(53,72)
(56,64)
(58,73)
(61,64)
(61,65)
(61,95)
(62,65)
(63,74)
(63,83)
(64,65)
(64,70)
(64,76)
(64,80)
(65,70)
(66,75)
(66,95)
(67,75)
(68,74)
(68,84)
(69,78)
(70,77)
(71,84)
(71,87)
(72,73)
(73,78)
(73,86)
(73,91)
(73,96)
(74,95)
(76,80)
(77,93)
(79,80)
(79,85)
(80,85)
(80,92)
(80,93)
(81,82)
(82,87)
(82,96)
(84,88)
(85,92)
(89,92)
(90,93)
(90,95)
(91,97)
(92,93)
(92,98)
(94,97)
(96,99)
(98,99)
