Nodes: 180
Protection radius: 1.000000
Disaster radius: 0.500000
0: 0.125731 88.819028
1: 0.327725 35.818989
2: 0.722633 21.493846
3: 0.768712 77.199965
4: 2.302259 62.284857
5: 3.210866 68.093192
6: 3.389753 34.728004
7: 3.471424 92.343189
8: 4.687676 52.913540
9: 4.759535 77.883357
10: 5.377735 56.932649
11: 6.899277 81.391262
12: 8.484906 16.716481
13: 8.775794 44.597886
14: 8.900168 96.875535
15: 9.039451 94.309046
16: 9.846250 2.998309
17: 10.039865 41.256559
18: 11.223027 60.010893
19: 11.553273 11.101898
20: 11.684175 81.061041
21: 11.867246 30.835182
22: 12.309111 87.291295
23: 12.572427 0.594385
24: 12.848781 41.561784
25: 13.924069 90.652316
26: 14.407934 31.425754
27: 14.601141 42.903726
28: 15.547924 45.561690
29: 15.897154 89.006742
30: 16.395626 22.661873
31: 17.757422 59.015613
32: 18.948199 69.593687
33: 18.976064 27.699956
34: 19.460234 44.340977
35: 19.537761 91.786260
36: 20.083031 24.751620
37: 20.896558 66.990500
38: 22.007168 38.785293
39: 22.532153 51.977139
40: 22.539132 88.865418
41: 23.608789 30.199091
42: 23.895633 60.036362
43: 24.229116 46.090509
44: 24.714697 35.435162
45: 25.844919 86.826604
46: 26.640602 65.846244
47: 27.237226 3.725946
48: 27.334083 12.920634
49: 27.592858 9.163566
50: 27.796379 91.303907
51: 29.383808 84.730513
52: 29.387946 5.615531
53: 29.901217 55.680510
54: 29.996745 29.796726
55: 30.151549 10.116251
56: 30.307826 74.067402
57: 30.868034 63.263742
58: 30.875855 45.874514
59: 31.570898 49.492709
60: 32.657619 42.453952
61: 32.667541 22.762699
62: 33.223272 71.726171
63: 33.311705 80.221841
64: 33.512917 46.071327
65: 33.918560 14.614448
66: 34.893674 34.995543
67: 34.986518 30.803560
68: 35.915039 38.795422
69: 36.257090 18.144479
70: 36.305184 68.514419
71: 36.990547 55.044830
72: 38.172031 19.434065
73: 38.967926 90.147222
74: 39.555379 25.430720
75: 41.902940 28.684769
76: 43.906786 89.250110
77: 44.086599 69.770008
78: 45.044515 12.012944
79: 46.003628 14.253191
80: 46.017645 40.405115
81: 46.341129 3.624392
82: 47.731808 42.188526
83: 48.256729 94.227345
84: 49.104046 13.800567
85: 49.813492 96.606081
86: 49.971029 66.396738
87: 50.801924 61.019583
88: 50.821986 70.986140
89: 51.355046 15.551131
90: 51.490045 31.979006
91: 52.304777 19.167469
92: 52.787810 38.488799
93: 53.330970 69.625029
94: 53.384689 49.228511
95: 54.087627 20.931732
96: 54.162069 63.670767
97: 54.358802 36.691215
98: 55.331550 53.597812
99: 55.361642 15.251641
100: 55.743554 12.633226
101: 56.163938 78.947904
102: 56.528690 87.025929
103: 56.609327 18.578373
104: 57.172045 46.799568
105: 57.189489 40.912297
106: 57.620064 43.635477
107: 59.147869 30.092432
108: 59.482493 49.382139
109: 59.840678 61.507058
110: 61.102514 56.250969
111: 61.786929 96.331450
112: 62.149145 11.826032
113: 63.057383 19.557954
114: 63.201193 3.263928
115: 63.902989 56.922609
116: 63.919518 8.159100
117: 64.215806 11.335144
118: 64.248545 91.132981
119: 64.725025 21.174165
120: 65.258674 53.671856
121: 65.459461 15.813464
122: 65.473409 26.963229
123: 66.760205 39.506713
124: 66.866035 32.299004
125: 67.596387 53.671617
126: 68.212260 82.078818
127: 68.371310 96.880776
128: 68.682447 45.382680
129: 68.912340 73.247637
130: 69.035217 23.550669
131: 69.379726 34.120985
132: 69.771696 21.228846
133: 70.125855 69.921511
134: 70.153909 1.995005
135: 70.212056 8.047582
136: 70.230124 48.015820
137: 70.325832 95.787678
138: 70.625490 91.571018
139: 72.700452 75.641829
140: 72.968264 85.376509
141: 73.097905 69.757850
142: 73.189309 15.998939
143: 73.379992 55.561459
144: 74.250068 67.833936
145: 74.878249 95.396831
146: 75.386216 51.633683
147: 76.271225 3.972850
148: 76.434315 21.944747
149: 76.728759 96.446132
150: 76.896891 67.782035
151: 77.383251 92.664987
152: 78.541024 40.473009
153: 79.788093 14.888633
154: 80.046126 68.630176
155: 80.475649 35.913291
156: 80.642915 96.144013
157: 80.693947 89.797992
158: 81.383607 61.329117
159: 82.012640 40.223929
160: 82.920754 89.439721
161: 82.945214 76.236305
162: 84.168931 67.957854
163: 84.879659 3.508977
164: 85.597535 9.647008
165: 86.972681 36.859052
166: 87.034526 58.104206
167: 87.659517 81.777526
168: 87.710849 34.262086
169: 88.399621 17.023180
170: 88.884927 53.456360
171: 88.889586 29.500099
172: 89.510992 96.250832
173: 89.706804 94.149762
174: 91.903883 37.385749
175: 92.081583 18.970081
176: 92.367812 45.068623
177: 93.664669 31.209067
178: 94.611910 25.996462
179: 95.060447 60.263801
Edges
(0,1)
(0,2)
(0,33)
(2,4)
(2,5)
(2,8)
(3,24)
(3,33)
(5,10)
(5,24)
(6,16)
(6,17)
(6,26)
(6,30)
(6,47)
(6,52)
(7,9)
(7,22)
(7,28)
(7,49)
(7,63)
(7,88)
(8,36)
(8,49)
(9,27)
(10,49)
(11,48)
(12,16)
(13,17)
(13,49)
(14,50)
(14,83)
(14,127)
(15,25)
(15,35)
(15,50)
(15,88)
(16,19)
(18,28)
(20,22)
(21,49)
(22,34)
(22,41)
(22,44)
(23,47)
(23,81)
(23,116)
(25,29)
(31,41)
(32,46)
(32,57)
(33,49)
(35,40)
(37,57)
(38,44)
(39,93)
(40,88)
(41,86)
(42,93)
(43,53)
(43,86)
(44,59)
(45,93)
(45,118)
(45,137)
(46,56)
(47,78)
(47,100)
(47,116)
(48,52)
(48,61)
(48,67)
(48,82)
(48,108)
(50,73)
(50,137)
(51,118)
(52,55)
(52,72)
(52,105)
(54,68)
(54,82)
(55,65)
(55,69)
(56,57)
(56,88)
(57,77)
(58,64)
(59,71)
(60,86)
(61,82)
(62,70)
(62,88)
(64,71)
(66,86)
(67,80)
(69,74)
(72,74)
(75,106)
(76,118)
(76,137)
(78,100)
(78,136)
(79,136)
(80,82)
(81,134)
(81,163)
(82,86)
(82,94)
(84,89)
(85,111)
(85,137)
(86,104)
(87,104)
(89,91)
(89,117)
(89,128)
(89,136)
(90,97)
(90,105)
(91,107)
(91,136)
(92,105)
(93,96)
(93,102)
(95,136)
(96,98)
(96,118)
(98,109)
(98,110)
(98,126)
(98,140)
(99,103)
(99,113)
(99,119)
(99,121)
(99,122)
(99,123)
(100,116)
(100,147)
(101,102)
(103,123)
(104,110)
(105,106)
(106,120)
(106,125)
(106,139)
(106,141)
(109,110)
(110,129)
(112,135)
(114,134)
(115,133)
(115,139)
(115,141)
(117,135)
(118,140)
(118,149)
(119,121)
(122,123)
(122,124)
(123,135)
(130,143)
(130,149)
(131,141)
(132,135)
(135,148)
(135,149)
(135,153)
(137,149)
(138,140)
(138,145)
(140,141)
(140,145)
(141,145)
(142,149)
(142,152)
(144,149)
(146,149)
(146,151)
(146,159)
(146,171)
(147,163)
(147,164)
(147,175)
(148,152)
(148,169)
(149,157)
(149,160)
(150,154)
(150,171)
(151,154)
(151,165)
(151,168)
(151,175)
(151,178)
(154,158)
(154,165)
(155,169)
(156,160)
(161,172)
(161,173)
(162,166)
(162,170)
(162,173)
(162,179)
(167,179)
(168,175)
(174,176)
(174,178)
(174,179)
(177,178)
(178,179)
