Nodes: 20
Protection radius: 1.000000
Disaster radius: 0.500000
0: 0.330597 1.041007
1: 0.426186 4.357798
2: 0.641764 9.552526
3: 1.867877 7.095042
4: 2.182441 11.444298
5: 2.486232 13.759731
6: 3.087778 9.331154
7: 4.092982 6.876667
8: 4.636169 11.120258
9: 4.899397 3.210339
10: 5.297373 13.590889
11: 6.967434 9.787827
12: 7.066294 2.479566
13: 7.308052 6.036665
14: 7.625035 12.130804
15: 8.956875 9.535566
16: 9.074926 3.593908
17: 10.022564 13.707366
18: 13.236678 12.356656
19: 13.493722 6.480713
Edges
(0,1)
(0,12)
(0,16)
(0,19)
(1,3)
(1,9)
(1,13)
(2,19)
(4,6)
(4,19)
(5,11)
(5,17)
(7,13)
(8,11)
(10,19)
(11,15)
(11,19)
(14,17)
(18,19)
