Nodes: 60
Protection radius: 1.000000
Disaster radius: 0.500000
0: 0.312721 20.259702
1: 0.417613 37.897311
2: 0.430534 25.729486
3: 0.934297 15.159745
4: 2.417715 28.354827
5: 2.680600 18.141218
6: 3.270269 12.252823
7: 3.877434 22.216133
8: 4.854550 28.167454
9: 5.009452 3.040206
10: 6.657790 33.490183
11: 6.762599 21.027407
12: 6.916361 12.657322
13: 6.984254 9.180314
14: 8.177730 5.688655
15: 8.425602 27.577632
16: 9.451298 13.734206
17: 9.816980 19.790043
18: 10.158278 32.180159
19: 10.409455 3.612497
20: 10.761322 36.614206
21: 11.047535 17.714301
22: 11.382234 15.409856
23: 11.806678 9.519269
24: 12.881560 3.016246
25: 13.131766 37.308115
26: 13.531883 19.983799
27: 14.282771 16.816068
28: 14.585243 1.922508
29: 17.048911 26.303446
30: 17.283768 20.448244
31: 17.625168 5.781620
32: 17.757138 32.731431
33: 18.255973 24.271984
34: 18.813126 36.390213
35: 19.829168 33.398369
36: 20.518624 24.203268
37: 20.848400 21.147852
38: 21.127856 11.360256
39: 22.728861 0.548565
40: 22.831934 37.023083
41: 24.141522 15.748798
42: 25.231972 34.396822
43: 25.864318 24.293162
44: 26.329443 9.112027
45: 27.412568 1.581008
46: 27.670342 13.445543
47: 27.884481 23.523819
48: 28.093138 33.476095
49: 29.331374 18.486053
50: 31.880994 32.999599
51: 32.641121 8.615142
52: 32.818410 4.204566
53: 33.032154 11.502148
54: 33.430681 28.665428
55: 33.648521 1.876370
56: 33.964640 25.126318
57: 36.757946 5.263228
58: 37.162772 18.464468
59: 37.974003 29.305586
Edges
(0,2)
(1,2)
(1,25)
(2,5)
(3,5)
(4,27)
(4,42)
(5,14)
(6,14)
(7,11)
(7,13)
(7,17)
(7,21)
(8,37)
(9,14)
(10,42)
(12,59)
(13,19)
(13,24)
(13,56)
(15,37)
(15,42)
(15,54)
(16,47)
(16,59)
(18,32)
(18,42)
(20,25)
(21,22)
(23,44)
(23,56)
(24,28)
(25,40)
(25,50)
(26,37)
(27,43)
(28,31)
(29,43)
(29,59)
(30,37)
(33,36)
(33,37)
(34,40)
(35,42)
(38,41)
(38,49)
(38,56)
(39,52)
(42,48)
(44,51)
(45,52)
(45,55)
(46,59)
(50,54)
(51,53)
(52,57)
(52,59)
(56,59)
(58,59)
