Nodes: 20
Protection radius: 1.000000
Disaster radius: 0.500000
0: 0.038616 9.961471
1: 0.155076 12.708282
2: 0.417355 15.157491
3: 0.745216 6.209791
4: 2.560963 4.001762
5: 3.136099 10.688864
6: 5.786211 12.460444
7: 6.017843 7.283736
8: 6.050120 4.159027
9: 8.734241 14.942932
10: 9.121683 6.392417
11: 10.104325 3.164931
12: 10.118672 11.302671
13: 10.245603 9.254625
14: 10.405933 0.729067
15: 11.499866 15.961317
16: 12.381969 11.148537
17: 13.038132 14.511736
18: 14.363320 9.885215
19: 15.150299 2.852912
Edges
(0,1)
(0,3)
(2,5)
(3,4)
(3,5)
(3,7)
(4,8)
(5,6)
(7,10)
(8,14)
(9,15)
(9,17)
(10,11)
(10,13)
(11,19)
(12,16)
(13,16)
(16,17)
(17,18)
