Nodes: 60
Protection radius: 1.000000
Disaster radius: 0.500000
0: 0.496309 25.731830
1: 1.084987 17.923847
2: 1.132898 9.039731
3: 1.398552 29.340959
4: 1.565741 4.241923
5: 1.609351 21.201525
6: 2.444497 27.336032
7: 2.694843 0.129934
8: 3.316045 13.493167
9: 3.387862 5.991804
10: 4.557866 20.878918
11: 5.192151 26.633345
12: 6.064579 2.304868
13: 7.327483 14.331261
14: 7.459976 23.587220
15: 7.470260 18.902475
16: 7.583150 9.725717
17: 9.604002 17.724306
18: 9.630619 27.818665
19: 9.657665 11.444836
20: 11.002517 14.748111
21: 12.523699 2.217886
22: 13.007644 20.674555
23: 13.931495 31.032966
24: 14.061413 27.118747
25: 14.321581 18.776316
26: 15.177605 22.595599
27: 15.295540 16.104359
28: 16.216036 6.380859
29: 16.500999 11.055717
30: 16.525295 3.155350
31: 16.834394 21.087793
32: 17.609498 0.697784
33: 17.989821 12.519634
34: 18.757650 5.630577
35: 18.840228 20.309800
36: 19.635784 25.805503
37: 19.740924 31.304482
38: 21.206560 13.545921
39: 21.381854 22.243309
40: 21.673863 5.747075
41: 21.695267 15.620206
42: 21.722276 3.388413
43: 22.914270 7.386117
44: 23.938502 17.859888
45: 24.430803 13.749120
46: 24.547478 4.005660
47: 24.646843 8.858529
48: 24.674249 23.817119
49: 26.190744 10.537299
50: 26.782375 21.424489
51: 26.963578 13.020008
52: 27.990385 3.341227
53: 28.862555 24.417544
54: 29.423615 6.788935
55: 30.047426 11.969551
56: 30.048121 20.508776
57: 30.368316 15.657619
58: 31.365517 31.306430
59: 31.386316 24.315459
Edges
(0,2)
(1,5)
(1,8)
(1,10)
(2,4)
(2,8)
(2,9)
(3,6)
(6,11)
(7,12)
(8,16)
(10,15)
(11,18)
(12,21)
(13,17)
(14,15)
(14,24)
(15,22)
(16,21)
(17,20)
(18,23)
(19,20)
(19,29)
(20,25)
(21,30)
(23,24)
(25,31)
(26,31)
(27,29)
(27,35)
(27,41)
(28,30)
(30,34)
(31,39)
(32,42)
(33,38)
(33,43)
(34,42)
(36,37)
(36,48)
(38,41)
(38,47)
(39,48)
(40,43)
(41,45)
(42,46)
(42,52)
(43,46)
(44,45)
(45,49)
(45,51)
(47,54)
(48,50)
(53,58)
(53,59)
(54,55)
(55,59)
(56,57)
(56,59)
