Nodes: 60
Protection radius: 1.000000
Disaster radius: 0.500000
0: 0.069404 14.960909
1: 0.158378 6.510023
2: 0.214890 11.588015
3: 1.380436 2.908661
4: 2.021297 25.885744
5: 2.310068 12.359909
6: 2.626303 15.900085
7: 3.274670 0.820034
8: 3.573713 30.089613
9: 5.341978 25.988771
10: 5.342749 9.370543
11: 6.415168 12.320865
12: 6.796896 1.321154
13: 7.349245 30.665923
14: 8.887517 0.366009
15: 9.386700 3.502948
16: 9.517138 27.477909
17: 9.615596 12.126613
18: 10.105315 24.942590
19: 10.527585 31.382122
20: 11.774009 22.709495
21: 11.936620 28.100079
22: 11.954024 2.116276
23: 12.217862 4.595566
24: 12.790705 32.209894
25: 13.642018 18.810900
26: 13.802558 10.922958
27: 14.687204 26.303896
28: 15.828334 12.241899
29: 16.080119 28.825355
30: 16.313180 20.000042
31: 16.655013 2.753679
32: 17.432981 0.483502
33: 17.609423 9.102406
34: 17.740104 32.269219
35: 18.297770 4.998313
36: 18.619606 13.746352
37: 18.731642 28.674010
38: 19.285890 25.681499
39: 19.506854 10.267952
40: 20.293501 12.307203
41: 21.440499 14.821577
42: 21.497156 2.380001
43: 21.828541 22.487826
44: 23.846119 26.827135
45: 23.848535 32.315521
46: 25.737700 28.757059
47: 25.755536 19.145307
48: 26.548924 23.621424
49: 27.200244 14.523854
50: 28.026698 27.764954
51: 30.144955 32.542222
52: 30.267994 19.929683
53: 30.844304 11.469874
54: 30.979176 3.973594
55: 32.962073 14.031942
56: 33.106242 2.726482
57: 33.863376 0.474990
58: 34.103652 6.790656
59: 34.821619 28.872875
Edges
(0,4)
(0,6)
(0,17)
(1,3)
(1,10)
(1,15)
(2,17)
(5,11)
(5,17)
(7,35)
(8,24)
(9,24)
(12,14)
(12,22)
(13,19)
(13,24)
(14,32)
(15,21)
(15,25)
(15,26)
(15,28)
(15,49)
(16,17)
(17,18)
(17,21)
(20,30)
(20,39)
(22,35)
(23,49)
(24,36)
(24,38)
(27,43)
(29,47)
(31,32)
(32,42)
(32,49)
(33,39)
(33,49)
(34,37)
(34,48)
(38,47)
(38,48)
(39,43)
(40,49)
(41,47)
(44,45)
(44,48)
(44,51)
(46,51)
(48,50)
(49,50)
(50,53)
(50,54)
(50,56)
(52,56)
(54,57)
(55,59)
(56,58)
(56,59)
