Nodes: 100
Protection radius: 1.000000
Disaster radius: 0.500000
0: 0.298998 10.419067
1: 0.598452 6.369046
2: 0.802477 22.140168
3: 1.089084 28.622228
4: 1.098103 48.721436
5: 3.116064 39.404729
6: 4.076885 10.631856
7: 4.287613 31.495708
8: 5.216987 16.124795
9: 5.411115 36.063854
10: 5.941975 50.114923
11: 6.073983 25.371161
12: 6.492631 32.425332
13: 8.354257 5.903920
14: 8.489186 1.266523
15: 8.942511 53.460595
16: 9.420274 22.932513
17: 9.683765 30.156142
18: 9.887099 45.145367
19: 10.047362 37.837389
20: 10.283049 14.268665
21: 11.658752 54.751470
22: 12.083652 24.922141
23: 13.292693 36.196546
24: 13.427420 17.391609
25: 14.522189 26.673386
26: 14.556538 0.322682
27: 15.014635 45.068188
28: 15.916517 10.183865
29: 16.668989 36.390530
30: 17.125468 44.422759
31: 17.641445 22.954564
32: 17.668540 28.826021
33: 18.724302 52.683820
34: 18.996038 7.174221
35: 20.735867 23.575742
36: 21.724087 25.490885
37: 21.733933 31.898498
38: 21.898336 19.863780
39: 22.911656 3.108828
40: 23.006522 49.290082
41: 23.139215 43.107877
42: 23.169852 54.658409
43: 23.841186 13.604426
44: 25.072163 49.219242
45: 25.956523 28.881115
46: 26.839937 13.503566
47: 27.555967 22.118371
48: 29.997135 10.432244
49: 30.598733 14.052401
50: 30.895175 30.962599
51: 32.143416 43.593938
52: 32.397959 56.936923
53: 33.741038 0.150022
54: 33.760504 55.310119
55: 34.174498 17.971821
56: 34.329840 20.249293
57: 35.549258 57.438670
58: 35.598094 38.828173
59: 36.089228 10.349441
60: 37.706027 58.451142
61: 38.306627 27.240844
62: 38.670571 41.907694
63: 38.904057 18.401619
64: 39.423562 35.187567
65: 39.819658 15.324666
66: 40.067561 43.896543
67: 40.815551 54.030541
68: 43.741309 44.846032
69: 43.761962 28.566553
70: 44.273562 14.571785
71: 44.393487 11.701069
72: 45.197219 0.265444
73: 45.440288 6.772073
74: 45.689282 57.042814
75: 46.344216 51.541613
76: 46.569113 40.267357
77: 46.972751 46.942669
78: 48.010470 21.885976
79: 48.813554 1.543745
80: 49.040963 16.490497
81: 49.719637 59.837811
82: 50.452529 36.788887
83: 50.465211 5.933086
84: 51.379424 11.903746
85: 51.968425 3.038591
86: 52.515325 31.772432
87: 52.649311 46.145737
88: 53.080970 29.674453
89: 54.753424 10.808526
90: 56.109667 13.394174
91: 57.049113 25.614654
92: 57.110362 36.245887
93: 57.910658 52.383866
94: 58.159062 55.051156
95: 58.273649 14.751807
96: 58.379540 19.008697
97: 59.638310 36.672716
98: 59.750164 21.438922
99: 59.993701 56.283682
Edges
(0,2)
(1,13)
(2,4)
(2,8)
(3,4)
(3,7)
(5,7)
(5,9)
(6,20)
(7,17)
(8,16)
(9,12)
(10,15)
(10,18)
(11,17)
(11,22)
(12,19)
(13,20)
(14,26)
(17,25)
(17,32)
(18,27)
(19,23)
(19,27)
(20,28)
(21,33)
(22,24)
(24,28)
(24,31)
(26,28)
(29,41)
(30,33)
(30,41)
(31,35)
(31,38)
(32,37)
(33,40)
(34,43)
(36,47)
(37,41)
(37,45)
(38,46)
(38,47)
(39,48)
(40,44)
(42,52)
(43,48)
(44,54)
(47,56)
(48,49)
(48,53)
(50,51)
(50,64)
(51,58)
(51,66)
(52,57)
(52,60)
(53,59)
(53,73)
(54,57)
(55,56)
(55,59)
(55,65)
(57,67)
(59,71)
(60,81)
(61,69)
(62,64)
(63,70)
(64,69)
(66,68)
(67,68)
(68,76)
(69,82)
(70,78)
(72,73)
(73,79)
(74,75)
(75,93)
(76,77)
(77,87)
(78,80)
(78,88)
(78,91)
(80,84)
(80,90)
(83,84)
(83,85)
(83,89)
(85,95)
(86,88)
(87,97)
(90,96)
(91,92)
(91,97)
(93,94)
(93,97)
(93,99)
(95,98)
