Nodes: 100
Protection radius: 1.000000
Disaster radius: 0.500000
0: 0.262889 8.245589
1: 0.406002 16.940767
2: 0.709736 33.198771
3: 1.353877 19.602815
4: 2.829917 13.238983
5: 2.842471 26.995090
6: 3.140354 37.494655
7: 3.172363 44.395398
8: 3.511427 2.255841
9: 3.668951 20.190807
10: 3.778984 11.087715
11: 3.920892 50.626103
12: 4.137587 33.936904
13: 5.225730 37.799786
14: 5.634372 55.194608
15: 6.230049 15.520667
16: 6.879709 23.268057
17: 7.211014 6.671072
18: 8.004870 42.688902
19: 8.017166 34.638709
20: 8.070421 0.572602
21: 8.473676 54.177375
22: 9.047983 52.117558
23: 9.140975 17.709386
24: 9.457059 8.736565
25: 11.486059 49.104038
26: 11.885106 40.318077
27: 12.118417 38.240991
28: 13.232055 18.472423
29: 13.284918 27.598981
30: 14.116773 35.682862
31: 15.350776 33.246398
32: 16.896466 27.869676
33: 17.137519 50.380909
34: 17.216373 37.197335
35: 18.304751 3.418337
36: 19.995150 50.377614
37: 20.111199 24.107479
38: 21.381802 0.250614
39: 21.907741 41.322142
40: 22.052815 25.134317
41: 22.690801 12.312450
42: 22.919248 15.440490
43: 23.162873 48.213471
44: 24.514867 26.048631
45: 24.697313 31.715801
46: 25.281029 7.754256
47: 25.479098 47.414447
48: 25.778516 45.027875
49: 25.890053 4.590798
50: 26.035384 34.390996
51: 26.410600 41.451204
52: 28.149352 47.968029
53: 28.214877 40.135621
54: 28.229529 36.463542
55: 28.501290 17.520329
56: 29.410806 6.390338
57: 30.349384 11.673820
58: 30.614946 20.426276
59: 30.793535 3.566462
60: 30.794086 50.137614
61: 30.961156 44.925267
62: 31.994145 55.762741
63: 32.325955 28.293145
64: 32.836106 11.249755
65: 33.193968 6.919338
66: 34.182393 46.001253
67: 34.540748 35.461975
68: 36.255464 44.799861
69: 36.472769 12.767692
70: 37.515689 49.628409
71: 37.973759 39.634975
72: 38.766491 18.042612
73: 39.165489 22.187194
74: 39.177475 46.662831
75: 39.493673 50.826787
76: 40.684223 53.891220
77: 40.946622 11.618269
78: 41.062068 23.367942
79: 43.291137 36.246848
80: 43.694332 6.312717
81: 43.797583 10.424139
82: 44.047137 22.590271
83: 44.085587 40.379246
84: 45.208096 17.878191
85: 45.466840 27.526833
86: 46.076891 47.466534
87: 47.796185 14.910369
88: 48.582370 20.888300
89: 48.918672 47.498542
90: 50.112236 34.120381
91: 50.173160 10.768579
92: 50.200112 13.582605
93: 52.637824 16.300463
94: 52.733297 4.919575
95: 53.647612 27.916531
96: 55.045850 51.172774
97: 55.256009 24.428243
98: 55.499852 18.165011
99: 55.693845 35.337733
Edges
(0,8)
(0,24)
(0,46)
(1,3)
(1,10)
(2,6)
(2,7)
(2,11)
(2,13)
(3,5)
(3,34)
(4,9)
(6,7)
(7,11)
(7,39)
(7,99)
(8,17)
(8,35)
(8,77)
(8,81)
(8,94)
(9,15)
(9,16)
(9,34)
(10,23)
(10,90)
(12,30)
(13,18)
(14,21)
(14,25)
(14,33)
(14,43)
(16,23)
(16,29)
(16,40)
(16,44)
(16,79)
(18,26)
(18,27)
(18,30)
(19,30)
(20,38)
(22,25)
(22,51)
(24,41)
(24,57)
(24,72)
(24,73)
(24,82)
(24,88)
(25,53)
(26,30)
(26,34)
(26,54)
(27,30)
(28,37)
(28,63)
(28,90)
(29,31)
(29,32)
(29,45)
(30,34)
(31,45)
(33,51)
(34,45)
(35,80)
(35,81)
(35,94)
(36,43)
(38,94)
(41,57)
(42,55)
(42,90)
(43,51)
(44,79)
(46,64)
(46,77)
(46,84)
(46,87)
(47,51)
(48,51)
(49,56)
(49,65)
(49,81)
(50,67)
(50,79)
(51,52)
(51,53)
(51,62)
(51,71)
(51,83)
(53,71)
(53,99)
(54,67)
(54,79)
(55,78)
(55,85)
(58,85)
(59,94)
(60,62)
(60,70)
(60,75)
(61,68)
(61,75)
(61,83)
(62,96)
(63,79)
(66,75)
(66,83)
(67,79)
(69,84)
(69,87)
(72,82)
(74,76)
(74,86)
(74,89)
(74,96)
(74,99)
(78,82)
(78,85)
(80,81)
(81,91)
(82,85)
(82,88)
(86,89)
(86,96)
(87,97)
(88,90)
(89,99)
(90,95)
(91,92)
(91,97)
(93,94)
(93,97)
(95,99)
(98,99)
