Nodes: 60
Protection radius: 1.000000
Disaster radius: 0.500000
0: 0.179035 3.341001
1: 1.571999 35.038949
2: 1.770086 32.912552
3: 2.333371 25.268345
4: 2.476440 2.634734
5: 4.037196 33.478344
6: 4.826915 30.902818
7: 5.112524 7.351932
8: 5.462938 18.621096
9: 5.789741 1.035846
10: 6.804550 34.255444
11: 7.609148 16.100589
12: 7.675306 20.018783
13: 8.126842 1.807334
14: 9.328021 30.921831
15: 10.150704 10.295947
16: 11.634657 27.581709
17: 12.063393 19.805623
18: 12.130317 25.590365
19: 13.277134 2.022995
20: 13.351759 23.526777
21: 14.098523 30.618132
22: 14.550691 37.909030
23: 14.775228 15.152834
24: 15.051250 17.424398
25: 15.283967 4.879346
26: 15.334164 26.269280
27: 16.262344 19.141562
28: 16.748779 35.265781
29: 18.543965 29.772029
30: 18.660132 35.997934
31: 19.835719 3.439943
32: 19.866616 26.628893
33: 20.910513 33.112853
34: 21.741746 31.012710
35: 22.433125 28.245415
36: 22.454362 18.439206
37: 22.469185 15.102431
38: 22.797036 36.690527
39: 23.730060 11.215362
40: 23.837153 24.224448
41: 23.934541 33.528541
42: 25.458893 31.509221
43: 25.549771 2.777128
44: 26.021223 9.671345
45: 26.870910 13.650727
46: 28.316723 16.593034
47: 28.617555 37.505612
48: 29.782188 3.305190
49: 30.387193 9.241812
50: 30.801240 11.725627
51: 31.148627 5.880711
52: 31.872081 18.364582
53: 33.252866 14.733807
54: 33.923322 7.699318
55: 35.284296 22.720047
56: 35.710584 14.215167
57: 37.689624 33.642167
58: 37.844255 25.531256
59: 37.981484 5.596676
Edges
(0,1)
(0,7)
(0,8)
(1,5)
(1,10)
(2,5)
(3,8)
(3,18)
(4,9)
(6,14)
(7,9)
(7,13)
(7,15)
(9,43)
(10,14)
(11,12)
(12,17)
(12,20)
(13,19)
(16,26)
(17,23)
(17,24)
(20,26)
(20,27)
(21,28)
(22,47)
(23,39)
(25,39)
(28,30)
(29,32)
(29,33)
(29,34)
(29,35)
(30,33)
(30,38)
(31,44)
(34,42)
(36,37)
(37,39)
(39,45)
(40,42)
(41,42)
(41,47)
(43,44)
(44,48)
(44,50)
(45,46)
(46,50)
(46,52)
(47,57)
(48,59)
(49,50)
(50,56)
(51,54)
(51,59)
(52,53)
(55,56)
(55,58)
(57,58)
