Nodes: 100
Protection radius: 1.000000
Disaster radius: 0.500000
0: 0.597590 19.756710
1: 0.726167 43.837621
2: 1.136931 29.085719
3: 1.233655 35.491286
4: 1.644960 23.409820
5: 2.600053 50.756065
6: 2.994797 37.763090
7: 3.871490 1.335049
8: 4.423207 33.418383
9: 4.535124 27.422983
10: 4.815555 48.681946
11: 4.948256 36.624613
12: 5.366466 4.369378
13: 6.316634 26.470135
14: 6.399456 21.245751
15: 6.714245 34.944917
16: 6.984663 8.446836
17: 7.004998 6.092633
18: 7.075716 14.436627
19: 7.446542 17.288738
20: 7.663307 41.851707
21: 9.296643 14.475793
22: 9.569986 10.081081
23: 9.814953 44.798842
24: 9.954562 21.953002
25: 10.094858 27.239162
26: 10.119282 5.096890
27: 10.326291 46.920655
28: 11.028358 7.961594
29: 11.465617 11.359174
30: 11.960042 38.740589
31: 12.334280 36.070884
32: 12.404386 19.704173
33: 14.046766 15.590827
34: 14.453896 39.339467
35: 14.809710 21.025482
36: 15.018597 36.244083
37: 15.156045 10.957894
38: 15.962434 8.361263
39: 16.969208 47.633163
40: 17.004746 39.074152
41: 17.390902 14.160786
42: 17.425186 1.342157
43: 18.100384 36.741722
44: 18.512982 31.760663
45: 20.058823 26.381373
46: 21.099157 14.300049
47: 21.434373 11.064008
48: 22.681092 46.052999
49: 23.803474 9.947531
50: 24.139190 47.743453
51: 24.698765 0.932977
52: 26.004428 14.377769
53: 26.116900 43.775668
54: 26.470757 40.261612
55: 26.616875 9.656004
56: 27.281610 26.539195
57: 27.366447 23.293821
58: 27.483376 15.743985
59: 27.948137 32.318058
60: 28.470127 40.379815
61: 28.799157 36.711734
62: 29.529753 26.773067
63: 29.642796 43.036903
64: 30.727195 48.426335
65: 31.278357 0.169522
66: 31.411941 40.836361
67: 31.664873 22.584723
68: 32.089489 33.531579
69: 32.534254 42.739915
70: 32.917621 4.718063
71: 33.099233 1.171758
72: 33.289557 30.306231
73: 35.844691 28.000224
74: 36.467799 43.294622
75: 36.895165 31.399210
76: 37.021350 23.425659
77: 37.942021 18.733736
78: 37.953251 47.216057
79: 38.295391 8.212647
80: 39.491227 23.278682
81: 39.528113 36.137753
82: 40.780870 0.190160
83: 40.933853 11.559946
84: 41.194589 25.445117
85: 41.978415 9.325355
86: 42.132468 42.079334
87: 43.320609 38.396605
88: 43.520796 13.329563
89: 43.522346 50.255433
90: 45.166760 27.196924
91: 45.554424 22.163592
92: 46.018415 40.125703
93: 46.953236 29.543696
94: 48.206999 22.967432
95: 49.283197 35.841405
96: 49.879955 14.899848
97: 50.099763 2.990559
98: 50.872715 5.505335
99: 50.902508 31.960850
Edges
(0,1)
(0,2)
(0,4)
(0,12)
(0,14)
(0,16)
(0,18)
(0,19)
(1,3)
(1,5)
(1,20)
(2,3)
(2,4)
(2,9)
(3,6)
(3,11)
(4,9)
(4,13)
(4,14)
(5,10)
(5,27)
(5,89)
(7,65)
(8,15)
(10,20)
(10,23)
(11,15)
(11,20)
(12,17)
(12,26)
(14,19)
(15,25)
(16,28)
(17,28)
(19,21)
(20,30)
(21,22)
(21,29)
(21,33)
(22,28)
(22,29)
(24,32)
(24,35)
(25,44)
(25,45)
(26,28)
(26,38)
(28,29)
(28,38)
(30,31)
(30,34)
(31,36)
(33,35)
(33,37)
(34,39)
(35,46)
(36,43)
(37,41)
(37,47)
(39,40)
(39,48)
(39,50)
(40,48)
(40,54)
(41,47)
(42,51)
(42,65)
(43,54)
(43,61)
(44,59)
(45,46)
(45,56)
(45,57)
(45,59)
(46,47)
(46,57)
(47,49)
(47,52)
(49,51)
(49,52)
(50,64)
(51,55)
(51,70)
(52,55)
(53,54)
(53,63)
(56,57)
(56,59)
(56,62)
(57,67)
(58,67)
(58,77)
(59,61)
(59,72)
(60,63)
(60,66)
(61,68)
(62,67)
(63,66)
(64,74)
(64,89)
(65,70)
(65,71)
(66,74)
(66,81)
(67,73)
(69,74)
(70,79)
(70,82)
(73,75)
(73,76)
(73,84)
(74,78)
(74,81)
(75,81)
(75,90)
(75,93)
(76,80)
(77,83)
(81,86)
(81,87)
(82,97)
(84,90)
(85,88)
(85,98)
(86,89)
(87,92)
(87,93)
(88,91)
(90,93)
(93,95)
(93,99)
(94,96)
(95,99)
(96,98)
(96,99)
(98,99)
