Nodes: 20
Protection radius: 1.000000
Disaster radius: 0.500000
0: 0.184682 6.779579
1: 0.303678 9.436907
2: 0.385273 1.283559
3: 0.679723 3.699884
4: 1.090510 12.818971
5: 2.017807 5.454916
6: 2.586921 9.805427
7: 3.639579 6.980174
8: 3.785601 3.405068
9: 5.867924 12.475878
10: 6.015927 8.107628
11: 6.099856 4.746329
12: 6.722204 10.072926
13: 7.599468 1.950224
14: 8.601481 7.988449
15: 8.951095 4.977272
16: 9.883315 0.644939
17: 10.445311 12.167581
18: 11.625232 6.478247
19: 12.082662 9.956951
Edges
(0,1)
(0,7)
(2,3)
(2,13)
(4,9)
(5,7)
(5,8)
(6,7)
(6,9)
(7,10)
(7,11)
(10,12)
(11,14)
(11,15)
(13,16)
(14,17)
(15,16)
(15,18)
(17,19)
