Nodes: 180
Protection radius: 1.000000
Disaster radius: 0.500000
0: 0.364873 74.371605
1: 0.608164 1.535804
2: 1.951886 12.155117
3: 2.025170 68.481530
4: 4.809906 61.106576
5: 4.986658 43.967969
6: 5.839117 55.302818
7: 5.987346 85.681676
8: 6.167771 65.610512
9: 6.639926 47.281460
10: 6.849907 68.635820
11: 6.971581 62.894398
12: 7.061620 4.336279
13: 7.361105 0.871523
14: 7.882503 35.094566
15: 8.081003 14.971756
16: 8.486768 6.798982
17: 8.666895 52.174548
18: 8.748387 27.637566
19: 9.245531 81.092838
20: 9.409660 10.406336
21: 10.651169 79.148603
22: 11.004837 21.359670
23: 11.835682 85.016214
24: 11.920553 74.650311
25: 12.203342 46.630149
26: 12.946585 41.322805
27: 13.355871 51.044363
28: 13.430561 6.101929
29: 14.643667 53.499861
30: 15.406795 62.036196
31: 16.507560 37.733988
32: 18.804335 78.941321
33: 18.929653 8.689167
34: 20.337786 1.095810
35: 20.455835 41.423426
36: 21.997806 2.860040
37: 23.858821 55.981209
38: 24.277296 61.041956
39: 24.638382 69.196067
40: 24.798090 4.836167
41: 24.838626 44.181971
42: 25.096429 90.970319
43: 25.344774 86.044068
44: 25.916010 8.824122
45: 26.669489 19.155418
46: 27.139832 84.490584
47: 27.707346 75.910899
48: 27.732547 45.309037
49: 27.822557 13.762127
50: 28.158652 25.016584
51: 28.315727 40.079205
52: 29.056835 47.982314
53: 30.786004 27.775496
54: 31.124245 43.382559
55: 31.162766 14.891378
56: 31.462282 87.792030
57: 31.871669 77.939178
58: 31.909973 84.717425
59: 31.975840 55.057583
60: 31.986482 82.377890
61: 32.829662 48.659079
62: 33.162075 11.107531
63: 33.569327 26.794382
64: 33.796547 67.441707
65: 33.833272 63.339182
66: 34.368758 50.227782
67: 36.820867 86.008925
68: 37.430206 32.470724
69: 37.479844 44.432686
70: 37.849325 53.538895
71: 38.572654 1.429346
72: 38.778711 72.658723
73: 39.309570 65.617932
74: 39.354543 88.526993
75: 39.399315 25.633988
76: 39.838894 43.777450
77: 40.794376 7.538098
78: 41.687498 60.015575
79: 42.161567 0.282022
80: 42.325528 36.968549
81: 42.345279 83.045266
82: 42.345939 74.401228
83: 42.411455 48.013812
84: 42.651983 30.116414
85: 43.392084 23.955574
86: 43.683397 78.870077
87: 43.783733 66.629386
88: 44.431975 17.867641
89: 44.507804 14.571588
90: 44.877752 86.234559
91: 48.266479 44.551452
92: 48.558865 76.782735
93: 48.734300 19.491605
94: 48.799902 2.297559
95: 49.075389 57.434380
96: 49.215815 62.923686
97: 49.472449 29.080099
98: 49.545996 50.216399
99: 50.121827 26.812157
100: 50.904304 43.099169
101: 51.887763 7.106427
102: 51.927479 0.292292
103: 51.965380 46.359291
104: 53.074735 37.044807
105: 54.071988 31.984700
106: 54.197294 63.924618
107: 55.959379 15.577431
108: 56.418929 2.382183
109: 56.629265 69.299390
110: 57.670757 81.832184
111: 58.278768 36.870007
112: 59.651826 35.137934
113: 60.119970 50.586083
114: 60.292189 72.443279
115: 60.350594 70.006757
116: 60.794446 85.090278
117: 60.966809 89.355399
118: 61.655888 12.709428
119: 62.112049 39.524677
120: 62.397758 83.050529
121: 62.535923 60.181080
122: 62.596179 3.387270
123: 62.665024 9.047087
124: 63.295511 19.416769
125: 63.559745 87.852531
126: 63.590560 52.377762
127: 63.827896 70.639467
128: 64.216911 22.385703
129: 64.546145 40.414221
130: 64.946343 33.640010
131: 65.191957 30.920957
132: 65.475002 75.329168
133: 67.282283 4.367216
134: 67.790964 50.860768
135: 69.060992 70.923044
136: 70.131691 67.928899
137: 70.461132 18.006818
138: 70.491393 48.639329
139: 70.860318 24.867138
140: 71.224136 15.124773
141: 72.916630 44.075011
142: 72.960355 23.100312
143: 73.896562 66.376404
144: 74.031218 76.418457
145: 74.161945 18.628210
146: 74.447343 47.155845
147: 74.752669 90.903278
148: 75.703403 0.646443
149: 76.016848 57.911265
150: 76.327397 21.803342
151: 76.767954 77.763311
152: 76.936768 47.680714
153: 77.039939 70.923565
154: 77.279445 13.477843
155: 77.417461 56.467960
156: 79.373388 54.563357
157: 79.448237 89.503124
158: 79.842559 15.188574
159: 80.187583 29.204222
160: 80.754736 70.212340
161: 80.917665 24.636967
162: 81.085616 3.183865
163: 81.511438 83.747855
164: 81.735461 19.871167
165: 83.736101 68.270326
166: 84.190769 3.127306
167: 84.315612 71.263478
168: 86.701491 57.099717
169: 86.880448 21.023575
170: 87.117367 13.785237
171: 87.184948 84.297872
172: 87.421274 23.253288
173: 88.419396 48.500493
174: 88.819286 81.560882
175: 89.091296 55.771483
176: 90.078983 30.775859
177: 90.415332 37.949963
178: 90.510634 41.448123
179: 90.538404 16.043727
Edges
(0,7)
(1,7)
(1,10)
(1,12)
(1,13)
(1,28)
(1,33)
(2,15)
(3,7)
(4,10)
(5,14)
(5,15)
(5,20)
(5,22)
(5,44)
(5,79)
(6,19)
(7,19)
(7,21)
(7,42)
(8,10)
(9,11)
(9,45)
(9,55)
(9,79)
(11,17)
(11,27)
(11,35)
(11,41)
(11,84)
(14,33)
(15,16)
(18,20)
(19,21)
(19,37)
(23,37)
(23,39)
(23,74)
(24,54)
(25,26)
(26,35)
(26,53)
(26,63)
(26,68)
(26,89)
(26,101)
(26,122)
(28,36)
(29,51)
(30,54)
(31,55)
(31,102)
(32,43)
(33,40)
(33,71)
(34,79)
(35,51)
(36,71)
(37,38)
(37,52)
(37,97)
(37,107)
(39,61)
(42,56)
(43,59)
(43,61)
(43,72)
(45,62)
(45,79)
(46,67)
(46,74)
(46,117)
(47,65)
(47,72)
(48,54)
(48,84)
(49,71)
(50,55)
(50,102)
(53,88)
(55,102)
(57,72)
(58,147)
(59,86)
(60,86)
(61,80)
(61,82)
(61,92)
(61,120)
(61,125)
(63,75)
(63,133)
(64,65)
(65,72)
(65,86)
(66,70)
(66,98)
(66,103)
(66,105)
(66,118)
(66,133)
(66,137)
(66,140)
(66,145)
(67,117)
(69,80)
(72,86)
(73,82)
(75,84)
(76,124)
(77,94)
(78,87)
(78,92)
(78,110)
(79,94)
(81,116)
(83,104)
(85,107)
(88,122)
(88,133)
(90,116)
(90,125)
(91,100)
(91,103)
(92,116)
(93,133)
(95,103)
(95,119)
(96,109)
(96,149)
(96,175)
(98,103)
(99,107)
(99,133)
(101,122)
(102,148)
(104,112)
(104,119)
(104,145)
(105,128)
(105,137)
(106,109)
(108,148)
(109,114)
(109,168)
(111,119)
(111,129)
(111,146)
(112,130)
(112,152)
(113,119)
(113,121)
(115,132)
(115,143)
(115,168)
(116,125)
(117,147)
(119,121)
(119,138)
(121,126)
(121,134)
(121,138)
(121,146)
(121,149)
(121,156)
(123,133)
(124,133)
(125,132)
(125,151)
(125,153)
(125,157)
(125,165)
(127,135)
(127,160)
(127,165)
(129,175)
(131,142)
(131,145)
(136,143)
(137,140)
(139,142)
(141,148)
(144,153)
(144,160)
(148,152)
(148,154)
(150,154)
(152,178)
(154,158)
(154,159)
(154,161)
(155,156)
(157,163)
(157,171)
(157,174)
(158,162)
(159,172)
(161,169)
(162,164)
(163,165)
(164,166)
(164,169)
(165,174)
(165,175)
(166,176)
(166,178)
(167,174)
(170,179)
(171,174)
(173,175)
(174,178)
(176,177)
(176,179)
