Nodes: 100
Protection radius: 1.000000
Disaster radius: 0.500000
0: 0.108416 32.757999
1: 0.837158 19.276768
2: 1.470177 23.087951
3: 1.510918 15.684981
4: 1.675766 5.772312
5: 1.748529 28.614973
6: 2.300228 33.045379
7: 2.430342 52.458767
8: 3.028821 30.846897
9: 3.334041 42.099719
10: 4.193284 6.277287
11: 6.168870 33.036670
12: 6.189054 3.145943
13: 6.526080 20.821616
14: 6.663677 23.465936
15: 6.991476 41.505372
16: 7.322558 1.430187
17: 7.403370 50.460063
18: 7.423552 45.933173
19: 8.125587 36.417982
20: 8.860235 8.773626
21: 9.604325 29.827660
22: 10.171352 45.839513
23: 10.794669 40.769354
24: 11.428506 38.162558
25: 12.228548 46.171971
26: 12.541918 16.303649
27: 12.613091 18.348360
28: 13.499057 22.074309
29: 14.166462 47.239011
30: 14.466714 31.062015
31: 14.847824 24.041597
32: 15.515597 49.732786
33: 16.386425 34.814093
34: 16.744603 51.335384
35: 18.362427 25.544542
36: 18.405165 47.850132
37: 18.523560 20.171483
38: 18.880866 52.776636
39: 19.643967 9.067313
40: 20.070026 29.746243
41: 20.451704 44.552254
42: 21.242572 54.205580
43: 21.964639 49.936753
44: 22.302144 15.597162
45: 23.504496 3.825783
46: 23.950688 9.462672
47: 24.760769 44.269000
48: 24.838099 26.687131
49: 25.986064 18.002692
50: 25.989808 35.285846
51: 27.251895 29.952065
52: 27.351154 19.637030
53: 28.397071 13.008698
54: 28.860263 15.069151
55: 29.033240 46.394314
56: 30.656374 7.015743
57: 31.372800 31.341356
58: 31.852788 9.415447
59: 31.963242 44.136595
60: 33.292419 27.769555
61: 33.764336 31.731112
62: 35.145752 36.401774
63: 35.843154 32.484279
64: 35.934213 34.501924
65: 35.958996 46.441512
66: 36.576070 2.893117
67: 36.784951 23.769170
68: 37.064292 53.886530
69: 38.903764 47.438405
70: 39.244446 0.648367
71: 40.288711 8.225588
72: 40.562382 40.521730
73: 40.604384 53.425020
74: 40.756802 3.812271
75: 41.344611 15.549140
76: 41.814296 19.199584
77: 42.153739 29.378173
78: 42.628766 23.326949
79: 43.318694 17.836449
80: 43.365493 40.897706
81: 44.660943 44.453967
82: 44.821311 8.056868
83: 45.485295 46.791476
84: 45.728135 10.234254
85: 46.433544 15.794856
86: 47.440995 2.847209
87: 48.170172 37.669266
88: 48.208509 33.639008
89: 48.260180 13.231563
90: 49.277063 41.402182
91: 49.590417 30.080208
92: 49.843864 52.011375
93: 51.382081 53.289730
94: 52.299703 40.842061
95: 52.845340 36.363853
96: 53.993662 4.844959
97: 54.065102 48.160173
98: 54.272334 27.462172
99: 54.961440 14.536643
Edges
(0,1)
(0,5)
(0,6)
(0,9)
(1,3)
(1,13)
(2,5)
(3,4)
(3,26)
(4,10)
(4,12)
(5,8)
(6,19)
(7,17)
(7,42)
(9,15)
(9,19)
(11,19)
(11,21)
(13,14)
(14,31)
(15,19)
(15,22)
(16,39)
(17,18)
(17,25)
(17,34)
(19,23)
(19,24)
(20,26)
(23,29)
(23,41)
(24,33)
(24,41)
(25,29)
(26,44)
(27,28)
(28,31)
(28,37)
(29,32)
(29,36)
(29,41)
(30,40)
(31,35)
(33,41)
(33,50)
(35,40)
(35,48)
(36,38)
(36,41)
(37,52)
(39,44)
(39,46)
(40,51)
(41,43)
(43,55)
(45,46)
(45,70)
(47,50)
(48,60)
(49,54)
(50,59)
(51,57)
(51,60)
(52,54)
(53,58)
(54,58)
(54,67)
(56,58)
(57,61)
(57,62)
(58,71)
(59,72)
(60,61)
(60,63)
(60,67)
(61,62)
(61,64)
(62,72)
(64,77)
(65,72)
(66,71)
(67,75)
(67,77)
(68,69)
(68,93)
(69,73)
(69,81)
(69,83)
(70,74)
(70,86)
(72,81)
(72,88)
(73,83)
(73,92)
(74,82)
(75,76)
(75,79)
(77,91)
(78,85)
(80,87)
(81,90)
(83,97)
(84,85)
(84,96)
(85,89)
(85,99)
(87,90)
(87,94)
(88,91)
(91,98)
(92,93)
(92,97)
(94,95)
(94,97)
(95,97)
(95,98)
(98,99)
