Nodes: 140
Protection radius: 1.000000
Disaster radius: 0.500000
0: 0.912714 55.268644
1: 1.303009 50.287992
2: 1.455194 73.964119
3: 1.572073 42.624929
4: 2.249093 37.341862
5: 3.138991 65.687322
6: 3.386781 34.797070
7: 3.588671 74.943839
8: 4.263289 24.177000
9: 4.569234 0.035251
10: 4.756950 69.986274
11: 5.251999 7.956015
12: 5.997979 54.403221
13: 6.631798 67.117312
14: 9.067935 58.809412
15: 9.364745 73.895563
16: 10.105078 47.579482
17: 10.113638 56.958114
18: 10.467567 53.521214
19: 10.739962 62.573261
20: 11.064907 26.492241
21: 11.308556 29.358729
22: 12.462000 23.400356
23: 12.687627 17.602657
24: 12.750240 47.655325
25: 13.278278 26.550947
26: 13.679956 6.073658
27: 14.382534 31.327517
28: 14.406013 66.992829
29: 14.927080 71.881405
30: 15.327687 59.564379
31: 15.348879 12.312035
32: 16.420794 40.797130
33: 17.419491 37.320342
34: 17.634005 0.572334
35: 17.733107 25.994781
36: 18.834418 22.373463
37: 19.233817 71.984599
38: 19.391260 59.321227
39: 19.801131 37.834152
40: 20.252369 13.984381
41: 21.222439 34.052316
42: 21.927907 72.568636
43: 22.267254 45.058731
44: 22.627978 67.123507
45: 23.118804 27.482910
46: 23.166479 48.391571
47: 25.070453 49.173278
48: 26.045145 65.426012
49: 26.378473 32.855112
50: 26.749341 72.787120
51: 27.248744 42.723103
52: 27.697849 18.467474
53: 28.576499 70.342464
54: 28.766217 2.799448
55: 29.067065 45.213763
56: 30.355874 19.948404
57: 31.344760 35.368595
58: 31.446220 74.893791
59: 31.934721 12.347094
60: 33.362776 43.550303
61: 34.273814 58.482075
62: 34.690861 69.459761
63: 34.768626 10.336598
64: 34.832321 18.002239
65: 35.402788 65.872149
66: 37.264181 55.022459
67: 37.924004 14.179260
68: 38.621823 3.573998
69: 38.820733 74.278708
70: 39.518492 52.902653
71: 39.589657 66.467933
72: 39.680244 69.571801
73: 40.671303 58.438512
74: 41.687222 61.666906
75: 42.789015 69.523181
76: 42.846887 38.049489
77: 42.933948 28.460289
78: 43.086091 44.415943
79: 43.641690 0.461162
80: 44.370586 33.779943
81: 44.802119 25.861063
82: 45.132064 12.952843
83: 45.428638 71.899253
84: 45.666013 27.776339
85: 45.968186 42.536478
86: 46.538383 31.992723
87: 47.646181 59.025076
88: 47.763313 10.599591
89: 47.844070 41.706160
90: 48.335410 63.619230
91: 48.841161 43.778251
92: 49.951303 13.212709
93: 50.975209 62.074218
94: 51.043479 35.628452
95: 51.481296 51.980492
96: 51.507701 74.242512
97: 52.734779 8.352727
98: 52.776220 71.740493
99: 52.860716 37.497192
100: 53.013000 13.289017
101: 53.073279 69.530925
102: 53.552925 11.099941
103: 53.714551 24.492532
104: 55.611340 4.283515
105: 55.850970 50.280637
106: 55.906481 63.600679
107: 56.088642 45.673595
108: 56.354295 0.340533
109: 57.525798 73.284282
110: 57.543325 31.636213
111: 59.103703 21.008162
112: 59.182738 60.480892
113: 59.367565 33.752925
114: 61.316730 32.483549
115: 61.608860 41.729038
116: 62.239240 30.699816
117: 62.502144 52.432921
118: 62.940003 68.062466
119: 63.500701 20.453877
120: 63.828884 37.715521
121: 64.207762 34.833000
122: 64.233564 57.604618
123: 64.476272 17.397543
124: 65.906038 70.313286
125: 66.019070 45.733559
126: 66.955969 32.676943
127: 67.241717 62.844777
128: 67.700474 0.942699
129: 67.917106 35.784073
130: 68.266797 7.385860
131: 70.918757 26.755150
132: 70.986539 31.068432
133: 72.433343 28.703938
134: 73.104414 18.872329
135: 73.247649 15.360521
136: 73.806696 25.740278
137: 73.894788 4.108073
138: 74.195176 53.474844
139: 74.355925 20.439269
Edges
(0,2)
(0,3)
(0,5)
(0,12)
(0,14)
(1,16)
(2,5)
(2,7)
(3,4)
(4,8)
(5,13)
(5,19)
(6,8)
(6,32)
(7,58)
(8,9)
(8,11)
(8,23)
(9,11)
(9,108)
(10,13)
(11,26)
(11,31)
(12,18)
(14,17)
(14,19)
(14,30)
(15,29)
(16,18)
(17,30)
(18,24)
(18,38)
(20,21)
(21,27)
(22,25)
(22,36)
(23,36)
(24,32)
(24,38)
(24,46)
(25,35)
(26,34)
(26,40)
(27,35)
(28,30)
(28,37)
(28,38)
(28,44)
(29,37)
(32,39)
(33,41)
(34,79)
(35,45)
(36,40)
(36,45)
(36,52)
(37,42)
(38,44)
(38,46)
(38,47)
(38,48)
(38,61)
(41,49)
(43,46)
(43,47)
(44,48)
(44,50)
(47,51)
(47,61)
(47,66)
(48,53)
(49,56)
(49,57)
(50,58)
(51,55)
(51,57)
(52,56)
(52,59)
(54,68)
(55,60)
(55,66)
(56,57)
(56,59)
(56,77)
(57,76)
(57,80)
(58,62)
(58,69)
(59,64)
(59,67)
(61,66)
(61,73)
(61,74)
(62,69)
(62,72)
(63,67)
(63,68)
(64,67)
(64,77)
(64,81)
(65,74)
(67,82)
(69,83)
(70,73)
(70,87)
(71,75)
(73,74)
(74,75)
(74,87)
(74,90)
(76,80)
(76,89)
(77,81)
(78,91)
(79,88)
(80,86)
(80,94)
(81,84)
(81,92)
(83,90)
(83,98)
(84,86)
(85,89)
(85,91)
(86,94)
(86,103)
(87,93)
(88,97)
(89,91)
(90,93)
(91,95)
(91,99)
(91,107)
(92,97)
(92,100)
(92,102)
(92,103)
(93,106)
(93,112)
(94,99)
(96,109)
(97,102)
(97,104)
(98,101)
(99,107)
(100,102)
(100,103)
(101,106)
(101,109)
(102,104)
(102,123)
(103,110)
(104,108)
(104,130)
(105,107)
(105,112)
(106,112)
(107,117)
(109,118)
(109,124)
(110,111)
(110,113)
(110,116)
(112,117)
(113,120)
(114,121)
(115,120)
(116,119)
(116,126)
(116,131)
(117,125)
(119,123)
(119,134)
(121,126)
(122,127)
(122,138)
(123,134)
(123,135)
(124,127)
(126,129)
(126,131)
(126,132)
(128,137)
(130,135)
(131,134)
(131,136)
(131,139)
(133,138)
(134,135)
(135,139)
(136,139)
(137,139)
