Nodes: 60
Protection radius: 1.000000
Disaster radius: 0.500000
0: 0.645008 32.622740
1: 1.465678 30.156106
2: 2.188984 2.252134
3: 3.742587 30.778914
4: 3.991675 19.225018
5: 4.068091 34.562597
6: 4.791737 17.228390
7: 4.976324 2.582476
8: 4.976713 25.840168
9: 7.285326 20.732804
10: 8.767174 27.919672
11: 9.271283 32.821103
12: 9.998464 0.050139
13: 10.201377 9.793269
14: 10.237525 21.499438
15: 10.457843 3.160127
16: 10.902106 28.622334
17: 10.978915 17.845225
18: 12.377727 14.145349
19: 12.706227 19.770528
20: 12.772983 23.168090
21: 13.462395 7.060987
22: 13.462441 30.853116
23: 15.535758 2.813964
24: 16.923287 14.831896
25: 17.321802 27.462321
26: 17.449879 9.007541
27: 17.512054 12.261650
28: 18.321917 3.835999
29: 19.951010 11.354379
30: 19.989926 13.461651
31: 20.053780 30.784197
32: 20.659189 19.608082
33: 21.165701 33.597038
34: 21.765128 7.794198
35: 22.205569 11.361607
36: 23.315279 16.952032
37: 24.045852 33.938684
38: 25.481586 32.152881
39: 26.351241 13.591445
40: 26.685739 25.242761
41: 26.817313 22.431040
42: 28.084789 11.222917
43: 28.161663 3.941536
44: 28.313639 1.076418
45: 29.431092 33.630545
46: 29.854451 22.969433
47: 30.073426 19.617675
48: 31.079799 3.730357
49: 31.421952 31.003684
50: 32.020286 25.474063
51: 32.160424 9.124959
52: 32.659765 33.569806
53: 33.285816 15.770652
54: 33.887434 10.520849
55: 33.939040 22.955382
56: 34.293868 20.798817
57: 34.523308 30.782157
58: 34.618156 26.514674
59: 34.738681 7.592296
Edges
(0,1)
(1,4)
(2,4)
(2,6)
(2,12)
(3,10)
(4,8)
(5,11)
(6,17)
(7,12)
(9,14)
(10,16)
(10,20)
(11,16)
(11,33)
(12,15)
(12,44)
(13,18)
(14,19)
(17,19)
(18,21)
(18,24)
(19,20)
(20,25)
(22,25)
(23,44)
(24,27)
(25,31)
(26,27)
(26,29)
(27,30)
(28,34)
(29,34)
(30,35)
(32,40)
(32,41)
(33,38)
(34,42)
(35,36)
(37,52)
(38,45)
(38,49)
(39,53)
(40,46)
(40,49)
(42,53)
(43,48)
(43,51)
(45,52)
(47,53)
(47,56)
(49,50)
(49,58)
(50,55)
(51,54)
(52,57)
(54,59)
(55,56)
(56,59)
