Nodes: 100
Protection radius: 1.000000
Disaster radius: 0.500000
0: 0.430699 23.571230
1: 1.152314 35.942232
2: 1.806709 20.305173
3: 2.007475 4.599969
4: 3.450586 35.292735
5: 4.084494 12.612391
6: 4.444708 32.271624
7: 5.276251 17.953295
8: 5.594566 1.552123
9: 5.855899 52.283123
10: 6.404170 21.565880
11: 7.238465 48.050791
12: 7.590360 38.871586
13: 8.244022 11.830479
14: 9.044903 35.490796
15: 9.379818 6.139248
16: 9.554300 39.979825
17: 9.851952 20.480407
18: 10.015438 15.659565
19: 11.596195 37.742968
20: 12.334299 12.598625
21: 12.480894 6.173840
22: 13.577976 31.103013
23: 13.777176 50.346490
24: 14.853061 25.080362
25: 14.895106 20.129312
26: 14.941975 7.001451
27: 15.009887 38.009297
28: 15.035703 22.810367
29: 15.220007 15.046780
30: 16.732658 1.579240
31: 16.972395 10.532132
32: 17.165014 44.529391
33: 19.261706 42.670692
34: 19.435958 7.627070
35: 20.556493 11.998736
36: 21.322394 32.977820
37: 22.398544 48.207330
38: 22.798992 52.535320
39: 22.814812 0.283480
40: 22.973362 3.616520
41: 23.118003 37.289152
42: 24.118947 30.370742
43: 25.739355 41.570400
44: 26.198816 53.632869
45: 26.468212 25.178716
46: 27.098454 28.274921
47: 29.561958 19.198291
48: 29.940043 10.366619
49: 29.986520 54.584138
50: 29.995329 29.490077
51: 30.177006 38.475653
52: 31.539838 43.113123
53: 31.621191 51.308915
54: 32.114388 1.774266
55: 33.612860 53.631632
56: 33.937849 20.294373
57: 35.421000 18.646517
58: 35.484489 15.018980
59: 35.994736 44.234822
60: 36.394366 29.958411
61: 36.471312 34.445846
62: 36.814793 12.121047
63: 37.265199 32.486297
64: 37.696343 6.901459
65: 38.042302 57.297875
66: 38.688097 16.700626
67: 38.786451 46.418743
68: 39.518722 38.679710
69: 39.775849 2.511154
70: 40.054893 8.415709
71: 40.585094 40.553983
72: 42.081480 11.890012
73: 42.102467 45.240529
74: 42.490980 51.997811
75: 43.033657 6.082030
76: 43.457022 55.966722
77: 44.290602 37.238960
78: 44.293162 2.781044
79: 44.444958 11.662248
80: 45.483890 13.711677
81: 45.577100 42.175574
82: 45.636367 24.483169
83: 46.011857 53.567686
84: 47.563313 37.697354
85: 49.129360 14.908320
86: 49.916109 22.958312
87: 50.259078 1.508330
88: 50.509776 19.172489
89: 51.394224 43.643294
90: 51.782209 52.427791
91: 52.443995 10.717562
92: 52.917617 45.851131
93: 53.939252 9.304022
94: 53.984674 6.432888
95: 54.175426 14.021523
96: 56.343871 9.957684
97: 56.383263 24.666573
98: 57.071008 51.473519
99: 57.247948 38.846857
Edges
(0,1)
(1,3)
(1,6)
(1,8)
(1,9)
(2,8)
(3,8)
(4,6)
(5,8)
(7,8)
(7,9)
(7,13)
(7,14)
(7,16)
(8,13)
(8,15)
(8,21)
(9,44)
(9,68)
(10,13)
(11,68)
(12,32)
(13,14)
(14,15)
(15,16)
(15,18)
(16,35)
(17,20)
(19,22)
(19,27)
(20,21)
(20,24)
(21,24)
(21,25)
(21,26)
(22,32)
(23,37)
(23,68)
(24,29)
(24,31)
(24,35)
(24,40)
(25,26)
(26,29)
(28,29)
(28,30)
(30,34)
(31,40)
(32,33)
(32,40)
(32,42)
(32,68)
(33,41)
(34,40)
(36,40)
(37,52)
(37,68)
(37,71)
(38,59)
(38,71)
(39,40)
(39,47)
(39,54)
(39,56)
(39,75)
(39,84)
(39,87)
(39,89)
(40,43)
(40,45)
(41,43)
(43,45)
(43,46)
(43,51)
(46,51)
(46,56)
(46,60)
(47,56)
(48,66)
(48,79)
(49,53)
(49,65)
(49,76)
(50,68)
(53,59)
(53,71)
(55,67)
(55,71)
(55,77)
(57,84)
(58,84)
(58,99)
(59,71)
(60,89)
(61,63)
(61,68)
(62,72)
(62,79)
(62,86)
(63,77)
(64,79)
(66,86)
(67,76)
(68,71)
(68,77)
(69,75)
(70,79)
(72,79)
(72,88)
(73,77)
(74,81)
(76,81)
(76,89)
(76,92)
(76,98)
(78,85)
(78,91)
(78,95)
(79,85)
(79,97)
(80,97)
(81,89)
(82,97)
(83,90)
(84,92)
(86,97)
(87,91)
(87,96)
(90,98)
(91,93)
(91,95)
(92,98)
(93,97)
(94,96)
(96,99)
(97,99)
