Nodes: 180
Protection radius: 1.000000
Disaster radius: 0.500000
0: 0.265623 30.209891
1: 0.477884 44.477265
2: 1.419994 6.557309
3: 1.622064 87.145396
4: 2.064121 82.052286
5: 2.188888 16.721979
6: 2.968114 19.098780
7: 3.328117 77.050957
8: 3.646220 10.687936
9: 3.803562 21.515340
10: 3.873790 3.045923
11: 4.022476 90.439979
12: 4.297658 16.496828
13: 4.647117 60.100271
14: 5.592394 79.163752
15: 5.666370 9.668445
16: 5.902801 62.886521
17: 6.340328 49.337716
18: 7.440493 89.118338
19: 7.520561 77.447187
20: 7.870080 79.876089
21: 8.051908 52.717443
22: 10.349971 3.925693
23: 11.253877 85.760711
24: 13.317995 81.544603
25: 13.799994 10.995758
26: 14.270200 50.630438
27: 14.662653 57.745457
28: 14.877651 34.278248
29: 15.121256 7.318923
30: 15.253743 19.715697
31: 16.871763 60.321179
32: 16.961120 42.474669
33: 17.138782 69.015500
34: 17.370964 77.785386
35: 17.519796 34.068883
36: 17.603689 47.603120
37: 17.678786 74.928243
38: 17.704385 9.521022
39: 21.825148 2.010410
40: 22.391757 17.662981
41: 23.694213 79.277834
42: 24.557825 49.062082
43: 26.072613 98.383922
44: 26.300643 22.060309
45: 27.388673 84.801109
46: 27.725708 29.518125
47: 28.011839 31.687897
48: 28.663973 82.997144
49: 28.954382 0.520526
50: 29.762062 61.505904
51: 30.422663 6.683028
52: 30.711007 42.497632
53: 30.748180 10.919496
54: 31.251661 89.845165
55: 31.366797 21.304623
56: 32.841932 60.526118
57: 34.668334 64.546071
58: 34.955377 20.674787
59: 36.178236 58.947365
60: 36.233350 89.512997
61: 36.645912 7.801125
62: 37.704467 28.156280
63: 38.904544 53.332123
64: 38.999318 24.035881
65: 39.069073 69.353277
66: 39.342933 50.853922
67: 40.179608 76.187184
68: 41.054675 40.340661
69: 41.541522 34.870808
70: 42.565211 91.278373
71: 43.252662 50.305029
72: 43.945463 89.424236
73: 44.029436 22.347984
74: 44.523261 10.804981
75: 44.582993 42.852808
76: 45.881143 68.064474
77: 46.476624 89.835505
78: 46.644135 22.151919
79: 46.897970 3.764979
80: 47.125049 93.664247
81: 48.082931 84.621361
82: 48.087256 52.936256
83: 48.446005 27.588195
84: 48.931104 68.986058
85: 49.165407 11.804738
86: 50.058514 71.185669
87: 50.300872 92.610518
88: 50.530700 95.002438
89: 50.630085 81.168740
90: 50.649043 78.406125
91: 51.418477 87.167783
92: 52.094403 66.660612
93: 52.412656 9.241595
94: 52.472426 44.388283
95: 53.042093 81.169135
96: 53.043901 26.036259
97: 54.040447 21.354195
98: 54.148530 36.199181
99: 54.953035 86.561138
100: 56.547197 24.311814
101: 56.842400 78.399392
102: 57.527753 87.176612
103: 58.964755 40.964997
104: 59.038893 38.113671
105: 60.260495 49.833029
106: 60.265590 44.222657
107: 60.283026 5.468232
108: 61.573449 29.383522
109: 61.623052 25.872931
110: 62.694590 33.079025
111: 62.987587 81.782360
112: 63.351623 91.510734
113: 63.705779 68.361565
114: 63.892857 3.848237
115: 64.071126 42.476440
116: 65.519300 96.852116
117: 65.582703 25.883101
118: 67.206549 73.791498
119: 68.533891 22.248720
120: 68.625724 38.182352
121: 70.006614 88.949255
122: 71.836386 11.480878
123: 71.893337 4.884140
124: 72.056959 66.312873
125: 72.123599 84.975972
126: 72.633545 62.309736
127: 73.260951 44.165387
128: 73.827998 93.303142
129: 77.221345 13.755452
130: 77.248071 85.731029
131: 77.294950 55.992970
132: 77.414512 42.351584
133: 78.291540 35.049750
134: 79.105014 32.454958
135: 79.134739 5.585298
136: 79.495194 45.239715
137: 79.553077 95.007691
138: 79.922823 96.995649
139: 80.042919 87.794967
140: 80.071013 47.745144
141: 80.229756 54.049892
142: 80.533936 61.890096
143: 80.953496 13.207138
144: 81.485552 19.929234
145: 81.783597 77.649353
146: 82.569899 7.100582
147: 82.731521 98.552171
148: 83.441437 69.747498
149: 83.812294 52.372155
150: 83.853889 12.729811
151: 84.138646 2.373411
152: 84.275434 85.405654
153: 84.596478 35.154761
154: 84.657720 89.598306
155: 85.251234 17.289171
156: 85.737789 54.476777
157: 85.803859 74.229716
158: 85.847602 13.152994
159: 85.852856 43.689406
160: 86.110978 3.499941
161: 86.483586 48.253923
162: 86.976672 91.438540
163: 87.416064 46.264488
164: 87.771120 53.213396
165: 89.518807 70.218632
166: 90.894656 58.215664
167: 91.293881 39.779881
168: 91.327024 10.845746
169: 91.454479 69.511609
170: 92.051922 37.618209
171: 92.294337 83.754909
172: 92.679107 5.634453
173: 93.523999 72.007556
174: 94.254513 12.167145
175: 94.600655 17.616822
176: 95.646855 63.336674
177: 95.999812 5.487247
178: 97.162883 53.633633
179: 98.244970 41.989308
Edges
(0,1)
(0,6)
(0,9)
(1,3)
(1,4)
(1,7)
(1,13)
(1,28)
(2,5)
(2,8)
(2,15)
(3,11)
(4,20)
(5,12)
(7,14)
(7,16)
(7,19)
(9,12)
(9,28)
(10,49)
(11,43)
(12,15)
(13,17)
(13,27)
(15,22)
(15,25)
(16,31)
(17,21)
(18,23)
(18,43)
(19,24)
(20,24)
(23,24)
(23,43)
(24,41)
(25,29)
(25,30)
(26,27)
(28,32)
(28,35)
(29,38)
(29,39)
(30,40)
(30,44)
(31,33)
(31,50)
(33,37)
(33,50)
(34,37)
(35,44)
(36,42)
(41,50)
(41,57)
(41,65)
(42,50)
(42,56)
(43,45)
(43,60)
(43,116)
(44,46)
(45,48)
(45,54)
(46,47)
(48,54)
(48,60)
(49,79)
(50,57)
(51,61)
(52,69)
(53,61)
(55,62)
(57,65)
(58,62)
(58,64)
(59,76)
(60,67)
(60,72)
(61,74)
(62,83)
(63,66)
(63,82)
(65,67)
(65,76)
(66,71)
(66,75)
(67,72)
(67,76)
(67,81)
(67,90)
(68,69)
(68,75)
(69,83)
(70,77)
(73,83)
(74,79)
(75,94)
(76,82)
(76,86)
(77,80)
(78,83)
(79,93)
(79,114)
(80,88)
(81,91)
(82,94)
(83,96)
(84,92)
(85,93)
(86,90)
(86,92)
(86,101)
(87,88)
(87,91)
(87,99)
(87,102)
(88,112)
(89,91)
(89,95)
(90,95)
(91,99)
(93,97)
(94,98)
(94,103)
(95,99)
(95,101)
(96,100)
(97,109)
(97,119)
(98,104)
(98,108)
(99,101)
(100,108)
(101,113)
(102,111)
(104,110)
(104,115)
(105,126)
(105,131)
(106,115)
(107,122)
(108,110)
(109,117)
(110,115)
(110,117)
(111,118)
(111,125)
(112,121)
(113,124)
(113,126)
(115,120)
(116,128)
(116,138)
(118,125)
(118,145)
(119,134)
(120,127)
(120,133)
(120,134)
(121,130)
(122,123)
(122,135)
(124,126)
(124,148)
(127,131)
(128,139)
(129,135)
(129,143)
(130,152)
(131,142)
(132,133)
(132,153)
(133,153)
(134,144)
(135,151)
(136,140)
(136,159)
(137,162)
(139,152)
(139,154)
(140,141)
(140,159)
(140,161)
(141,156)
(142,156)
(142,166)
(143,155)
(144,155)
(146,150)
(147,171)
(148,157)
(149,161)
(150,155)
(151,160)
(151,177)
(153,167)
(153,170)
(154,162)
(155,158)
(157,165)
(157,173)
(158,168)
(159,161)
(163,179)
(164,178)
(166,176)
(169,173)
(169,176)
(170,179)
(171,173)
(171,176)
(172,174)
(174,177)
(175,177)
(176,178)
