Nodes: 20
Protection radius: 1.000000
Disaster radius: 0.500000
0: 0.078569 8.599596
1: 0.343335 13.936712
2: 0.478877 2.722171
3: 0.625447 4.950739
4: 1.466326 11.209693
5: 3.229098 5.879281
6: 3.563074 12.158659
7: 4.171231 10.244783
8: 5.448782 1.348962
9: 6.503593 12.351606
10: 8.058090 3.307667
11: 8.664082 9.162718
12: 8.686082 12.441362
13: 10.730816 11.621163
14: 10.792698 0.787345
15: 10.982272 7.067943
16: 12.287929 9.719480
17: 12.470386 13.118517
18: 12.639640 2.842750
19: 13.104326 5.702308
Edges
(0,3)
(1,3)
(1,5)
(1,11)
(2,3)
(3,8)
(4,5)
(4,7)
(6,9)
(6,11)
(6,17)
(7,8)
(7,10)
(10,11)
(11,12)
(13,14)
(13,16)
(13,17)
(14,18)
(15,19)
(17,19)
(18,19)
