Nodes: 60
Protection radius: 1.000000
Disaster radius: 0.500000
0: 0.005685 32.742026
1: 1.195768 12.154762
2: 1.503723 1.560004
3: 1.524856 19.196711
4: 1.967873 25.347975
5: 3.541696 28.373792
6: 4.522188 10.018004
7: 4.585011 22.469270
8: 4.910038 16.620056
9: 5.513174 13.527638
10: 5.621152 30.913835
11: 6.026949 24.672248
12: 6.686758 21.742292
13: 7.268851 5.666145
14: 7.814132 1.209895
15: 7.905776 19.109442
16: 9.351205 11.153353
17: 9.383234 23.150134
18: 9.903432 14.567813
19: 10.219374 17.160817
20: 10.520733 3.611021
21: 11.559765 28.308954
22: 11.919113 13.611004
23: 12.866335 7.937740
24: 13.118065 19.169678
25: 13.169762 16.141884
26: 13.454053 29.551789
27: 14.562127 11.817739
28: 15.105434 30.875551
29: 15.181447 22.700262
30: 15.703905 9.016465
31: 16.995152 26.824104
32: 17.842468 15.461613
33: 18.405522 12.354051
34: 18.438247 21.792192
35: 19.051096 1.771204
36: 19.617843 31.017856
37: 20.251480 8.389345
38: 21.166935 14.051779
39: 22.713718 22.726676
40: 23.438805 30.524805
41: 23.496424 5.475000
42: 23.498487 19.733245
43: 24.340630 12.083666
44: 25.175536 3.589484
45: 25.184707 0.510348
46: 26.391647 29.008945
47: 26.855694 31.148449
48: 26.921864 26.741212
49: 28.610955 2.980473
50: 28.673254 32.110010
51: 28.843770 6.504332
52: 29.244483 12.024456
53: 30.056627 4.539583
54: 30.249016 21.256824
55: 30.323031 9.495048
56: 31.363687 13.351642
57: 32.148184 17.294498
58: 32.685039 4.301777
59: 32.961826 28.823567
Edges
(0,1)
(0,2)
(0,10)
(0,36)
(0,50)
(1,6)
(2,13)
(3,7)
(4,24)
(4,52)
(4,56)
(5,10)
(6,9)
(7,12)
(8,12)
(10,11)
(10,26)
(11,29)
(12,13)
(12,15)
(12,19)
(13,23)
(13,24)
(13,25)
(14,20)
(14,23)
(15,18)
(16,24)
(17,42)
(17,56)
(21,39)
(22,32)
(22,49)
(22,53)
(23,30)
(23,35)
(24,32)
(26,31)
(27,45)
(28,39)
(28,47)
(28,54)
(28,57)
(28,59)
(29,39)
(32,38)
(32,55)
(33,43)
(33,51)
(34,42)
(37,49)
(40,47)
(41,45)
(44,49)
(45,58)
(46,59)
(48,59)
(51,58)
(57,58)
