Nodes: 20
Protection radius: 1.000000
Disaster radius: 0.500000
0: 0.075722 12.092505
1: 0.696725 1.273548
2: 2.466934 6.335355
3: 2.702991 13.757229
4: 3.656598 3.203422
5: 3.995967 11.357529
6: 5.171807 4.861568
7: 5.454518 1.346492
8: 5.460660 9.456396
9: 5.857622 6.805751
10: 7.273286 13.550730
11: 7.546720 5.023465
12: 7.935013 8.005508
13: 10.515524 14.705751
14: 10.908891 6.253772
15: 11.008136 11.095216
16: 11.281807 8.513882
17: 11.997372 0.456813
18: 12.998358 4.290216
19: 13.873875 13.655225
Edges
(0,3)
(1,3)
(1,5)
(1,10)
(2,5)
(4,7)
(4,8)
(4,9)
(4,10)
(4,11)
(4,17)
(6,9)
(6,14)
(9,10)
(9,12)
(10,12)
(10,18)
(13,15)
(13,16)
(13,18)
(14,18)
(18,19)
