Nodes: 180
Protection radius: 1.000000
Disaster radius: 0.500000
0: 0.419921 14.492694
1: 2.447670 60.588339
2: 2.824883 53.577659
3: 3.037056 50.937983
4: 3.046486 34.393852
5: 4.370713 75.345945
6: 4.831657 41.063906
7: 5.077710 30.300041
8: 5.333699 63.231650
9: 6.945613 25.185087
10: 7.357797 63.314873
11: 7.375540 10.006017
12: 7.494694 38.778986
13: 7.717943 75.045244
14: 7.990795 84.739542
15: 7.996965 21.389090
16: 9.434456 86.684958
17: 10.379119 65.927777
18: 10.850955 32.683898
19: 11.502094 42.787202
20: 11.552791 18.618255
21: 11.729142 95.643392
22: 12.239193 0.532635
23: 13.033028 38.893549
24: 14.017507 79.767188
25: 15.124709 54.790025
26: 15.268314 60.507826
27: 15.630792 3.799766
28: 15.851462 64.166628
29: 15.918698 28.895633
30: 16.211790 37.360301
31: 16.662003 76.995861
32: 17.907611 47.698780
33: 18.524359 11.492734
34: 18.858666 31.689003
35: 19.799851 55.068874
36: 19.995664 64.149947
37: 20.512234 18.042249
38: 20.526085 48.630374
39: 21.078929 28.122171
40: 21.223333 62.512804
41: 21.491056 21.087085
42: 21.662385 52.556168
43: 22.132258 66.280652
44: 23.680435 38.489062
45: 24.540306 80.371788
46: 25.367767 83.256213
47: 25.371584 11.867614
48: 25.410295 85.424676
49: 25.435334 61.624250
50: 25.738284 90.810577
51: 25.922334 23.346156
52: 27.235592 26.494042
53: 27.722478 1.229719
54: 28.570872 42.151756
55: 29.444513 44.311800
56: 30.032422 46.695503
57: 30.724404 4.872988
58: 30.919212 30.058439
59: 31.427189 20.364183
60: 32.440581 92.659197
61: 32.838578 95.018665
62: 33.352746 44.413508
63: 33.691376 49.749925
64: 34.139214 5.434319
65: 34.956423 63.747455
66: 35.098467 13.949764
67: 36.387071 24.635882
68: 36.678690 7.999225
69: 37.101960 80.824668
70: 37.243472 93.171303
71: 37.344847 34.384659
72: 37.528035 73.792946
73: 39.021696 42.974916
74: 39.162580 29.552206
75: 39.581851 57.383764
76: 39.981741 77.402048
77: 40.534186 14.847032
78: 42.039438 71.166311
79: 42.786668 79.863032
80: 43.581196 5.875183
81: 44.697684 66.636244
82: 44.960502 59.828128
83: 45.248922 51.983094
84: 45.659570 73.165227
85: 46.123208 7.465510
86: 46.202118 45.269211
87: 46.228987 57.812223
88: 46.393297 80.018440
89: 46.567270 86.486667
90: 47.103107 50.118331
91: 47.222469 17.336067
92: 48.231558 33.624076
93: 48.381144 19.543586
94: 49.769743 13.585102
95: 51.283713 16.540936
96: 51.333960 5.201517
97: 51.568491 46.361007
98: 51.743539 42.179670
99: 51.897019 57.133687
100: 52.758053 70.270727
101: 53.298992 1.455316
102: 54.609783 31.036299
103: 55.275227 16.842390
104: 56.270193 10.536711
105: 56.999431 49.322356
106: 57.931153 77.202893
107: 60.194594 87.101455
108: 60.676733 16.000086
109: 60.816893 5.094081
110: 61.027089 18.440611
111: 61.203017 76.307525
112: 61.488998 60.756826
113: 61.506304 26.516087
114: 62.559804 54.717775
115: 62.668065 64.109729
116: 63.542327 23.453220
117: 63.692615 85.199737
118: 65.507262 35.718550
119: 65.568196 72.001158
120: 65.832612 49.430353
121: 66.695167 65.311125
122: 67.028642 60.045917
123: 67.628001 67.348053
124: 67.653338 57.571657
125: 67.735969 31.667641
126: 68.099631 50.462640
127: 68.382679 23.254694
128: 68.524030 45.077771
129: 69.191864 83.106396
130: 69.568945 12.118933
131: 70.450885 35.919627
132: 70.907550 0.067743
133: 71.510849 76.805929
134: 71.717032 86.628077
135: 72.261678 7.289396
136: 72.391648 65.103415
137: 72.583559 60.385913
138: 72.877094 29.320645
139: 73.373024 3.414916
140: 75.109432 39.427802
141: 75.299039 55.582652
142: 75.647727 18.568899
143: 75.782463 58.998458
144: 76.573522 82.153351
145: 78.308710 40.115932
146: 79.197437 17.074795
147: 79.277920 38.277009
148: 80.243982 57.466000
149: 80.567717 63.701823
150: 80.872009 81.366382
151: 81.067142 6.076327
152: 81.438654 75.431249
153: 82.335338 59.032235
154: 82.718845 45.868356
155: 82.730340 8.292972
156: 83.205349 53.909949
157: 83.716207 56.633316
158: 83.964506 5.993799
159: 85.604674 0.981172
160: 86.026744 32.375437
161: 86.627877 42.605530
162: 88.655778 18.456824
163: 88.713157 86.590697
164: 89.841437 9.899526
165: 89.865857 56.179013
166: 90.195865 25.342552
167: 91.502279 72.713072
168: 91.547824 65.794192
169: 91.988366 28.505591
170: 92.065010 43.874989
171: 92.724840 76.499677
172: 93.291892 82.203974
173: 93.373312 1.802279
174: 93.620073 11.803309
175: 93.914843 58.122439
176: 95.248422 49.908073
177: 95.262753 83.504799
178: 95.551300 38.092227
179: 95.614116 87.294909
Edges
(0,1)
(0,11)
(0,15)
(0,22)
(1,2)
(1,10)
(2,3)
(2,10)
(3,6)
(4,6)
(4,12)
(5,14)
(7,18)
(8,10)
(9,18)
(10,25)
(10,26)
(11,22)
(11,33)
(12,23)
(13,24)
(14,16)
(14,21)
(15,29)
(16,21)
(16,48)
(17,26)
(17,28)
(17,31)
(18,23)
(18,29)
(19,23)
(19,32)
(20,29)
(20,33)
(21,50)
(21,61)
(22,53)
(22,132)
(23,30)
(23,32)
(24,31)
(25,26)
(26,40)
(27,47)
(29,41)
(30,34)
(31,43)
(31,45)
(32,35)
(34,39)
(35,42)
(35,49)
(36,40)
(36,43)
(37,41)
(37,47)
(37,51)
(38,42)
(39,51)
(39,58)
(40,49)
(41,51)
(42,63)
(43,72)
(44,54)
(45,46)
(47,51)
(47,53)
(47,66)
(48,60)
(48,69)
(49,63)
(52,59)
(52,67)
(53,57)
(53,101)
(53,132)
(54,55)
(54,58)
(55,56)
(56,62)
(56,63)
(58,71)
(58,74)
(59,66)
(59,67)
(60,70)
(62,63)
(62,71)
(63,73)
(63,83)
(64,66)
(64,68)
(65,75)
(65,81)
(65,82)
(66,67)
(67,77)
(67,93)
(69,89)
(70,134)
(71,74)
(72,78)
(73,83)
(73,92)
(74,92)
(76,78)
(76,79)
(76,84)
(77,94)
(79,84)
(79,88)
(80,85)
(80,96)
(80,101)
(81,82)
(81,99)
(82,87)
(82,99)
(83,87)
(84,88)
(85,94)
(85,96)
(86,97)
(88,100)
(88,106)
(90,99)
(90,105)
(91,94)
(92,93)
(92,98)
(93,102)
(93,103)
(94,104)
(95,103)
(96,101)
(96,104)
(96,109)
(97,98)
(97,105)
(98,102)
(98,105)
(100,111)
(100,119)
(102,113)
(102,118)
(103,110)
(105,114)
(105,120)
(106,117)
(107,117)
(108,109)
(109,130)
(110,113)
(110,127)
(110,130)
(112,114)
(113,116)
(113,125)
(114,122)
(115,119)
(115,121)
(116,125)
(117,129)
(117,134)
(118,128)
(119,123)
(119,133)
(120,126)
(120,128)
(121,123)
(122,124)
(122,137)
(123,136)
(124,126)
(124,137)
(124,141)
(126,128)
(127,138)
(127,142)
(128,131)
(128,141)
(128,154)
(129,144)
(130,146)
(132,135)
(132,139)
(132,159)
(133,136)
(133,152)
(134,144)
(134,163)
(134,179)
(135,155)
(136,152)
(137,143)
(138,140)
(139,151)
(140,145)
(140,147)
(141,154)
(142,146)
(143,149)
(144,150)
(144,152)
(145,161)
(146,160)
(146,162)
(147,160)
(148,156)
(148,157)
(149,152)
(149,153)
(149,168)
(150,163)
(150,171)
(150,172)
(151,155)
(151,159)
(152,167)
(152,171)
(155,158)
(155,162)
(156,157)
(156,165)
(158,164)
(159,173)
(160,178)
(161,170)
(162,174)
(163,172)
(163,179)
(164,174)
(165,168)
(165,176)
(166,169)
(166,174)
(168,171)
(168,175)
(169,174)
(170,176)
(170,178)
(171,177)
(172,177)
(172,179)
(175,176)
(176,177)
(176,178)
