Nodes: 180
Protection radius: 1.000000
Disaster radius: 0.500000
0: 0.150233 106.233936
1: 0.999022 8.454108
2: 1.353978 1.381154
3: 1.638328 31.441357
4: 1.846507 80.421475
5: 3.359825 18.947193
6: 3.360827 16.244745
7: 3.501649 66.735875
8: 3.670445 23.238678
9: 4.821359 34.689895
10: 7.659910 6.885060
11: 7.742354 13.925606
12: 8.085941 17.075597
13: 8.380044 55.159056
14: 8.691625 75.419212
15: 8.935813 43.112209
16: 9.663990 50.750239
17: 9.942022 72.023576
18: 10.527666 95.813406
19: 10.911607 22.791294
20: 11.023573 83.647239
21: 11.061712 29.684136
22: 11.136449 89.715893
23: 11.311761 1.924425
24: 11.763863 44.976766
25: 12.042986 33.554275
26: 14.288903 46.410898
27: 14.805426 25.312476
28: 14.839880 60.541772
29: 15.229090 70.713741
30: 15.615686 28.282680
31: 16.117333 22.643442
32: 17.489253 102.330542
33: 19.048453 39.242962
34: 19.390847 62.946588
35: 19.555887 50.541987
36: 21.334318 14.783434
37: 23.416089 24.694143
38: 23.736021 16.308873
39: 23.854894 77.810888
40: 24.082205 74.608337
41: 24.272400 52.608919
42: 25.711089 96.798872
43: 26.577932 68.559562
44: 27.241332 80.088890
45: 27.432215 27.709831
46: 27.449388 43.712778
47: 27.748885 101.845811
48: 28.872898 62.575561
49: 30.039529 102.910230
50: 30.058882 74.135154
51: 30.407702 67.949194
52: 30.546346 93.656717
53: 30.971870 88.990467
54: 31.052637 7.473603
55: 31.241879 87.005304
56: 31.867985 91.854483
57: 32.707143 67.650777
58: 33.730627 9.536585
59: 34.272647 69.955731
60: 34.273715 60.816839
61: 35.144072 16.002842
62: 36.388923 77.429590
63: 36.877708 103.149893
64: 36.954486 0.411123
65: 38.388134 55.549459
66: 40.107440 74.207112
67: 41.973877 80.643976
68: 42.370195 29.683164
69: 42.436872 65.175238
70: 42.644956 47.431657
71: 42.909248 55.069551
72: 43.551226 101.797446
73: 43.750792 36.332560
74: 44.135216 44.474864
75: 44.157944 98.497609
76: 44.298016 90.937239
77: 45.960554 30.224197
78: 46.373218 49.387050
79: 47.220534 6.013364
80: 47.840902 92.110528
81: 48.735956 83.377202
82: 49.422718 22.848825
83: 49.449099 97.807973
84: 50.838318 11.749680
85: 52.748232 31.595040
86: 53.274019 67.561522
87: 53.361744 43.672649
88: 53.934587 40.803315
89: 54.298161 11.360081
90: 54.932888 80.877847
91: 54.959693 48.327806
92: 55.349729 7.210057
93: 55.824269 95.232279
94: 55.852653 102.477592
95: 56.784836 104.839287
96: 57.034879 45.664223
97: 58.438026 92.779214
98: 58.952173 100.175625
99: 59.181479 75.923148
100: 59.623749 70.345232
101: 59.695361 43.730717
102: 60.336504 10.393747
103: 61.264106 12.516502
104: 63.312392 10.936739
105: 64.277408 65.992994
106: 64.841536 84.311460
107: 67.104896 11.032354
108: 67.392092 82.538766
109: 68.513049 48.480533
110: 68.706904 102.136575
111: 69.043193 67.356152
112: 69.359763 6.704787
113: 70.144829 79.972287
114: 70.566641 27.061342
115: 70.676719 49.633786
116: 72.696426 49.623393
117: 72.797237 44.268334
118: 74.053472 106.102170
119: 74.365231 87.981794
120: 75.303058 31.091439
121: 75.583083 20.725702
122: 75.965276 39.475201
123: 76.977069 8.079827
124: 77.854018 101.385546
125: 78.016358 47.518771
126: 78.402853 104.772447
127: 78.704730 56.763726
128: 78.884434 51.721789
129: 79.010858 40.335161
130: 80.145590 99.959485
131: 80.434374 53.425304
132: 81.560162 0.296331
133: 82.344956 47.498293
134: 83.312336 98.972881
135: 83.663711 91.746136
136: 83.665025 82.710426
137: 84.101439 75.048691
138: 84.475965 101.116049
139: 84.842220 62.938009
140: 84.894534 9.386926
141: 85.020945 72.972286
142: 85.046406 103.318009
143: 86.048356 1.227205
144: 86.651929 92.003962
145: 87.146338 63.069993
146: 87.529037 37.730191
147: 87.935714 13.924576
148: 88.990307 59.282502
149: 89.462630 3.650626
150: 90.564703 94.114227
151: 90.756550 85.765184
152: 93.120497 28.667601
153: 94.313940 45.899919
154: 94.346162 34.741809
155: 94.505187 38.282394
156: 95.647260 97.167306
157: 96.321697 95.001767
158: 96.463342 58.320519
159: 96.564187 103.281975
160: 97.017073 37.720550
161: 98.442260 95.963105
162: 98.660097 43.866218
163: 99.302480 9.075583
164: 100.543101 46.713987
165: 101.569433 79.204622
166: 102.015299 44.042563
167: 102.194054 54.947319
168: 102.588321 22.031257
169: 102.732300 106.457597
170: 102.848165 9.490343
171: 102.886837 18.356865
172: 103.774877 95.558400
173: 104.230043 98.571930
174: 104.272475 13.678606
175: 105.679385 5.048349
176: 105.839290 72.314905
177: 106.045534 94.320416
178: 106.590754 25.801079
179: 106.651757 55.723126
Edges
(0,1)
(0,4)
(0,18)
(0,32)
(0,118)
(0,169)
(1,3)
(1,5)
(1,11)
(2,23)
(3,21)
(4,22)
(5,12)
(6,12)
(7,14)
(7,17)
(8,21)
(9,13)
(9,25)
(10,36)
(11,36)
(12,19)
(14,20)
(14,29)
(15,25)
(16,26)
(16,28)
(20,22)
(23,36)
(24,33)
(25,30)
(25,33)
(26,33)
(27,31)
(28,29)
(31,36)
(32,47)
(34,48)
(35,41)
(36,38)
(37,38)
(38,45)
(38,54)
(39,44)
(40,50)
(41,60)
(41,65)
(42,52)
(43,50)
(43,51)
(44,50)
(46,65)
(46,74)
(47,52)
(48,51)
(48,57)
(49,52)
(49,63)
(50,62)
(52,53)
(53,56)
(54,58)
(54,64)
(55,76)
(57,69)
(58,61)
(59,69)
(63,72)
(63,75)
(64,79)
(66,67)
(67,76)
(68,73)
(69,86)
(70,71)
(70,74)
(70,78)
(71,86)
(72,83)
(73,74)
(73,77)
(74,88)
(75,76)
(80,81)
(80,93)
(82,85)
(82,114)
(83,93)
(83,94)
(84,92)
(86,90)
(86,100)
(87,88)
(87,91)
(87,96)
(89,92)
(89,102)
(93,98)
(95,118)
(96,101)
(97,98)
(99,100)
(99,113)
(100,105)
(101,114)
(102,103)
(102,104)
(102,112)
(105,115)
(106,119)
(107,112)
(107,114)
(108,113)
(108,119)
(109,117)
(110,124)
(111,115)
(111,127)
(111,141)
(113,136)
(114,122)
(115,117)
(116,127)
(117,125)
(118,124)
(119,124)
(120,129)
(121,140)
(121,152)
(123,132)
(123,140)
(124,130)
(125,128)
(125,129)
(126,142)
(127,139)
(130,135)
(130,138)
(131,133)
(132,175)
(133,146)
(133,153)
(134,135)
(135,144)
(136,137)
(136,151)
(138,150)
(139,148)
(140,147)
(140,149)
(142,156)
(143,175)
(145,176)
(147,168)
(147,171)
(148,158)
(150,157)
(153,155)
(153,167)
(154,155)
(154,160)
(156,157)
(156,159)
(158,179)
(160,162)
(160,178)
(161,172)
(162,164)
(163,170)
(163,171)
(164,166)
(165,172)
(165,176)
(167,179)
(169,173)
(169,177)
(172,173)
(174,178)
(175,178)
