Nodes: 180
Protection radius: 1.000000
Disaster radius: 0.500000
0: 0.404546 5.766557
1: 1.367340 68.717135
2: 2.671918 49.336459
3: 3.168578 20.738908
4: 3.299177 1.195752
5: 3.472223 11.703550
6: 3.512159 24.999755
7: 4.301150 4.470086
8: 4.805138 33.936593
9: 6.808402 37.451731
10: 7.059285 76.086372
11: 7.099674 49.510159
12: 7.651471 42.269895
13: 7.809050 45.507716
14: 7.844838 64.395363
15: 8.972784 17.030488
16: 9.179978 55.595108
17: 10.301129 67.734989
18: 11.077616 85.937982
19: 11.221394 59.356390
20: 13.149798 80.549007
21: 13.361094 40.363782
22: 14.029305 16.278502
23: 14.204651 26.433743
24: 14.803716 46.790112
25: 16.007262 36.216766
26: 16.350099 63.097181
27: 16.367306 78.460534
28: 16.764582 82.234486
29: 17.778095 84.073945
30: 18.575526 59.141918
31: 18.660848 10.821357
32: 19.083013 53.605199
33: 19.108471 28.568771
34: 19.804141 84.381790
35: 19.936479 1.608943
36: 20.141368 92.403022
37: 20.633261 3.783095
38: 21.043562 51.008854
39: 21.254426 48.422051
40: 21.507268 24.218274
41: 21.541886 85.672849
42: 22.766913 37.451185
43: 22.993253 89.230527
44: 23.373334 41.051718
45: 23.535759 17.538148
46: 23.567875 29.313170
47: 24.253290 80.640436
48: 24.660192 67.811987
49: 26.407572 90.035985
50: 26.648744 76.980675
51: 28.221775 70.871416
52: 28.420542 32.889587
53: 28.448430 59.877863
54: 29.651132 50.616194
55: 30.783169 12.801964
56: 31.747299 67.854083
57: 33.360242 76.151017
58: 33.438749 84.723591
59: 34.078997 11.522440
60: 34.112127 64.553463
61: 34.563725 44.274181
62: 35.652652 36.640524
63: 36.062487 52.853703
64: 37.255100 24.447714
65: 37.291428 63.671616
66: 37.999345 19.298805
67: 38.513703 56.586726
68: 39.242073 45.213942
69: 39.999861 79.067515
70: 40.468774 25.792234
71: 40.523710 84.739376
72: 40.543379 18.584194
73: 41.399055 37.628800
74: 41.710776 86.962087
75: 41.892784 43.119686
76: 42.072020 16.898102
77: 42.081170 14.751145
78: 43.414863 37.261688
79: 43.681703 0.876984
80: 43.846602 45.537291
81: 44.775561 21.250318
82: 44.964673 34.757152
83: 44.966316 92.962529
84: 45.044653 50.660862
85: 45.560242 81.188835
86: 46.360217 23.219549
87: 46.580460 52.896072
88: 46.651131 74.808647
89: 47.354319 63.469972
90: 47.731914 91.770130
91: 47.984752 55.188873
92: 48.031838 9.130800
93: 48.292057 13.992648
94: 48.591463 84.231922
95: 49.765838 18.945335
96: 50.935632 51.489862
97: 51.050472 89.785633
98: 52.921058 52.000366
99: 53.489818 45.061362
100: 53.981108 72.572262
101: 54.227769 48.536155
102: 54.704285 57.417309
103: 55.479669 89.913166
104: 56.196133 83.930000
105: 56.609598 14.780192
106: 56.792242 6.661451
107: 56.956563 79.638106
108: 57.824350 61.407280
109: 58.074847 89.222355
110: 58.356336 83.704227
111: 58.398498 36.547616
112: 58.443265 58.892592
113: 59.143307 28.178471
114: 59.294090 78.530215
115: 59.339981 48.369045
116: 59.528707 7.859695
117: 59.957813 64.974938
118: 60.912996 16.540757
119: 60.951848 41.592578
120: 61.215230 3.785455
121: 61.464736 81.153975
122: 61.669458 91.355967
123: 62.885801 7.647037
124: 63.858594 20.018526
125: 63.990818 35.944219
126: 64.802330 71.506134
127: 64.811496 44.670400
128: 64.920628 57.874619
129: 66.397241 32.865499
130: 68.141702 27.291828
131: 69.676953 19.320418
132: 70.147514 62.930560
133: 71.253234 3.549630
134: 71.299171 49.942296
135: 71.460459 82.449544
136: 71.721813 38.129251
137: 71.809103 22.923474
138: 72.168454 59.995284
139: 72.578821 12.916511
140: 73.203030 48.242465
141: 73.902212 31.638677
142: 73.931735 74.655507
143: 74.988311 22.339440
144: 75.235512 89.255985
145: 75.580982 79.927351
146: 76.383697 62.535630
147: 76.894538 45.369219
148: 77.676421 0.636115
149: 78.579478 67.267135
150: 78.701463 20.063759
151: 79.117248 31.903814
152: 79.204678 60.373177
153: 81.141772 38.337811
154: 81.624629 43.101501
155: 82.313310 18.233635
156: 82.769404 27.701303
157: 82.820403 4.315951
158: 83.137657 34.912843
159: 83.430238 30.701426
160: 83.889414 73.809107
161: 84.585960 90.920403
162: 84.638817 51.223913
163: 85.486512 22.035089
164: 86.335400 19.711833
165: 86.550437 77.102290
166: 86.798444 69.075400
167: 87.285143 79.892298
168: 87.544895 48.734146
169: 87.545164 41.488448
170: 89.002884 26.842364
171: 89.429331 62.174190
172: 89.699940 79.217514
173: 89.778432 7.777032
174: 89.961623 31.751300
175: 89.974693 91.200921
176: 90.143665 10.193262
177: 91.499331 5.228766
178: 91.780054 82.549944
179: 92.529345 12.378168
Edges
(0,31)
(0,59)
(1,19)
(2,3)
(3,15)
(3,130)
(4,35)
(5,22)
(5,59)
(6,8)
(6,11)
(6,12)
(6,13)
(6,16)
(6,19)
(6,28)
(6,33)
(6,40)
(6,46)
(7,37)
(7,59)
(9,25)
(10,14)
(10,19)
(11,16)
(12,24)
(12,26)
(12,27)
(12,30)
(12,42)
(12,44)
(12,65)
(15,22)
(17,28)
(18,20)
(20,36)
(21,42)
(22,59)
(22,72)
(22,86)
(23,40)
(24,38)
(24,62)
(24,63)
(24,67)
(25,129)
(28,29)
(28,30)
(28,34)
(28,36)
(28,49)
(28,53)
(29,49)
(31,59)
(32,65)
(34,48)
(35,105)
(36,74)
(38,65)
(38,67)
(39,54)
(39,61)
(39,68)
(40,70)
(41,48)
(41,51)
(41,87)
(42,62)
(42,129)
(43,49)
(45,72)
(45,130)
(47,65)
(49,57)
(49,71)
(49,74)
(50,60)
(52,70)
(52,129)
(53,56)
(53,60)
(54,68)
(55,59)
(56,60)
(57,58)
(59,81)
(59,95)
(59,105)
(61,62)
(62,73)
(62,87)
(62,101)
(62,117)
(63,68)
(64,129)
(66,81)
(67,68)
(68,84)
(69,71)
(69,87)
(72,81)
(73,119)
(73,125)
(73,147)
(75,80)
(76,95)
(77,118)
(78,141)
(79,148)
(79,156)
(79,157)
(80,96)
(80,101)
(81,95)
(81,118)
(81,131)
(82,129)
(83,94)
(83,161)
(85,94)
(87,91)
(87,100)
(87,114)
(88,100)
(88,103)
(88,110)
(89,100)
(90,94)
(90,161)
(92,118)
(93,105)
(94,103)
(96,101)
(96,102)
(97,122)
(98,102)
(98,108)
(98,115)
(98,117)
(99,115)
(100,107)
(100,122)
(103,104)
(106,155)
(107,122)
(109,122)
(111,119)
(112,115)
(112,117)
(112,127)
(113,129)
(116,120)
(116,155)
(119,141)
(120,123)
(120,139)
(120,164)
(121,122)
(122,127)
(122,132)
(122,145)
(124,130)
(126,127)
(126,128)
(126,134)
(127,147)
(129,130)
(130,137)
(131,153)
(133,164)
(134,138)
(135,140)
(136,153)
(138,140)
(140,142)
(142,152)
(142,158)
(142,160)
(142,172)
(142,175)
(142,176)
(142,178)
(143,156)
(144,161)
(145,175)
(146,153)
(148,173)
(149,152)
(150,155)
(150,163)
(151,153)
(151,156)
(152,165)
(152,168)
(152,170)
(152,178)
(153,158)
(154,158)
(156,159)
(158,159)
(159,164)
(159,173)
(162,168)
(162,169)
(165,172)
(166,171)
(166,178)
(167,178)
(170,171)
(171,178)
(173,179)
(174,179)
(177,179)
