Nodes: 100
Protection radius: 1.000000
Disaster radius: 0.500000
0: 1.856323 37.228337
1: 2.642921 17.574256
2: 3.098900 45.695914
3: 3.552321 4.975727
4: 3.897637 35.028913
5: 4.138157 33.034834
6: 4.299718 53.433127
7: 5.149126 48.246615
8: 7.039099 6.582174
9: 7.840718 46.133103
10: 8.034583 53.811573
11: 8.791253 16.999440
12: 9.042669 40.395882
13: 9.050653 6.826813
14: 9.090836 21.260766
15: 9.348075 36.219473
16: 10.391418 47.057135
17: 10.639112 33.737483
18: 11.387748 4.547384
19: 11.433949 36.006386
20: 13.010003 19.366837
21: 13.371560 40.411455
22: 14.194767 25.484641
23: 14.244696 13.662448
24: 14.834927 29.251196
25: 15.056429 10.414319
26: 15.453780 41.002336
27: 16.238921 32.644852
28: 17.115784 6.291853
29: 19.284493 40.317552
30: 19.701080 20.851367
31: 20.027155 8.248026
32: 20.951187 15.788239
33: 21.166387 44.979270
34: 22.224474 47.052336
35: 22.328279 13.405728
36: 22.650067 42.159906
37: 22.825530 20.178570
38: 23.346065 37.040366
39: 23.710080 49.044054
40: 24.036265 10.926627
41: 24.076767 2.134675
42: 24.810320 23.936621
43: 25.247075 51.480810
44: 25.919551 36.067842
45: 26.266665 27.848237
46: 26.389797 16.282151
47: 26.534391 38.753640
48: 26.984098 50.048688
49: 27.078889 20.297764
50: 29.097501 4.047710
51: 29.242914 53.557637
52: 29.874549 29.546793
53: 30.732107 49.877859
54: 31.345229 15.823254
55: 31.938336 32.614259
56: 32.834525 0.542524
57: 33.117237 25.991866
58: 33.326865 5.871104
59: 34.289769 16.533677
60: 35.495968 35.737872
61: 35.898960 22.675645
62: 36.027030 43.872213
63: 36.841231 3.873913
64: 36.897317 10.951763
65: 37.550120 51.405554
66: 37.628450 39.765852
67: 37.855196 28.894052
68: 37.872020 32.048613
69: 39.119055 54.343189
70: 39.233843 19.099650
71: 39.419535 43.742110
72: 41.938946 10.304352
73: 42.081698 15.866083
74: 42.336350 20.405091
75: 42.499187 0.480203
76: 43.154699 2.655988
77: 43.301024 46.291768
78: 43.787194 28.228033
79: 43.973587 38.181879
80: 44.920342 0.372839
81: 45.587892 31.397817
82: 45.863910 44.723999
83: 46.307591 17.118677
84: 48.408597 8.598866
85: 48.451759 49.016197
86: 48.525797 32.002040
87: 48.568655 53.390199
88: 49.031099 14.233461
89: 49.646638 21.074063
90: 49.913936 27.010186
91: 50.101420 38.104246
92: 51.955716 27.534867
93: 52.135637 24.000798
94: 52.249184 52.232568
95: 52.501624 43.736683
96: 53.111669 37.922138
97: 53.547591 14.198430
98: 53.870403 4.246415
99: 54.584333 0.472385
Edges
(0,2)
(0,12)
(1,8)
(1,11)
(2,6)
(2,9)
(2,12)
(3,8)
(3,41)
(3,56)
(4,12)
(5,14)
(5,15)
(6,7)
(7,16)
(8,18)
(9,12)
(9,16)
(10,16)
(10,34)
(10,39)
(10,43)
(10,51)
(11,13)
(11,14)
(11,23)
(12,19)
(12,21)
(14,17)
(14,20)
(15,19)
(16,21)
(16,33)
(16,34)
(17,19)
(18,25)
(18,28)
(18,41)
(19,27)
(20,23)
(20,30)
(20,32)
(22,30)
(24,27)
(24,30)
(24,42)
(25,28)
(26,33)
(27,29)
(28,31)
(28,41)
(29,36)
(29,38)
(30,32)
(31,35)
(31,41)
(32,37)
(33,34)
(34,36)
(34,48)
(36,38)
(36,48)
(37,42)
(37,49)
(38,44)
(40,46)
(40,54)
(40,58)
(41,50)
(41,56)
(42,45)
(43,48)
(44,47)
(46,49)
(46,54)
(47,48)
(47,53)
(47,62)
(49,57)
(50,56)
(50,58)
(51,53)
(51,65)
(51,69)
(52,57)
(55,68)
(56,63)
(56,75)
(57,67)
(58,63)
(58,64)
(59,61)
(59,70)
(60,62)
(60,66)
(60,68)
(61,67)
(62,66)
(63,76)
(64,73)
(65,69)
(65,71)
(66,68)
(66,79)
(68,78)
(68,79)
(69,77)
(71,79)
(72,84)
(73,83)
(74,78)
(76,84)
(77,82)
(77,87)
(78,90)
(79,81)
(79,82)
(80,84)
(80,98)
(82,95)
(85,87)
(85,94)
(86,90)
(86,91)
(87,94)
(88,97)
(89,93)
(90,93)
(91,95)
(92,93)
(93,96)
(94,95)
(94,96)
(95,96)
(96,99)
(97,98)
