Nodes: 20
Protection radius: 1.000000
Disaster radius: 0.500000
0: 1.005185 2.134695
1: 1.225039 12.413728
2: 1.618402 4.359644
3: 2.185348 14.822879
4: 4.141011 9.778132
5: 4.475528 0.265815
6: 4.480866 2.318360
7: 5.726366 11.263561
8: 6.494339 14.987942
9: 6.665874 6.951668
10: 6.943704 1.763842
11: 7.791234 10.621788
12: 8.972609 1.120344
13: 10.259565 6.447498
14: 10.966393 3.200183
15: 11.127797 11.110562
16: 11.742132 9.129052
17: 12.877876 6.725606
18: 12.993684 3.984771
19: 14.248664 8.932578
Edges
(0,2)
(0,5)
(1,3)
(1,4)
(2,4)
(2,6)
(2,9)
(4,7)
(5,6)
(5,10)
(8,11)
(8,15)
(9,11)
(10,14)
(11,16)
(12,18)
(13,14)
(13,18)
(14,18)
(16,17)
(16,19)
(17,18)
