Nodes: 180
Protection radius: 1.000000
Disaster radius: 0.500000
0: 0.199397 75.826722
1: 0.472062 92.586302
2: 0.654439 47.081223
3: 1.968024 25.140338
4: 2.007220 17.520158
5: 2.819681 36.452697
6: 3.356465 23.204830
7: 3.357339 86.269599
8: 4.198949 13.235578
9: 4.724282 61.143672
10: 4.871250 38.463178
11: 5.205024 54.417916
12: 5.233634 58.570023
13: 5.587486 64.443749
14: 6.312543 88.647104
15: 6.375968 11.483943
16: 6.700553 33.823842
17: 7.333880 40.497432
18: 8.615946 72.761158
19: 9.724424 62.766717
20: 11.918471 10.888731
21: 12.109813 41.359029
22: 13.720878 55.226908
23: 14.894340 20.425652
24: 16.634081 51.194639
25: 16.868670 71.554562
26: 17.495169 34.514805
27: 17.918583 52.777400
28: 18.462281 50.213738
29: 19.036227 37.333579
30: 19.160301 7.395033
31: 19.384593 21.493155
32: 19.683955 43.268637
33: 19.901188 79.753707
34: 20.140463 41.060236
35: 20.641524 86.953380
36: 21.638388 64.281572
37: 21.724776 20.295441
38: 22.327563 14.462625
39: 22.885031 40.708637
40: 23.078258 9.411614
41: 24.036731 77.039455
42: 24.115507 35.405749
43: 24.454597 92.695847
44: 24.513776 62.442671
45: 24.842965 58.123055
46: 25.208815 33.574792
47: 27.100171 70.659181
48: 27.811197 59.640598
49: 28.165473 10.259063
50: 28.930204 73.576945
51: 29.029496 57.856680
52: 29.105257 84.592040
53: 29.175316 43.571128
54: 29.610394 93.449439
55: 29.842102 80.645134
56: 30.460296 71.018986
57: 30.513093 21.136608
58: 31.010946 6.878470
59: 31.514976 57.154753
60: 31.581447 60.741846
61: 32.410144 77.248910
62: 33.726357 23.007307
63: 33.741174 36.227655
64: 33.988065 39.727141
65: 34.782236 4.573948
66: 35.542952 93.053207
67: 35.716050 10.015864
68: 35.838757 78.495449
69: 36.011635 67.428872
70: 36.125395 0.542160
71: 36.416763 20.099364
72: 37.195160 73.192369
73: 37.353612 44.679867
74: 38.162658 5.663157
75: 39.054681 36.748610
76: 42.321844 7.273570
77: 42.920680 91.947215
78: 43.190532 51.943137
79: 43.331166 61.188360
80: 43.725450 30.859920
81: 44.117874 4.008827
82: 46.104449 83.643923
83: 46.204584 44.494685
84: 47.205646 62.755875
85: 47.881252 1.968160
86: 48.027552 51.644961
87: 48.646149 21.322384
88: 49.916175 67.072040
89: 50.055757 86.299585
90: 50.232575 64.261776
91: 50.684252 40.735370
92: 51.598235 93.964067
93: 53.077202 48.136661
94: 53.801821 20.688745
95: 54.363879 7.172614
96: 54.915599 62.575125
97: 55.151070 11.002888
98: 55.383416 5.426245
99: 55.983337 33.830627
100: 56.369088 20.008059
101: 56.684212 53.671299
102: 57.369381 7.658629
103: 57.969028 22.221566
104: 58.566238 10.698924
105: 58.577174 17.643440
106: 58.835585 67.193120
107: 59.112183 51.164494
108: 59.461374 38.949969
109: 59.911087 92.217335
110: 60.759497 33.164093
111: 61.990587 28.815940
112: 62.045491 78.191276
113: 62.382620 48.152494
114: 62.691513 91.574919
115: 62.827417 36.161328
116: 63.558016 87.476734
117: 66.542993 34.630811
118: 66.590667 21.577809
119: 66.876393 45.481808
120: 67.149073 36.805672
121: 67.778708 31.495326
122: 67.857178 82.872316
123: 67.900341 26.718472
124: 69.211207 59.622546
125: 69.645187 12.667588
126: 70.492559 93.703041
127: 70.725644 73.090067
128: 70.902858 30.496541
129: 71.459935 44.018726
130: 71.596144 76.102368
131: 72.922203 47.370520
132: 73.376215 0.529290
133: 73.436291 89.697836
134: 73.561235 53.364464
135: 74.565997 18.976353
136: 74.583280 8.753338
137: 74.843568 72.542159
138: 75.240761 23.162477
139: 75.593668 67.985135
140: 75.991453 41.730805
141: 76.075155 64.102215
142: 76.094090 76.811622
143: 76.742496 47.233393
144: 78.107639 80.836959
145: 78.232550 27.870241
146: 78.647756 68.786613
147: 78.677110 20.964111
148: 78.737591 18.149608
149: 79.054295 91.458418
150: 79.305651 83.294083
151: 79.647820 85.684161
152: 80.749560 17.715795
153: 81.235575 35.361407
154: 81.287724 69.092111
155: 81.596027 55.640449
156: 81.810473 65.171666
157: 82.200103 60.273621
158: 83.306027 77.800920
159: 83.401606 32.975071
160: 84.098392 23.503959
161: 84.527455 84.656543
162: 84.676312 26.338353
163: 85.353717 54.352382
164: 85.647501 13.337806
165: 85.842586 88.612187
166: 86.520695 82.148231
167: 87.552692 4.234466
168: 87.575522 29.816103
169: 87.682955 12.163365
170: 88.392983 78.256418
171: 88.891008 91.061666
172: 89.293597 41.426878
173: 89.529944 30.392663
174: 90.404598 56.240883
175: 90.628126 78.080147
176: 90.834866 73.209662
177: 91.163037 80.941965
178: 91.405298 22.336824
179: 92.746625 2.740979
Edges
(0,2)
(0,11)
(0,13)
(1,7)
(2,3)
(2,27)
(2,28)
(2,78)
(4,30)
(4,49)
(4,70)
(5,6)
(6,16)
(7,14)
(7,18)
(7,33)
(7,52)
(7,54)
(7,55)
(8,20)
(9,19)
(9,25)
(9,41)
(9,50)
(9,55)
(10,17)
(11,86)
(12,56)
(12,59)
(15,20)
(15,30)
(16,23)
(16,31)
(17,26)
(17,37)
(17,49)
(21,29)
(21,32)
(22,86)
(24,28)
(31,38)
(32,37)
(32,39)
(34,37)
(35,52)
(36,69)
(36,84)
(37,42)
(37,63)
(38,49)
(40,58)
(42,53)
(43,54)
(44,45)
(44,84)
(46,78)
(47,68)
(48,51)
(48,79)
(48,86)
(49,62)
(50,68)
(52,61)
(54,109)
(56,69)
(57,63)
(58,70)
(60,79)
(63,65)
(64,65)
(64,73)
(65,74)
(65,83)
(65,85)
(65,136)
(65,179)
(66,68)
(67,71)
(67,75)
(69,72)
(73,75)
(74,94)
(74,102)
(76,102)
(77,82)
(77,90)
(77,94)
(77,103)
(77,109)
(78,91)
(79,84)
(80,83)
(81,132)
(83,87)
(83,91)
(85,132)
(88,93)
(89,96)
(92,126)
(93,96)
(93,106)
(93,126)
(93,127)
(95,102)
(97,110)
(97,119)
(98,167)
(99,103)
(99,107)
(99,137)
(99,139)
(99,166)
(100,103)
(101,127)
(102,123)
(102,128)
(102,129)
(102,155)
(104,121)
(105,117)
(105,154)
(108,115)
(108,141)
(108,146)
(108,166)
(109,112)
(109,116)
(111,119)
(113,127)
(114,116)
(117,120)
(117,131)
(118,153)
(119,146)
(120,156)
(121,156)
(122,144)
(122,149)
(122,161)
(122,165)
(124,139)
(124,161)
(125,135)
(125,145)
(125,160)
(126,149)
(128,140)
(130,137)
(130,142)
(133,149)
(134,154)
(138,153)
(143,155)
(144,150)
(145,147)
(147,153)
(148,167)
(151,161)
(152,167)
(153,166)
(153,171)
(153,178)
(155,156)
(155,157)
(158,171)
(159,163)
(159,178)
(160,167)
(162,167)
(162,169)
(163,168)
(163,170)
(164,167)
(170,173)
(170,176)
(171,177)
(172,174)
(172,176)
(175,177)
