Nodes: 20
Protection radius: 1.000000
Disaster radius: 0.500000
0: 0.401668 12.549951
1: 0.601187 9.713297
2: 0.676421 6.210333
3: 1.146867 3.166378
4: 2.169814 8.290678
5: 2.871277 11.780020
6: 2.927581 1.845340
7: 3.127447 4.195718
8: 3.955898 7.084845
9: 4.545072 9.739777
10: 5.054208 1.344007
11: 6.453074 6.768975
12: 6.794625 4.557086
13: 7.768053 9.732863
14: 8.469890 6.632693
15: 9.827769 9.499731
16: 10.132770 5.146259
17: 10.696369 12.895845
18: 12.206168 3.329249
19: 12.995624 12.828589
Edges
(0,5)
(0,13)
(0,15)
(0,17)
(1,2)
(1,3)
(1,9)
(1,15)
(3,7)
(3,8)
(4,11)
(4,14)
(4,16)
(4,18)
(6,8)
(6,10)
(7,8)
(10,12)
(11,14)
(14,15)
(15,19)
(16,18)
