Nodes: 100
Protection radius: 1.000000
Disaster radius: 0.500000
0: 2.216409 51.429647
1: 2.443547 47.035128
2: 2.788714 41.187372
3: 2.843307 37.859517
4: 3.115384 29.386993
5: 3.146930 5.617549
6: 3.909394 49.081267
7: 4.340337 16.928148
8: 4.963775 8.901302
9: 5.461105 5.538858
10: 6.618983 3.022524
11: 6.993837 20.417992
12: 7.237098 18.188885
13: 7.816151 38.867356
14: 7.926848 28.135986
15: 8.413308 31.911858
16: 8.750843 5.908832
17: 9.623849 0.198802
18: 9.680420 35.266949
19: 9.965345 45.953988
20: 10.262037 43.213829
21: 10.652726 3.881587
22: 10.772886 20.931014
23: 11.079106 16.986344
24: 11.771958 31.940539
25: 12.050021 11.160059
26: 12.284467 28.482451
27: 12.698910 15.059607
28: 13.053264 6.579421
29: 14.540395 22.014789
30: 14.906799 11.891985
31: 14.919215 19.005954
32: 16.427739 4.869256
33: 16.496923 20.537932
34: 16.931046 13.486994
35: 17.021620 10.734884
36: 18.126844 44.656128
37: 18.457142 32.333889
38: 18.472400 26.234735
39: 19.349815 22.156313
40: 19.928291 2.801047
41: 20.630886 39.320203
42: 21.967643 36.993045
43: 22.654519 27.080465
44: 24.074821 31.488163
45: 25.626582 36.027302
46: 25.639144 41.893708
47: 25.965219 44.988959
48: 26.225363 4.141562
49: 26.969264 7.374605
50: 27.753225 38.249686
51: 27.949404 35.185332
52: 28.094470 16.193861
53: 28.446584 26.312353
54: 28.566349 40.902447
55: 29.774484 43.927912
56: 30.089819 22.711100
57: 30.672534 50.900581
58: 30.906894 25.051918
59: 31.222027 48.745082
60: 31.686965 34.177515
61: 32.012030 31.355063
62: 32.958525 8.632209
63: 33.214486 38.215025
64: 33.505886 17.620359
65: 34.304063 4.141535
66: 35.254313 34.884881
67: 35.319651 42.557628
68: 36.027820 51.781099
69: 36.360186 18.706838
70: 37.124875 33.379869
71: 37.194840 12.472146
72: 37.203145 48.307577
73: 39.032047 51.401261
74: 39.144343 26.097169
75: 39.153664 33.698670
76: 39.994239 48.879882
77: 40.270415 29.107536
78: 40.880535 21.273774
79: 41.464302 40.350075
80: 42.699070 5.005123
81: 43.650941 51.853292
82: 43.924970 7.961434
83: 44.108166 15.138116
84: 44.407424 25.819968
85: 44.535746 28.586626
86: 44.564285 34.301114
87: 45.122330 23.332523
88: 45.342104 44.682455
89: 46.237960 42.234953
90: 46.547770 9.930651
91: 47.023851 36.773731
92: 47.272710 31.686468
93: 47.714233 45.506843
94: 48.665716 33.692113
95: 49.409745 26.932515
96: 50.273677 8.808827
97: 50.917812 13.753217
98: 51.105663 44.098982
99: 51.905481 26.353011
Edges
(0,2)
(1,2)
(2,3)
(2,6)
(3,19)
(4,5)
(4,15)
(4,47)
(5,9)
(7,8)
(7,12)
(7,46)
(7,57)
(8,17)
(8,21)
(10,17)
(11,47)
(11,57)
(12,16)
(12,29)
(12,37)
(13,19)
(14,47)
(16,32)
(17,62)
(18,19)
(18,20)
(18,36)
(18,57)
(22,55)
(23,25)
(24,47)
(25,28)
(25,32)
(25,49)
(26,41)
(26,47)
(27,38)
(30,34)
(30,49)
(31,45)
(31,49)
(33,43)
(33,45)
(33,80)
(35,49)
(37,42)
(38,54)
(39,52)
(40,80)
(42,55)
(43,56)
(44,53)
(44,58)
(44,69)
(44,90)
(44,97)
(45,78)
(45,97)
(46,59)
(48,80)
(50,77)
(51,61)
(52,56)
(52,71)
(54,63)
(54,66)
(54,70)
(56,64)
(57,68)
(57,70)
(60,77)
(60,84)
(61,97)
(64,82)
(65,80)
(66,84)
(67,84)
(72,97)
(73,79)
(73,97)
(74,84)
(74,87)
(75,84)
(76,86)
(76,92)
(81,91)
(81,92)
(83,97)
(84,85)
(86,95)
(88,91)
(89,93)
(89,98)
(92,98)
(94,98)
(95,99)
(96,97)
(97,99)
