Nodes: 100
Protection radius: 1.000000
Disaster radius: 0.500000
0: 0.041533 16.127654
1: 0.398164 34.511759
2: 0.739086 26.089680
3: 1.354638 8.342430
4: 2.137146 5.078033
5: 2.383845 42.300160
6: 3.330817 39.033304
7: 3.843860 44.472401
8: 4.130029 50.282056
9: 4.147463 14.028848
10: 4.688803 46.329347
11: 4.826611 23.625387
12: 5.610977 6.465525
13: 5.731731 42.076529
14: 5.955083 9.719232
15: 6.744239 45.044370
16: 6.976892 15.804372
17: 7.184110 29.564851
18: 8.903404 44.909264
19: 9.227087 16.641696
20: 9.487731 46.978225
21: 10.092919 41.890187
22: 10.362545 0.053643
23: 11.322059 23.160726
24: 11.595163 7.815263
25: 11.690512 19.952933
26: 12.322665 27.088796
27: 12.410137 33.713628
28: 12.768823 35.922880
29: 12.797835 49.565591
30: 12.922425 9.653291
31: 13.114563 55.429429
32: 13.265961 52.844895
33: 13.706835 18.034612
34: 14.178935 24.264084
35: 15.798547 43.124338
36: 15.858016 49.655900
37: 15.986732 46.993061
38: 16.255995 21.453281
39: 17.371945 2.575878
40: 18.460045 12.351405
41: 18.897158 5.224775
42: 19.345441 26.942362
43: 20.045189 45.402241
44: 20.064864 41.631813
45: 20.447668 17.334040
46: 20.902886 48.637821
47: 21.184145 51.429387
48: 21.569121 0.383461
49: 22.788548 7.614837
50: 23.462837 26.384868
51: 23.773137 2.659404
52: 24.596554 15.219462
53: 24.722835 12.461344
54: 25.559221 36.889618
55: 25.997444 17.504699
56: 26.838508 38.451137
57: 26.913520 14.227246
58: 27.137819 25.159399
59: 28.471755 17.339436
60: 28.881545 8.149645
61: 28.915825 3.312356
62: 30.865435 21.989891
63: 33.054753 14.081737
64: 34.006682 23.205695
65: 35.287713 25.532250
66: 35.482129 13.653191
67: 35.540340 4.079605
68: 37.000346 54.462673
69: 37.105074 22.666132
70: 38.037992 49.524731
71: 38.777037 28.895482
72: 39.630882 11.328921
73: 39.997878 18.574057
74: 40.297644 22.135341
75: 40.567375 27.409078
76: 41.769700 32.224945
77: 42.180875 4.868144
78: 42.459990 46.744874
79: 42.515373 20.403458
80: 42.541521 26.000271
81: 42.888547 17.871789
82: 44.452495 4.260492
83: 45.485184 21.885612
84: 45.562857 45.844674
85: 45.611379 41.959796
86: 46.234774 26.193783
87: 46.253975 55.469541
88: 46.857490 12.430352
89: 48.725302 31.858516
90: 50.294491 40.229143
91: 50.408952 18.067628
92: 50.614773 44.686682
93: 51.518902 25.664252
94: 52.474612 13.136968
95: 53.459510 32.166880
96: 54.237626 14.103861
97: 54.421140 39.152609
98: 54.453259 53.681938
99: 55.280263 45.616615
Edges
(0,2)
(0,3)
(0,11)
(1,6)
(2,11)
(2,17)
(3,4)
(3,14)
(4,12)
(5,6)
(6,17)
(6,28)
(7,13)
(8,10)
(9,14)
(9,16)
(10,15)
(11,17)
(11,19)
(11,23)
(11,25)
(12,14)
(12,24)
(13,15)
(14,30)
(15,20)
(16,30)
(18,20)
(20,29)
(21,28)
(21,35)
(22,24)
(22,48)
(23,25)
(23,26)
(25,34)
(25,38)
(26,34)
(27,28)
(28,54)
(29,32)
(29,37)
(30,33)
(30,41)
(31,32)
(31,47)
(31,87)
(32,47)
(33,45)
(36,37)
(37,43)
(37,46)
(38,42)
(39,41)
(40,45)
(41,49)
(42,54)
(43,46)
(43,56)
(44,54)
(45,50)
(45,52)
(46,47)
(46,56)
(47,68)
(48,61)
(48,67)
(49,51)
(49,60)
(52,53)
(52,57)
(54,56)
(54,58)
(55,59)
(57,63)
(59,63)
(62,63)
(62,64)
(63,64)
(65,71)
(66,69)
(66,73)
(67,72)
(67,77)
(67,82)
(68,70)
(71,75)
(71,76)
(72,81)
(72,88)
(73,74)
(73,79)
(74,80)
(76,78)
(76,80)
(76,85)
(77,82)
(78,84)
(79,80)
(79,81)
(80,83)
(81,91)
(82,88)
(82,94)
(84,85)
(84,87)
(85,89)
(85,90)
(86,89)
(87,98)
(89,90)
(90,92)
(90,95)
(91,93)
(92,97)
(92,98)
(92,99)
(93,96)
