Nodes: 180
Protection radius: 1.000000
Disaster radius: 0.500000
0: 0.036524 49.037502
1: 0.344520 66.439683
2: 0.858678 22.135972
3: 1.136406 68.588222
4: 1.737730 75.456188
5: 1.783729 18.484463
6: 3.077562 49.253967
7: 3.106130 62.250758
8: 3.208354 3.788638
9: 3.500377 28.080429
10: 4.594098 26.179064
11: 4.784806 70.940619
12: 5.110708 23.525105
13: 5.328120 31.421484
14: 7.142215 39.964536
15: 7.745511 27.991123
16: 9.057114 45.061560
17: 9.400321 21.271239
18: 9.572227 34.521908
19: 11.505291 68.773436
20: 11.736511 15.090532
21: 11.891395 52.635412
22: 12.842340 17.837894
23: 13.306803 63.131978
24: 14.146171 54.334712
25: 14.682107 69.223786
26: 15.465382 49.211502
27: 15.762021 16.609005
28: 15.943119 25.627456
29: 16.055229 61.878413
30: 16.504466 52.587401
31: 16.595328 74.214648
32: 16.661541 36.928186
33: 17.119479 57.613485
34: 17.987177 48.130671
35: 18.674518 59.401766
36: 19.031179 29.234998
37: 19.338266 61.344757
38: 20.030220 66.004138
39: 20.378146 34.939127
40: 20.714006 58.444429
41: 20.979920 63.054290
42: 21.114571 72.021466
43: 21.849257 15.402283
44: 22.026991 5.026493
45: 22.138944 30.179791
46: 23.582776 63.975533
47: 23.773184 81.336819
48: 23.965510 38.422540
49: 23.977020 6.879678
50: 24.494680 8.956235
51: 24.821952 43.803404
52: 24.878558 34.670244
53: 25.196560 58.078860
54: 25.962885 38.275000
55: 26.213901 70.276875
56: 26.623112 2.874136
57: 27.379694 52.363584
58: 27.765300 35.430459
59: 27.982537 31.522479
60: 28.083750 81.611787
61: 29.456153 21.069746
62: 30.477891 81.211431
63: 30.741654 37.442151
64: 31.027402 55.341197
65: 31.030124 74.345427
66: 32.957272 82.390302
67: 33.680937 79.909967
68: 34.261705 45.642653
69: 34.498719 50.579535
70: 35.009311 23.512781
71: 35.666186 28.096240
72: 36.015169 14.383194
73: 36.161837 86.864668
74: 37.097630 68.955606
75: 37.468415 29.631914
76: 37.761981 73.437041
77: 38.017730 55.747837
78: 38.048067 26.640559
79: 38.549866 58.877333
80: 38.653674 77.118889
81: 39.561388 39.328335
82: 39.957264 3.251009
83: 40.381383 51.325404
84: 40.746658 70.502633
85: 40.850890 57.097977
86: 41.263843 26.268162
87: 41.770977 39.954144
88: 44.204024 53.077063
89: 44.443404 43.759468
90: 44.451629 78.872173
91: 45.038519 68.189751
92: 45.458616 1.522555
93: 45.561435 16.088078
94: 45.872341 72.083188
95: 46.445938 21.521657
96: 47.592043 47.101374
97: 48.946499 42.899207
98: 49.408810 37.607305
99: 49.724823 26.344305
100: 49.788627 52.135711
101: 49.793268 33.846621
102: 49.924192 31.291005
103: 50.208024 22.383897
104: 50.412574 65.784204
105: 50.610508 28.786508
106: 52.290891 21.418995
107: 52.410770 61.038953
108: 52.562244 39.745425
109: 54.880374 0.257042
110: 55.314248 85.020003
111: 55.739990 32.133348
112: 56.570072 14.835544
113: 56.733229 39.488972
114: 57.044410 12.747236
115: 57.048940 59.324513
116: 58.694172 70.900272
117: 59.026299 30.274798
118: 60.025847 10.213956
119: 60.340957 28.030307
120: 60.477703 57.885803
121: 60.571701 13.689102
122: 61.210095 2.750531
123: 62.120989 41.693927
124: 62.308654 18.506854
125: 63.113619 79.448110
126: 63.905038 35.210925
127: 64.212445 1.446941
128: 64.276549 46.374551
129: 64.741491 15.993707
130: 64.769021 70.412676
131: 66.447183 41.251789
132: 66.947201 29.625751
133: 66.952938 50.744916
134: 67.015455 79.423598
135: 67.335113 59.884977
136: 67.942818 17.595942
137: 68.582811 22.530079
138: 69.668763 72.535379
139: 69.696484 4.695169
140: 69.914167 45.795256
141: 69.938531 37.504939
142: 70.759675 18.347765
143: 71.000055 30.029928
144: 71.245149 86.815963
145: 71.399286 79.052341
146: 71.557062 42.963308
147: 72.188510 11.120907
148: 72.306118 68.519361
149: 72.464714 51.856669
150: 73.041313 23.268616
151: 73.124124 39.755461
152: 73.483960 56.827979
153: 73.760417 1.425846
154: 74.078202 54.044797
155: 74.159216 42.229921
156: 74.363269 64.411881
157: 74.882482 80.685915
158: 75.033859 84.093511
159: 75.458340 67.588426
160: 75.458546 61.361303
161: 76.426625 3.941863
162: 76.673610 78.701788
163: 77.106326 56.705404
164: 77.572175 14.582854
165: 78.497228 32.495238
166: 78.669416 37.818906
167: 80.471512 4.028489
168: 81.616441 84.201225
169: 81.767625 8.627033
170: 82.866414 55.197380
171: 83.563126 20.547979
172: 84.217796 28.174493
173: 84.485927 84.467139
174: 84.995529 53.166346
175: 85.217492 56.689065
176: 85.520988 42.447158
177: 85.580829 73.077837
178: 85.924063 15.155510
179: 86.332166 30.087269
Edges
(0,9)
(0,13)
(0,14)
(1,3)
(1,4)
(1,7)
(2,5)
(2,8)
(2,9)
(2,12)
(4,11)
(4,31)
(5,12)
(5,17)
(6,7)
(6,14)
(6,16)
(8,44)
(8,56)
(9,13)
(9,15)
(10,12)
(10,15)
(12,15)
(12,17)
(13,14)
(14,16)
(14,18)
(14,32)
(16,21)
(16,26)
(16,32)
(17,28)
(18,28)
(18,36)
(19,23)
(19,25)
(20,22)
(20,27)
(20,44)
(21,23)
(21,30)
(23,24)
(23,25)
(23,33)
(24,33)
(26,34)
(28,36)
(28,43)
(28,61)
(29,33)
(29,37)
(30,33)
(30,34)
(30,40)
(32,34)
(32,39)
(32,48)
(32,51)
(33,40)
(34,51)
(34,57)
(35,37)
(35,40)
(36,39)
(36,45)
(37,40)
(38,46)
(39,48)
(39,52)
(41,53)
(42,47)
(42,55)
(44,49)
(45,61)
(46,55)
(47,55)
(48,51)
(49,50)
(49,56)
(50,56)
(50,72)
(51,54)
(52,54)
(53,57)
(54,58)
(54,63)
(55,74)
(56,72)
(56,82)
(56,92)
(57,69)
(58,63)
(59,61)
(59,63)
(60,66)
(60,73)
(61,72)
(62,65)
(62,66)
(62,67)
(63,68)
(64,69)
(64,77)
(65,74)
(67,73)
(67,80)
(68,69)
(68,81)
(68,83)
(68,87)
(70,78)
(70,86)
(71,75)
(73,90)
(73,110)
(73,144)
(74,79)
(74,84)
(74,91)
(75,78)
(75,81)
(75,86)
(75,87)
(75,101)
(76,80)
(76,84)
(77,83)
(77,85)
(79,85)
(79,91)
(82,93)
(83,88)
(83,89)
(83,96)
(84,94)
(85,88)
(85,91)
(85,104)
(86,101)
(87,98)
(89,97)
(90,110)
(91,94)
(92,109)
(93,95)
(93,112)
(94,116)
(95,103)
(96,97)
(96,100)
(97,100)
(97,113)
(99,102)
(99,103)
(99,106)
(100,107)
(100,115)
(100,128)
(101,102)
(101,108)
(103,106)
(105,106)
(105,111)
(105,117)
(107,115)
(107,116)
(109,114)
(109,127)
(109,153)
(110,144)
(111,113)
(113,128)
(114,121)
(115,120)
(116,130)
(117,119)
(118,129)
(119,126)
(120,128)
(120,135)
(122,139)
(123,128)
(124,136)
(125,144)
(126,132)
(127,139)
(128,140)
(129,136)
(130,134)
(130,135)
(131,140)
(131,146)
(132,141)
(133,135)
(133,140)
(133,152)
(134,144)
(134,145)
(136,137)
(136,142)
(136,147)
(137,143)
(138,148)
(140,149)
(140,155)
(141,151)
(141,165)
(142,147)
(142,150)
(144,158)
(145,157)
(145,158)
(147,161)
(148,162)
(149,152)
(149,154)
(149,174)
(150,164)
(152,160)
(152,163)
(154,163)
(155,166)
(155,176)
(156,159)
(157,158)
(157,162)
(159,162)
(159,177)
(161,167)
(162,168)
(162,177)
(163,170)
(163,175)
(164,169)
(164,178)
(165,166)
(165,172)
(165,179)
(168,177)
(170,175)
(171,172)
(171,178)
(171,179)
(173,177)
(175,176)
(177,179)
(178,179)
