Nodes: 60
Protection radius: 1.000000
Disaster radius: 0.500000
0: 0.222595 32.624559
1: 0.259201 20.968508
2: 1.614593 14.083533
3: 2.223610 10.857572
4: 2.774602 6.318234
5: 2.882981 30.522131
6: 3.693626 25.284898
7: 4.200377 15.725118
8: 4.361921 2.858520
9: 4.712009 19.514909
10: 5.857180 13.675165
11: 6.337630 1.187653
12: 6.448483 26.518451
13: 6.977279 16.282847
14: 8.602438 19.967098
15: 8.867311 1.191184
16: 8.987181 26.643476
17: 8.996105 7.739223
18: 9.227523 23.825849
19: 9.347064 12.881403
20: 10.536624 19.370532
21: 10.570942 5.468948
22: 10.674202 30.414032
23: 11.627979 26.342805
24: 13.657592 8.464145
25: 14.290939 1.850658
26: 14.423691 29.481016
27: 15.254327 5.774406
28: 16.533685 8.527790
29: 17.037040 2.686444
30: 17.355624 25.710439
31: 17.466722 0.446720
32: 17.926075 22.653697
33: 19.155781 29.078556
34: 19.353915 15.174888
35: 19.718540 10.219101
36: 20.127078 26.695819
37: 20.942869 32.384964
38: 21.441318 16.869472
39: 21.765914 24.176396
40: 21.809250 7.136523
41: 23.204401 21.245144
42: 23.504395 10.089905
43: 24.840589 19.139062
44: 26.286928 26.455182
45: 26.458921 7.594989
46: 26.501948 3.660764
47: 26.943213 24.428477
48: 27.183843 17.489990
49: 27.642835 32.243060
50: 28.724076 22.481196
51: 29.258421 26.546129
52: 29.310508 5.213777
53: 29.371203 13.851589
54: 29.907095 3.170736
55: 30.929215 7.971117
56: 31.005708 18.117317
57: 31.420839 13.944134
58: 32.020465 29.685950
59: 32.076056 11.148488
Edges
(0,1)
(0,22)
(0,30)
(0,39)
(1,4)
(2,5)
(2,9)
(2,17)
(2,19)
(2,35)
(3,15)
(3,25)
(4,11)
(5,6)
(5,18)
(7,9)
(8,11)
(10,12)
(12,13)
(13,30)
(13,41)
(14,18)
(16,23)
(16,30)
(17,24)
(17,31)
(17,46)
(19,50)
(20,32)
(20,50)
(21,31)
(22,33)
(22,50)
(25,31)
(26,50)
(27,29)
(27,31)
(28,46)
(34,38)
(36,50)
(37,50)
(38,40)
(38,43)
(40,54)
(42,45)
(42,52)
(43,52)
(43,56)
(44,50)
(46,54)
(47,50)
(48,55)
(49,56)
(51,58)
(53,55)
(55,56)
(55,58)
(55,59)
(57,59)
