Nodes: 180
Protection radius: 1.000000
Disaster radius: 0.500000
0: 0.046133 94.955452
1: 0.863876 18.553165
2: 1.008080 54.968210
3: 1.174424 67.773227
4: 1.633632 90.620752
5: 2.302195 87.486456
6: 2.673782 47.979764
7: 3.244186 69.434137
8: 3.488537 33.325508
9: 3.535417 5.649161
10: 3.772471 67.214859
11: 4.098793 83.624728
12: 5.084258 20.993978
13: 5.859332 94.560648
14: 6.187890 90.470424
15: 6.941672 61.413471
16: 7.610018 64.119325
17: 9.037868 20.355215
18: 10.278363 24.083533
19: 10.393265 30.968764
20: 10.717290 58.328098
21: 12.466904 56.388407
22: 14.219817 22.982175
23: 14.867273 4.558320
24: 14.949096 6.861041
25: 15.875569 30.643692
26: 16.919271 25.426882
27: 17.003563 95.227606
28: 17.576608 80.708172
29: 17.682294 40.218310
30: 18.195324 51.326237
31: 18.220625 35.742048
32: 18.498714 67.537733
33: 18.931443 55.997321
34: 19.272651 73.199941
35: 22.416864 31.757187
36: 22.970328 17.919452
37: 23.075453 42.665422
38: 24.629058 19.847998
39: 24.654489 6.022370
40: 27.904742 70.441706
41: 28.053584 88.180828
42: 28.170929 5.715636
43: 28.517331 27.900528
44: 28.634447 77.982099
45: 28.670017 48.893659
46: 29.197215 57.608843
47: 29.454992 93.151091
48: 31.416196 69.907893
49: 31.704766 90.914831
50: 32.168949 37.294727
51: 32.255383 95.598080
52: 32.390396 86.915307
53: 32.497862 73.581336
54: 33.136323 41.913788
55: 33.308336 58.602258
56: 33.619764 63.592205
57: 34.382466 81.245011
58: 34.982948 75.815306
59: 35.292070 13.644410
60: 35.517844 87.565642
61: 35.661367 57.727243
62: 36.359328 73.089836
63: 36.609255 51.930086
64: 36.991134 26.288596
65: 37.712916 70.878529
66: 38.873613 24.390659
67: 38.971803 35.047754
68: 39.173763 49.386371
69: 39.677314 83.541203
70: 39.821220 7.033756
71: 39.899834 79.436513
72: 40.706987 58.876001
73: 42.110475 22.894740
74: 42.707466 56.836932
75: 43.002419 83.611721
76: 43.565828 38.752247
77: 44.028496 93.440028
78: 44.108281 52.365836
79: 44.301202 89.454592
80: 44.391766 59.396987
81: 46.119642 12.247031
82: 46.449100 26.928108
83: 47.015473 72.123498
84: 48.332100 33.922834
85: 48.837217 21.521228
86: 49.602788 0.294256
87: 49.756773 80.704840
88: 49.845157 56.263785
89: 50.053303 88.051419
90: 50.992240 46.829771
91: 51.206314 37.777437
92: 51.741676 20.342313
93: 52.332969 68.002230
94: 52.757508 17.944520
95: 52.844977 53.993664
96: 53.690270 49.393959
97: 53.856326 10.226408
98: 53.902872 64.356744
99: 54.612733 78.944525
100: 55.327772 70.253757
101: 55.560011 36.489189
102: 56.129535 67.024840
103: 56.204728 89.009274
104: 57.476276 14.248963
105: 59.097471 76.407719
106: 61.112558 63.175117
107: 61.215888 92.648348
108: 61.360192 80.938891
109: 61.773397 32.931512
110: 62.305265 40.223139
111: 63.349169 67.725962
112: 63.985036 71.820206
113: 64.177117 30.789501
114: 64.369442 27.772766
115: 64.582374 64.788521
116: 65.040476 92.564056
117: 65.188260 23.829143
118: 65.771859 87.471346
119: 66.099110 74.078344
120: 66.333875 30.984942
121: 66.813111 18.827245
122: 68.005578 44.046498
123: 68.244139 15.325782
124: 68.497967 19.984489
125: 68.971297 87.030915
126: 69.282813 76.962027
127: 69.552705 25.544963
128: 69.669650 74.052838
129: 69.945558 63.566109
130: 70.193510 84.389719
131: 70.246284 12.854245
132: 70.353624 92.230702
133: 70.575129 22.055477
134: 70.945573 48.268145
135: 70.977771 38.002974
136: 71.913116 35.029081
137: 72.331547 75.293421
138: 74.393482 73.171998
139: 74.540035 83.613595
140: 74.770758 52.801519
141: 75.348011 49.590904
142: 76.348466 12.989266
143: 76.400312 95.241643
144: 76.888404 17.728427
145: 77.475461 33.683044
146: 77.951156 22.836468
147: 78.636664 5.048969
148: 79.480351 20.136527
149: 79.844297 51.640345
150: 80.342390 11.401345
151: 81.051748 1.488628
152: 82.228234 5.690608
153: 82.718757 20.054998
154: 83.191893 53.091325
155: 83.316793 14.797402
156: 84.082035 82.728896
157: 84.637546 66.445361
158: 85.446677 8.380116
159: 85.883148 64.682949
160: 85.936974 23.314193
161: 86.015691 29.046848
162: 86.142914 13.250281
163: 87.163722 16.041697
164: 87.850229 22.120030
165: 88.823049 50.489092
166: 88.928833 81.172969
167: 89.144870 5.157037
168: 89.378620 72.813637
169: 89.625128 40.784037
170: 91.220842 9.661394
171: 91.753106 1.056958
172: 91.831374 42.462344
173: 93.082696 36.281537
174: 93.742027 21.711755
175: 94.027214 19.725291
176: 94.107836 45.603227
177: 94.912460 81.229917
178: 95.187853 41.048628
179: 95.527746 10.613834
Edges
(0,1)
(0,3)
(0,13)
(1,8)
(1,9)
(1,17)
(2,3)
(2,15)
(2,21)
(3,5)
(3,15)
(4,5)
(6,21)
(6,29)
(6,30)
(7,10)
(8,18)
(8,19)
(9,86)
(10,16)
(11,28)
(12,17)
(14,27)
(14,28)
(15,16)
(15,20)
(16,32)
(16,34)
(17,24)
(18,19)
(18,22)
(18,25)
(18,26)
(19,25)
(19,31)
(20,21)
(20,33)
(21,33)
(22,26)
(23,24)
(23,39)
(23,86)
(24,36)
(25,26)
(25,35)
(26,35)
(26,43)
(27,28)
(27,41)
(28,34)
(28,44)
(29,31)
(30,33)
(30,45)
(31,37)
(32,40)
(32,46)
(34,40)
(34,44)
(35,37)
(35,43)
(35,50)
(37,45)
(37,54)
(38,64)
(40,44)
(40,48)
(40,56)
(41,44)
(42,86)
(44,52)
(44,53)
(45,46)
(45,63)
(46,55)
(46,56)
(46,63)
(47,49)
(47,51)
(49,52)
(49,60)
(50,54)
(50,67)
(51,77)
(51,143)
(52,60)
(53,58)
(54,67)
(54,68)
(55,63)
(56,61)
(56,65)
(57,58)
(57,60)
(57,69)
(57,71)
(58,62)
(59,81)
(61,72)
(62,65)
(63,68)
(64,82)
(65,72)
(66,73)
(66,82)
(67,76)
(68,76)
(68,78)
(68,90)
(69,71)
(69,79)
(70,86)
(71,83)
(71,87)
(73,85)
(74,88)
(75,87)
(76,90)
(76,91)
(77,89)
(77,103)
(78,88)
(80,83)
(81,85)
(81,86)
(81,94)
(82,85)
(82,92)
(83,87)
(83,93)
(83,99)
(83,100)
(84,91)
(85,94)
(86,97)
(87,89)
(88,98)
(89,99)
(89,103)
(90,91)
(90,95)
(90,96)
(90,110)
(91,101)
(92,94)
(92,101)
(93,98)
(93,100)
(93,102)
(94,117)
(97,131)
(101,110)
(102,106)
(103,108)
(104,121)
(104,123)
(104,131)
(105,108)
(105,112)
(106,111)
(106,115)
(106,129)
(106,134)
(107,116)
(107,118)
(107,143)
(109,110)
(109,113)
(110,120)
(110,122)
(110,135)
(111,115)
(111,128)
(111,129)
(114,120)
(116,132)
(116,143)
(117,124)
(118,125)
(119,126)
(119,128)
(120,135)
(122,134)
(122,135)
(123,124)
(124,133)
(124,144)
(125,130)
(125,139)
(127,133)
(127,136)
(128,129)
(131,142)
(131,144)
(131,147)
(133,146)
(136,145)
(137,139)
(138,139)
(138,168)
(139,143)
(140,141)
(140,149)
(140,159)
(141,149)
(143,156)
(143,166)
(143,177)
(144,146)
(144,155)
(145,146)
(145,169)
(147,152)
(148,153)
(148,155)
(149,154)
(149,165)
(150,155)
(151,167)
(151,171)
(153,155)
(153,160)
(153,163)
(154,159)
(156,166)
(156,168)
(157,168)
(158,162)
(158,167)
(158,170)
(159,176)
(160,161)
(161,169)
(161,173)
(163,164)
(163,175)
(165,169)
(165,176)
(167,170)
(169,172)
(170,171)
(171,179)
(173,178)
(174,178)
(175,178)
(176,177)
(176,178)
(177,178)
(177,179)
