Nodes: 180
Protection radius: 1.000000
Disaster radius: 0.500000
0: 2.296054 58.376274
1: 4.890046 55.934039
2: 5.098339 64.251474
3: 5.335695 58.940303
4: 5.539409 18.455907
5: 5.563307 0.459019
6: 6.746550 15.752550
7: 7.600204 31.227114
8: 7.788386 38.730229
9: 8.035185 62.390688
10: 8.346765 21.664100
11: 9.544998 16.913015
12: 9.679699 6.140607
13: 9.892749 83.980174
14: 10.258371 53.109267
15: 10.971905 3.375536
16: 11.018551 15.523806
17: 11.241250 76.106216
18: 11.904443 18.628155
19: 12.470445 80.658301
20: 12.482047 52.477841
21: 13.338378 54.496872
22: 13.860449 63.446855
23: 13.916198 32.856837
24: 14.383317 3.325182
25: 15.439103 31.000656
26: 16.039099 64.608149
27: 17.289079 3.532328
28: 18.051449 78.118396
29: 18.239371 81.499992
30: 18.889005 56.391840
31: 19.043306 7.916068
32: 19.314224 28.065929
33: 19.559066 75.046113
34: 20.231346 63.943848
35: 20.855603 46.538696
36: 21.742489 11.637753
37: 21.964825 40.990069
38: 22.238409 69.207796
39: 22.591421 25.665951
40: 22.622248 78.206075
41: 22.685344 44.802781
42: 23.245369 49.440481
43: 23.373435 61.654806
44: 23.776342 5.954988
45: 24.367249 8.985306
46: 24.643291 29.955892
47: 25.044109 72.885307
48: 25.712926 65.224850
49: 26.094127 82.448112
50: 26.564732 52.382762
51: 27.474620 88.760210
52: 28.822481 20.577899
53: 29.326217 89.766567
54: 30.244713 77.731479
55: 31.302062 22.478104
56: 31.942262 71.091391
57: 32.939855 75.482195
58: 33.008856 3.792802
59: 33.649556 31.483242
60: 34.014994 47.712554
61: 34.236016 18.357297
62: 35.386587 62.531964
63: 36.070490 21.728237
64: 36.160495 83.115831
65: 36.491190 78.493801
66: 36.975478 72.197141
67: 37.819804 56.844323
68: 38.460112 67.220192
69: 38.491859 30.558545
70: 38.916724 54.545609
71: 39.384782 88.399040
72: 39.646701 32.254849
73: 39.876451 75.059685
74: 40.136904 34.212934
75: 40.595605 48.681966
76: 40.636423 23.827485
77: 40.651825 60.841417
78: 40.756637 65.093198
79: 41.308720 69.762066
80: 41.566130 87.234476
81: 42.037257 51.525764
82: 42.932843 43.492269
83: 43.705958 84.172480
84: 44.150929 79.687420
85: 45.010127 65.341906
86: 45.617548 17.049058
87: 46.427424 33.536912
88: 46.468087 77.168859
89: 47.061525 26.560593
90: 47.114270 51.670376
91: 47.239484 42.709716
92: 48.039573 46.472942
93: 48.315055 15.148417
94: 49.437596 77.183652
95: 49.551982 89.999533
96: 49.560139 10.451909
97: 49.601013 70.467476
98: 50.126039 33.125564
99: 50.793810 39.852929
100: 50.824497 58.382243
101: 51.174937 37.114719
102: 53.290205 15.509663
103: 53.343246 18.481541
104: 54.489159 4.002444
105: 55.055084 55.531723
106: 55.318565 27.347452
107: 56.593190 83.160141
108: 56.697860 37.641772
109: 56.742975 34.116620
110: 57.059679 28.434003
111: 57.886047 31.919137
112: 57.931420 44.171051
113: 58.659699 40.419647
114: 58.929716 48.449975
115: 59.569149 16.502980
116: 59.757503 51.291042
117: 59.894573 59.207420
118: 59.928620 55.749191
119: 60.311670 81.704508
120: 61.368069 85.164041
121: 61.849566 0.619016
122: 62.516344 17.293815
123: 62.739749 27.101871
124: 62.928796 58.996007
125: 63.287615 61.706117
126: 64.596937 7.232998
127: 64.838545 64.500454
128: 64.930488 34.142852
129: 66.393132 88.102697
130: 66.856279 8.340755
131: 67.187524 73.170656
132: 67.664275 47.052364
133: 67.788310 17.936973
134: 67.909032 50.157973
135: 69.541259 4.828042
136: 70.131275 76.061965
137: 70.752520 19.366216
138: 71.950627 81.707761
139: 72.133116 39.212863
140: 72.596082 73.838514
141: 73.304855 69.541726
142: 73.720266 60.089796
143: 73.933859 7.950463
144: 73.987629 77.534998
145: 75.407800 14.714996
146: 75.822342 22.732985
147: 75.964988 8.061009
148: 76.134007 0.084722
149: 76.365223 69.736517
150: 76.566976 18.033118
151: 76.817276 50.931981
152: 77.055096 26.729612
153: 77.157790 76.410128
154: 78.135231 5.671283
155: 78.793677 13.858800
156: 78.852486 44.603175
157: 79.112817 60.552116
158: 80.490323 33.426623
159: 80.911844 43.710139
160: 81.574842 73.832608
161: 81.818033 23.027769
162: 82.583676 37.005711
163: 82.932384 86.956296
164: 83.695837 67.793252
165: 84.557030 40.393174
166: 84.951321 60.594493
167: 85.099368 50.087683
168: 85.615893 34.482409
169: 85.919805 5.958159
170: 86.692972 79.110659
171: 86.797478 56.801873
172: 86.978558 85.087500
173: 87.274341 7.895408
174: 87.600303 38.412625
175: 87.835951 89.573779
176: 88.463036 4.789462
177: 88.694462 45.307592
178: 88.958276 2.095857
179: 89.092557 82.837102
Edges
(0,1)
(0,3)
(0,5)
(0,7)
(0,8)
(1,3)
(1,8)
(1,14)
(2,3)
(2,9)
(3,21)
(4,10)
(5,24)
(5,27)
(5,148)
(6,12)
(6,16)
(7,8)
(7,10)
(7,23)
(7,25)
(8,14)
(8,23)
(8,35)
(10,25)
(10,32)
(11,18)
(12,15)
(13,17)
(13,29)
(13,51)
(15,24)
(17,19)
(17,22)
(17,33)
(18,36)
(19,28)
(20,21)
(20,30)
(22,26)
(24,31)
(25,37)
(25,46)
(26,38)
(28,33)
(28,40)
(30,35)
(30,42)
(30,43)
(32,39)
(32,46)
(34,38)
(36,45)
(36,52)
(37,41)
(37,59)
(38,48)
(39,46)
(40,47)
(44,58)
(46,59)
(47,48)
(47,56)
(49,51)
(50,60)
(51,53)
(52,55)
(52,61)
(53,64)
(53,95)
(54,57)
(54,65)
(55,63)
(56,66)
(58,86)
(58,121)
(60,67)
(60,74)
(60,82)
(62,67)
(62,68)
(62,77)
(62,78)
(63,69)
(63,86)
(64,65)
(64,71)
(64,83)
(66,73)
(66,79)
(68,78)
(69,72)
(70,75)
(71,80)
(71,95)
(72,87)
(73,79)
(73,88)
(75,81)
(75,82)
(76,86)
(76,89)
(77,81)
(77,90)
(78,79)
(79,88)
(82,87)
(83,84)
(83,94)
(85,100)
(86,89)
(86,93)
(87,89)
(87,98)
(87,99)
(87,101)
(88,97)
(89,103)
(89,106)
(90,100)
(91,99)
(92,99)
(92,112)
(93,96)
(93,102)
(93,103)
(94,95)
(94,119)
(95,107)
(95,175)
(96,102)
(97,100)
(98,106)
(99,108)
(99,113)
(102,104)
(103,115)
(104,115)
(105,118)
(106,109)
(106,123)
(107,119)
(109,111)
(110,123)
(111,128)
(112,114)
(113,128)
(114,116)
(115,126)
(116,132)
(117,125)
(118,134)
(119,120)
(119,131)
(122,126)
(123,128)
(123,133)
(124,125)
(124,134)
(124,142)
(127,141)
(129,138)
(129,163)
(129,175)
(130,133)
(131,140)
(132,156)
(133,137)
(133,145)
(135,143)
(136,138)
(136,144)
(138,144)
(138,153)
(138,163)
(139,152)
(139,156)
(140,141)
(140,144)
(140,149)
(140,153)
(141,142)
(143,147)
(143,148)
(145,147)
(145,150)
(145,155)
(146,150)
(147,155)
(148,154)
(148,169)
(149,160)
(149,164)
(150,155)
(151,157)
(151,171)
(155,161)
(156,162)
(158,161)
(158,162)
(159,165)
(159,167)
(159,177)
(161,168)
(161,173)
(163,172)
(166,171)
(167,171)
(168,174)
(169,176)
(170,179)
(171,179)
(174,177)
(178,179)
