Nodes: 100
Protection radius: 1.000000
Disaster radius: 0.500000
0: 0.250074 24.029986
1: 0.799286 34.215904
2: 0.841240 31.629504
3: 0.872060 0.780984
4: 1.674328 37.543974
5: 1.900763 29.109190
6: 2.758274 35.227595
7: 3.480939 27.186552
8: 3.506105 8.862879
9: 3.763092 3.399073
10: 4.647754 32.902359
11: 4.693056 30.260064
12: 5.035474 51.125305
13: 5.472791 21.556316
14: 6.738695 28.961335
15: 7.067478 2.293064
16: 7.099810 35.894614
17: 7.109426 45.906274
18: 7.673961 22.090592
19: 8.141235 41.437902
20: 8.404104 52.061979
21: 9.441048 19.409040
22: 9.643863 28.156383
23: 11.349350 25.853453
24: 12.435049 7.200313
25: 12.505309 31.499757
26: 13.907871 17.538707
27: 14.058463 2.742004
28: 14.404871 52.935141
29: 14.495287 19.572787
30: 14.795905 39.238714
31: 14.902871 25.276814
32: 15.600112 4.375404
33: 15.734109 44.660252
34: 16.745058 2.512395
35: 17.442838 7.554060
36: 18.012870 13.168669
37: 18.047679 25.532242
38: 19.008499 42.961017
39: 19.465328 40.746489
40: 19.654256 49.972268
41: 19.779074 7.204558
42: 20.980982 20.923777
43: 21.271712 23.684212
44: 21.795477 10.459363
45: 22.641103 32.204125
46: 22.971203 38.275759
47: 23.376051 26.565138
48: 23.470683 23.903277
49: 24.691001 21.714065
50: 25.512224 37.437008
51: 26.038670 11.677381
52: 28.018818 8.413023
53: 28.274246 6.082264
54: 29.337923 11.985571
55: 29.397139 51.522598
56: 30.410640 37.094751
57: 31.310302 5.493862
58: 31.552577 47.265381
59: 33.280886 32.214123
60: 33.421903 37.119890
61: 33.792820 50.094862
62: 34.740612 28.654943
63: 35.089324 21.323415
64: 35.270956 40.605660
65: 35.505216 18.978648
66: 35.570186 47.877456
67: 35.599575 33.486291
68: 36.041837 24.236953
69: 36.320604 7.205795
70: 37.537219 37.479158
71: 38.982278 49.714945
72: 39.351394 19.172161
73: 40.456420 0.682980
74: 40.788154 14.013870
75: 41.142837 50.463076
76: 41.421699 27.903062
77: 42.902210 13.771594
78: 43.014368 21.197032
79: 44.260063 35.888609
80: 44.679471 19.077729
81: 44.704403 3.106661
82: 45.002761 28.227926
83: 45.847276 32.901291
84: 46.218393 39.716261
85: 47.009019 0.880611
86: 47.075223 22.932009
87: 47.714304 11.395475
88: 48.481160 36.049027
89: 49.743230 40.630395
90: 50.175624 0.696025
91: 50.232858 18.916980
92: 50.860523 22.772066
93: 51.089758 2.810080
94: 51.585028 38.177417
95: 51.819339 45.535413
96: 52.526394 15.864447
97: 52.759243 4.378165
98: 53.423473 43.010010
99: 53.728423 32.145599
Edges
(0,2)
(0,5)
(0,7)
(0,8)
(1,6)
(1,12)
(3,8)
(4,6)
(6,16)
(7,13)
(7,14)
(7,18)
(8,9)
(8,15)
(8,21)
(10,16)
(11,14)
(14,16)
(14,18)
(15,24)
(16,19)
(16,30)
(17,20)
(17,33)
(18,23)
(19,30)
(20,33)
(21,26)
(21,29)
(22,25)
(25,30)
(25,45)
(26,29)
(26,36)
(27,32)
(28,33)
(28,75)
(30,46)
(31,37)
(32,34)
(32,41)
(33,38)
(34,57)
(35,44)
(36,42)
(36,44)
(36,51)
(37,42)
(38,39)
(40,55)
(41,52)
(42,49)
(43,47)
(43,48)
(44,51)
(44,52)
(45,46)
(45,47)
(45,59)
(46,50)
(49,54)
(49,62)
(49,63)
(49,65)
(50,58)
(51,54)
(52,53)
(54,57)
(54,65)
(54,74)
(55,58)
(56,59)
(56,60)
(57,73)
(58,61)
(58,64)
(61,66)
(64,66)
(64,84)
(65,72)
(66,71)
(67,79)
(68,72)
(68,76)
(69,74)
(70,84)
(71,75)
(73,85)
(74,77)
(74,80)
(75,95)
(76,78)
(76,82)
(77,81)
(78,80)
(78,82)
(79,83)
(79,84)
(81,85)
(82,83)
(82,92)
(82,99)
(86,91)
(86,92)
(87,96)
(87,97)
(88,94)
(88,99)
(89,95)
(89,98)
(90,97)
(91,96)
(92,96)
(93,97)
(94,99)
(96,99)
(97,99)
(98,99)
