Nodes: 140
Protection radius: 1.000000
Disaster radius: 0.500000
0: 1.295679 21.612008
1: 2.506640 10.815303
2: 3.297991 65.485333
3: 3.378364 17.464490
4: 4.456978 32.341368
5: 4.956876 23.714514
6: 5.145081 4.980587
7: 5.360934 43.420370
8: 5.673096 38.966266
9: 6.708636 32.494345
10: 6.740698 18.994083
11: 7.406395 35.789374
12: 8.236848 64.242984
13: 10.371642 53.325973
14: 10.752993 4.776110
15: 10.839135 36.113325
16: 11.928033 50.065027
17: 12.133259 54.777154
18: 12.268686 70.290741
19: 12.997036 36.312127
20: 13.066126 10.508633
21: 13.797020 7.137293
22: 14.194174 18.023001
23: 14.426513 15.458827
24: 15.916066 9.044571
25: 15.931623 0.087805
26: 16.374630 42.136750
27: 16.384535 28.594136
28: 16.746238 15.940529
29: 17.317194 20.184027
30: 17.713251 47.426772
31: 18.823102 15.375284
32: 19.535104 69.871578
33: 19.545070 28.973061
34: 19.584467 8.369428
35: 20.318746 50.597777
36: 20.949204 26.568727
37: 21.097935 19.823834
38: 21.353634 16.977473
39: 21.369727 23.078787
40: 22.512577 31.073925
41: 23.560385 39.234055
42: 23.844639 45.968638
43: 23.958873 32.849531
44: 24.985101 37.299561
45: 25.484454 61.400891
46: 25.566130 13.929457
47: 25.674999 33.881553
48: 26.214554 52.658745
49: 26.682798 59.057309
50: 26.828744 46.758961
51: 27.202161 27.129622
52: 28.782545 58.869535
53: 28.903828 43.208496
54: 29.019710 69.679209
55: 29.898780 23.957959
56: 30.428440 16.385011
57: 31.218275 19.386970
58: 31.492337 30.608069
59: 32.108235 49.493005
60: 33.144020 4.039287
61: 33.455984 32.620122
62: 33.605333 28.118892
63: 34.223147 0.314927
64: 34.467645 63.347334
65: 34.934612 21.705326
66: 36.499860 19.791140
67: 36.862758 46.838088
68: 37.217312 3.536511
69: 39.245868 9.798542
70: 39.290644 66.497138
71: 39.472842 46.156710
72: 39.780429 23.486936
73: 41.259379 60.734613
74: 42.353253 41.058133
75: 42.451678 0.962268
76: 43.378265 23.332393
77: 43.458486 72.464634
78: 43.461997 39.080174
79: 43.952307 35.406226
80: 44.536130 17.383580
81: 45.329097 61.290660
82: 45.511119 69.800738
83: 46.617337 12.834752
84: 47.156147 72.972459
85: 47.444895 63.954322
86: 47.514149 69.555414
87: 47.603483 9.527649
88: 48.044151 66.877385
89: 49.582681 16.512218
90: 49.895477 44.942574
91: 49.901120 1.093634
92: 50.102705 27.888812
93: 50.919018 14.069015
94: 51.214074 47.436737
95: 51.935292 17.860834
96: 52.285485 39.275470
97: 52.824733 43.290459
98: 54.526139 23.213411
99: 54.812802 18.853427
100: 55.374663 58.269319
101: 55.643522 55.620498
102: 56.015997 53.347777
103: 56.080100 28.046628
104: 56.640764 17.332521
105: 56.924897 32.662304
106: 59.004887 72.080863
107: 59.157009 53.230971
108: 59.394695 58.463190
109: 59.459497 15.969323
110: 59.470990 63.169499
111: 59.737885 20.900792
112: 59.805381 13.079491
113: 60.007518 49.193259
114: 60.475362 5.218984
115: 61.120753 2.295745
116: 61.531995 24.300738
117: 61.999701 48.451826
118: 64.118158 33.379871
119: 64.229619 5.865996
120: 64.726497 72.526053
121: 65.188373 68.756356
122: 65.327142 59.460142
123: 65.837219 28.385783
124: 66.280199 26.226357
125: 66.629420 66.531261
126: 67.394988 59.126116
127: 67.516006 0.321241
128: 68.187755 5.255208
129: 68.424707 74.258704
130: 68.427953 25.850972
131: 69.313539 46.786727
132: 69.434854 69.602679
133: 70.113003 51.239887
134: 71.530613 43.144852
135: 71.539262 74.986635
136: 72.617941 58.295944
137: 72.795643 64.327468
138: 72.854056 7.315762
139: 74.755640 56.344643
Edges
(0,1)
(0,6)
(0,14)
(0,20)
(0,25)
(2,13)
(2,17)
(2,35)
(2,48)
(3,6)
(4,5)
(4,7)
(4,8)
(4,16)
(4,17)
(4,42)
(5,15)
(5,27)
(6,14)
(7,17)
(8,17)
(9,15)
(10,39)
(11,42)
(12,48)
(12,67)
(12,71)
(15,39)
(15,42)
(15,56)
(15,68)
(15,72)
(17,30)
(18,54)
(18,84)
(19,41)
(19,42)
(19,43)
(19,58)
(20,21)
(20,23)
(20,39)
(22,23)
(22,29)
(22,39)
(23,29)
(24,31)
(24,37)
(24,63)
(25,127)
(26,30)
(26,35)
(28,39)
(30,35)
(31,39)
(32,49)
(33,65)
(34,37)
(35,42)
(35,48)
(36,56)
(37,60)
(38,46)
(40,72)
(41,44)
(41,47)
(42,44)
(42,48)
(42,53)
(42,62)
(42,72)
(42,76)
(43,72)
(45,49)
(46,63)
(48,76)
(48,93)
(49,54)
(49,71)
(50,53)
(50,76)
(51,65)
(52,54)
(52,71)
(52,77)
(55,68)
(56,57)
(56,68)
(57,68)
(59,79)
(59,89)
(59,93)
(60,68)
(61,93)
(63,68)
(64,70)
(64,73)
(64,77)
(65,66)
(65,68)
(66,68)
(69,72)
(69,75)
(71,78)
(71,79)
(71,95)
(71,115)
(73,74)
(73,78)
(74,78)
(75,91)
(77,78)
(78,81)
(78,82)
(78,96)
(78,99)
(79,93)
(79,95)
(80,87)
(80,91)
(80,93)
(81,103)
(82,103)
(83,87)
(84,85)
(84,86)
(84,101)
(84,103)
(84,131)
(85,94)
(86,97)
(87,93)
(88,97)
(89,93)
(90,96)
(91,93)
(92,96)
(97,103)
(98,103)
(98,111)
(99,111)
(100,102)
(100,108)
(101,103)
(102,103)
(102,105)
(104,109)
(104,111)
(104,112)
(106,110)
(106,129)
(107,111)
(107,114)
(108,114)
(108,131)
(109,112)
(110,131)
(110,132)
(113,114)
(113,116)
(113,117)
(113,123)
(113,124)
(113,130)
(113,131)
(114,119)
(114,127)
(116,119)
(116,124)
(116,127)
(116,130)
(117,130)
(118,124)
(120,129)
(121,129)
(121,132)
(122,125)
(122,126)
(122,131)
(125,131)
(126,131)
(127,128)
(127,130)
(128,137)
(129,135)
(130,135)
(130,137)
(133,135)
(134,136)
(136,138)
(137,138)
(138,139)
