Nodes: 100
Protection radius: 1.000000
Disaster radius: 0.500000
0: 0.061265 56.857537
1: 1.429790 12.858742
2: 2.010034 0.054118
3: 2.112199 51.825605
4: 2.341586 10.516915
5: 2.607138 33.923320
6: 2.981118 30.091073
7: 3.145414 5.480315
8: 5.220661 10.908139
9: 6.501846 38.617695
10: 7.030203 52.973462
11: 7.445831 5.322704
12: 8.259880 32.883789
13: 9.018128 52.232199
14: 10.194959 54.123942
15: 10.476043 20.131545
16: 10.742469 47.435143
17: 11.437850 27.621149
18: 12.141131 57.597043
19: 12.280207 35.070810
20: 14.244678 7.897989
21: 14.458315 22.248966
22: 15.468781 52.833696
23: 15.485148 6.217644
24: 15.759936 39.628433
25: 17.216035 42.100520
26: 17.644444 14.677605
27: 18.019345 51.710849
28: 18.557777 47.188386
29: 19.016233 21.236582
30: 19.693626 14.680804
31: 20.325494 22.756250
32: 20.361535 39.565333
33: 21.310505 8.961424
34: 21.353205 31.753085
35: 21.988896 3.060256
36: 22.374511 34.457258
37: 22.928150 12.250861
38: 23.019408 37.167272
39: 24.023837 26.437669
40: 24.043548 56.464631
41: 24.158303 1.763292
42: 24.531359 35.546553
43: 25.014011 46.451191
44: 25.435498 24.410608
45: 25.653537 4.704195
46: 26.124638 17.769970
47: 26.731394 50.425020
48: 27.667302 8.712751
49: 27.731915 53.922190
50: 28.702660 0.529712
51: 30.676890 43.456653
52: 30.990025 57.710653
53: 31.822593 52.888194
54: 32.387951 45.531639
55: 33.120563 12.877745
56: 33.455853 17.688761
57: 33.795795 6.208889
58: 34.034586 52.306854
59: 34.093788 26.650686
60: 35.107708 23.057929
61: 36.327795 3.633669
62: 36.353008 40.546674
63: 37.587984 17.541654
64: 37.848539 54.767267
65: 38.100778 46.631283
66: 38.328348 24.970794
67: 39.152876 8.050494
68: 39.644772 16.633370
69: 39.682551 33.461122
70: 40.320724 26.577545
71: 40.399964 49.399479
72: 40.409675 11.447033
73: 40.607987 40.404441
74: 43.472641 36.196530
75: 44.180342 11.942268
76: 44.294511 7.278503
77: 45.201996 2.776690
78: 45.536454 17.653425
79: 46.834905 20.585675
80: 47.023344 15.888105
81: 47.157649 12.803304
82: 48.614812 57.011771
83: 49.282557 5.216989
84: 49.981569 30.462035
85: 50.227357 43.703461
86: 50.248642 9.343033
87: 51.043907 6.632900
88: 51.243970 23.185650
89: 51.261078 33.913417
90: 53.370205 57.542437
91: 54.271835 54.762462
92: 55.083544 28.034361
93: 55.202354 7.861948
94: 55.238879 37.491871
95: 55.750152 57.632940
96: 56.167253 16.251194
97: 57.218758 53.889451
98: 57.307378 33.658008
99: 57.523119 44.224985
Edges
(0,1)
(0,3)
(0,10)
(1,4)
(1,8)
(1,15)
(2,7)
(2,23)
(3,9)
(3,16)
(5,6)
(6,15)
(7,8)
(10,13)
(10,14)
(11,23)
(12,17)
(14,18)
(15,17)
(16,24)
(16,28)
(17,31)
(18,52)
(19,24)
(19,34)
(19,36)
(20,23)
(20,26)
(20,33)
(21,26)
(22,40)
(23,35)
(25,32)
(27,40)
(29,31)
(30,33)
(30,37)
(32,36)
(32,43)
(33,48)
(35,41)
(36,42)
(37,46)
(38,42)
(39,42)
(40,52)
(42,62)
(42,69)
(43,47)
(43,54)
(44,46)
(45,57)
(46,56)
(48,55)
(49,52)
(50,57)
(51,62)
(52,58)
(52,64)
(52,95)
(53,58)
(55,57)
(55,63)
(56,60)
(59,69)
(61,77)
(65,71)
(65,73)
(66,70)
(67,72)
(68,75)
(68,78)
(69,70)
(69,73)
(69,84)
(71,85)
(72,75)
(73,74)
(74,89)
(75,81)
(76,77)
(76,83)
(78,79)
(78,80)
(79,84)
(79,88)
(82,85)
(82,90)
(83,93)
(85,94)
(85,99)
(86,93)
(86,96)
(87,93)
(89,98)
(91,97)
(92,96)
(96,98)
(97,99)
