Nodes: 100
Protection radius: 1.000000
Disaster radius: 0.500000
0: 0.344630 29.662695
1: 0.690764 14.105316
2: 1.038125 18.730876
3: 2.058461 40.905855
4: 2.350970 49.491254
5: 3.399856 5.348493
6: 3.441924 27.805326
7: 3.451201 38.218110
8: 3.774063 10.030199
9: 4.224527 30.438405
10: 4.386495 46.660565
11: 4.722992 35.164688
12: 6.769184 4.175607
13: 6.813120 0.012111
14: 7.050638 8.274094
15: 8.480406 45.157156
16: 9.024942 16.320854
17: 9.378564 34.870305
18: 11.243372 20.379515
19: 11.880805 32.318160
20: 12.696648 52.280515
21: 12.815728 40.775558
22: 13.103622 6.687390
23: 13.106338 1.213173
24: 13.437622 54.323269
25: 13.700996 15.788592
26: 14.691184 45.250936
27: 15.213963 19.449282
28: 16.392745 37.706006
29: 17.782578 26.175789
30: 17.991907 17.998299
31: 18.741963 13.863758
32: 19.100215 29.328081
33: 20.513760 19.751248
34: 21.295852 40.971744
35: 21.569096 51.514806
36: 21.777773 33.635467
37: 21.929119 38.791923
38: 22.383600 16.011504
39: 22.778363 8.160558
40: 22.953168 11.339511
41: 23.061454 18.793680
42: 23.150341 49.768985
43: 23.554724 40.556038
44: 24.060197 26.599721
45: 25.040959 11.934136
46: 25.976195 44.144886
47: 27.038548 46.998783
48: 27.118415 39.524903
49: 27.850041 13.705747
50: 28.578861 29.483160
51: 28.920444 45.031124
52: 29.052562 6.181053
53: 29.363132 15.346814
54: 29.751498 49.792045
55: 30.259700 3.795831
56: 31.648109 19.789301
57: 31.719059 38.122869
58: 31.933475 26.104840
59: 33.840744 50.933001
60: 34.264082 22.849577
61: 34.484832 48.102413
62: 36.469914 42.161669
63: 36.989244 6.070455
64: 37.375702 17.753512
65: 37.612733 3.539620
66: 37.848172 37.255720
67: 38.180158 33.621206
68: 39.025860 7.367167
69: 40.452610 8.847851
70: 40.830538 4.128149
71: 41.311639 52.912332
72: 41.320926 29.491027
73: 42.069489 34.137994
74: 42.298552 41.143374
75: 42.483850 9.119165
76: 43.037836 12.919162
77: 43.192475 21.907264
78: 44.296228 43.521975
79: 44.312036 24.551762
80: 44.701686 26.571989
81: 45.150524 12.104826
82: 45.324979 16.252088
83: 45.349233 31.841407
84: 46.403586 9.054482
85: 47.326954 16.880401
86: 47.814523 49.003979
87: 48.121761 30.195778
88: 49.074714 6.337135
89: 49.725865 47.679076
90: 49.810833 12.437482
91: 50.603171 19.046743
92: 51.402520 25.539520
93: 52.347277 28.284724
94: 52.411100 49.685892
95: 52.868605 35.728523
96: 53.077510 1.438000
97: 53.080154 41.617092
98: 54.366465 11.836182
99: 55.832178 44.134407
Edges
(0,2)
(0,3)
(0,4)
(1,8)
(2,6)
(3,7)
(4,20)
(5,12)
(5,13)
(5,14)
(6,9)
(8,14)
(8,16)
(9,17)
(9,19)
(10,15)
(11,17)
(15,20)
(16,18)
(16,25)
(18,27)
(19,29)
(20,26)
(21,26)
(21,28)
(22,31)
(22,39)
(23,65)
(24,35)
(24,71)
(26,42)
(27,29)
(27,30)
(27,33)
(28,32)
(28,34)
(28,37)
(31,40)
(33,44)
(34,43)
(35,59)
(36,50)
(37,48)
(38,45)
(38,49)
(39,55)
(41,49)
(41,53)
(42,54)
(44,56)
(46,47)
(47,54)
(49,52)
(50,57)
(50,58)
(51,54)
(51,57)
(51,61)
(53,64)
(55,63)
(55,65)
(57,66)
(58,67)
(60,64)
(60,72)
(61,62)
(64,68)
(64,77)
(65,68)
(66,74)
(69,70)
(69,75)
(69,76)
(70,88)
(71,78)
(72,83)
(73,74)
(74,95)
(76,81)
(77,85)
(78,86)
(79,80)
(79,92)
(81,85)
(81,90)
(82,85)
(83,95)
(84,88)
(86,89)
(87,95)
(89,99)
(90,91)
(91,92)
(91,98)
(92,93)
(94,99)
(96,98)
(97,99)
(98,99)
