Nodes: 20
Protection radius: 1.000000
Disaster radius: 0.500000
0: 0.160696 1.945796
1: 0.199225 4.331958
2: 0.634644 10.119415
3: 2.423268 6.887766
4: 2.765640 1.575154
5: 2.768756 13.089191
6: 3.841794 10.166573
7: 5.357566 3.957552
8: 7.240980 7.738682
9: 7.477904 10.762352
10: 7.993596 3.676450
11: 8.097249 1.265604
12: 9.209731 12.085228
13: 9.503539 9.302541
14: 10.088525 6.894277
15: 10.265726 0.105152
16: 10.316702 13.930319
17: 12.871078 4.550395
18: 12.999216 2.369821
19: 13.019510 10.538754
Edges
(0,1)
(1,2)
(2,6)
(3,6)
(4,7)
(4,15)
(5,9)
(5,12)
(6,9)
(7,8)
(8,9)
(8,13)
(8,14)
(9,12)
(9,13)
(10,11)
(10,15)
(12,16)
(13,19)
(14,19)
(17,18)
(17,19)
