Nodes: 100
Protection radius: 1.000000
Disaster radius: 0.500000
0: 0.051844 42.309585
1: 0.318039 0.391496
2: 1.730283 51.710995
3: 1.734476 36.926226
4: 2.008670 3.950792
5: 2.302061 23.395600
6: 4.125404 4.248488
7: 4.619668 7.910958
8: 5.021166 17.740732
9: 5.884152 19.586624
10: 6.158072 42.825604
11: 6.460303 27.675653
12: 6.938621 4.758838
13: 7.862946 44.830311
14: 8.711728 3.791003
15: 8.768090 51.234266
16: 8.861669 34.586977
17: 8.874801 6.170812
18: 9.029004 29.346927
19: 9.182447 8.926645
20: 9.278354 14.351097
21: 11.065768 49.544901
22: 11.392815 17.736470
23: 11.495419 14.668374
24: 11.562209 52.154149
25: 11.671228 22.035843
26: 12.019240 2.921400
27: 12.616621 0.414967
28: 13.249293 28.671784
29: 13.794598 20.896297
30: 13.978763 9.240682
31: 14.571246 24.449478
32: 15.300073 30.973783
33: 15.584057 43.150042
34: 15.868094 28.924930
35: 16.011503 21.037196
36: 16.193002 7.644009
37: 16.538977 11.959786
38: 18.290970 15.550789
39: 18.689804 12.987086
40: 18.809529 30.788519
41: 19.429970 19.412101
42: 19.449810 1.402050
43: 20.256452 22.789788
44: 20.913230 36.819766
45: 21.390579 33.377051
46: 22.042219 27.373533
47: 22.262055 21.124444
48: 22.499570 49.676907
49: 22.732745 7.424972
50: 23.461747 42.941324
51: 23.697585 35.981215
52: 24.534634 14.424085
53: 24.915447 52.108732
54: 26.298082 41.145251
55: 26.663115 36.238187
56: 27.194647 0.481492
57: 27.665766 26.786713
58: 28.154437 30.517740
59: 29.063280 17.448043
60: 29.974874 52.899476
61: 30.259065 41.167143
62: 30.294933 3.319506
63: 32.281025 18.214086
64: 32.665835 8.873500
65: 33.137929 20.321238
66: 34.281216 37.272199
67: 34.585066 46.570379
68: 35.008170 8.004320
69: 36.316514 25.939602
70: 36.783251 22.910637
71: 36.808660 45.723802
72: 37.341193 13.898022
73: 37.626187 42.764874
74: 38.865773 25.861461
75: 40.188978 13.567333
76: 40.486674 32.058822
77: 40.757789 45.674031
78: 40.849104 7.471450
79: 42.051819 48.198759
80: 42.840800 51.602014
81: 43.159309 43.355619
82: 43.816263 5.501613
83: 45.123696 47.360631
84: 45.552022 12.789357
85: 45.626155 35.523584
86: 45.926274 44.228044
87: 46.160423 0.906568
88: 46.741404 49.040169
89: 48.294337 36.368284
90: 48.480397 20.575262
91: 48.653633 16.858009
92: 48.714516 5.053376
93: 48.729833 40.192051
94: 48.886587 51.404975
95: 49.333092 42.983397
96: 50.861975 44.883459
97: 51.218111 23.844859
98: 51.304451 1.449830
99: 51.382826 26.308274
Edges
(0,1)
(1,3)
(1,12)
(2,5)
(4,5)
(4,7)
(4,10)
(4,15)
(6,33)
(7,8)
(7,9)
(7,11)
(7,16)
(7,18)
(8,15)
(9,21)
(12,14)
(12,22)
(13,15)
(14,19)
(16,24)
(17,19)
(19,27)
(19,29)
(19,35)
(20,22)
(20,25)
(21,24)
(22,28)
(22,33)
(22,34)
(22,53)
(23,35)
(24,33)
(25,33)
(26,27)
(27,30)
(27,35)
(27,37)
(27,42)
(27,49)
(28,33)
(29,31)
(31,43)
(31,44)
(32,48)
(33,48)
(36,37)
(37,38)
(37,39)
(37,41)
(37,43)
(38,39)
(39,41)
(40,43)
(41,43)
(42,59)
(42,62)
(44,49)
(45,46)
(45,47)
(46,53)
(46,54)
(47,55)
(48,53)
(49,52)
(49,55)
(49,58)
(49,59)
(50,53)
(51,54)
(54,67)
(56,84)
(56,87)
(57,59)
(60,94)
(61,62)
(62,67)
(63,64)
(64,67)
(65,67)
(66,71)
(66,72)
(66,99)
(67,71)
(67,80)
(67,88)
(67,95)
(68,84)
(69,76)
(70,74)
(71,89)
(72,74)
(73,85)
(73,99)
(74,75)
(75,84)
(75,90)
(76,90)
(77,83)
(77,88)
(77,95)
(78,82)
(79,80)
(81,93)
(82,90)
(82,97)
(83,88)
(85,89)
(86,94)
(87,91)
(89,93)
(91,97)
(91,98)
(92,98)
(94,96)
(94,99)
