Nodes: 60
Protection radius: 1.000000
Disaster radius: 0.500000
0: 0.026126 27.841532
1: 0.546666 23.281007
2: 0.728762 10.377842
3: 1.293407 0.544800
4: 2.224082 7.421639
5: 2.498388 25.787511
6: 3.436718 18.391067
7: 3.444427 12.108163
8: 3.572913 14.337695
9: 4.285107 31.077813
10: 5.246938 20.585990
11: 5.420268 11.107253
12: 5.569990 24.058243
13: 5.882002 2.685779
14: 6.317493 13.187792
15: 7.804072 9.868870
16: 8.836626 5.621843
17: 9.081952 22.275695
18: 9.634870 19.274437
19: 9.878783 30.853344
20: 10.402142 14.259022
21: 10.734072 11.242790
22: 10.814464 27.380483
23: 12.282061 7.009631
24: 13.498667 16.104463
25: 13.553383 30.908802
26: 14.067487 26.606002
27: 15.467102 18.576288
28: 15.904808 1.409073
29: 16.723299 13.815322
30: 16.749346 5.834782
31: 17.244411 30.079182
32: 18.692099 17.391312
33: 18.995900 25.741971
34: 19.341748 20.918254
35: 19.658309 30.710754
36: 20.079890 15.133730
37: 20.393514 6.937436
38: 20.982287 27.297592
39: 21.236960 0.380871
40: 21.415590 2.734489
41: 22.124965 15.516872
42: 22.811644 28.457796
43: 23.049272 7.928251
44: 23.633577 5.808108
45: 24.156781 11.525040
46: 24.819784 17.296012
47: 26.473573 7.410632
48: 26.495693 10.125872
49: 26.658770 19.741205
50: 27.341795 4.353810
51: 27.517184 29.951070
52: 27.842392 14.502220
53: 28.596168 21.342815
54: 29.265593 16.565875
55: 30.224787 2.595596
56: 30.510525 8.895270
57: 31.091625 29.814875
58: 31.304350 14.154003
59: 31.999141 1.402588
Edges
(0,1)
(1,2)
(1,5)
(1,10)
(2,7)
(3,28)
(4,7)
(4,15)
(6,8)
(7,8)
(9,12)
(9,25)
(10,18)
(11,15)
(12,22)
(13,16)
(14,21)
(15,23)
(16,23)
(17,22)
(18,20)
(18,27)
(19,22)
(21,24)
(24,27)
(25,31)
(26,31)
(27,34)
(28,30)
(28,39)
(28,40)
(29,30)
(29,37)
(31,33)
(32,36)
(33,34)
(34,38)
(35,38)
(35,51)
(36,37)
(36,41)
(37,43)
(38,49)
(41,46)
(42,53)
(43,45)
(43,47)
(44,47)
(45,52)
(47,48)
(48,56)
(49,53)
(50,55)
(53,54)
(53,58)
(55,56)
(56,59)
(57,58)
(57,59)
