Nodes: 100
Protection radius: 1.000000
Disaster radius: 0.500000
0: 0.435988 26.384816
1: 0.900197 58.835115
2: 1.234931 24.115912
3: 2.066191 27.855172
4: 2.151909 30.845835
5: 2.366530 9.886332
6: 3.580275 38.452655
7: 4.554645 20.912701
8: 5.306488 3.647084
9: 5.505128 31.295314
10: 6.027955 52.438995
11: 6.079784 5.497335
12: 7.275747 18.814911
13: 7.305994 11.226217
14: 8.105331 55.963695
15: 8.636570 46.586416
16: 9.425013 4.569214
17: 9.689423 19.114200
18: 10.068481 23.168676
19: 10.456060 55.788904
20: 11.252999 29.055433
21: 11.573436 26.750300
22: 11.735051 53.146621
23: 12.692497 57.026069
24: 13.205711 0.718906
25: 13.338441 21.159083
26: 14.583662 2.601682
27: 16.554518 14.958256
28: 16.858956 46.814215
29: 18.546171 25.965329
30: 20.638910 41.043128
31: 21.032913 55.510059
32: 21.601004 24.254733
33: 22.925545 5.953035
34: 23.260360 8.716224
35: 24.080737 29.728624
36: 24.619817 32.606349
37: 25.155099 16.097678
38: 25.835346 25.449464
39: 25.898365 54.320564
40: 26.461355 45.176632
41: 26.475551 41.804208
42: 26.975626 23.666583
43: 27.668559 5.648207
44: 28.027300 1.096408
45: 28.116250 17.838580
46: 28.497007 25.840484
47: 29.226924 8.681592
48: 29.648541 4.110635
49: 30.680115 26.144038
50: 30.887342 50.054806
51: 32.306432 9.378582
52: 32.646603 36.924288
53: 32.703335 11.922686
54: 32.937797 33.716420
55: 33.109880 28.735374
56: 34.681880 20.892127
57: 35.511194 13.570112
58: 35.693418 5.927389
59: 35.703317 18.265569
60: 35.851661 30.751708
61: 35.890010 45.276675
62: 37.372151 20.716109
63: 38.106595 17.043282
64: 38.146595 37.111797
65: 38.298534 13.946001
66: 38.730041 7.462801
67: 40.290034 51.056363
68: 40.558044 10.032699
69: 41.070912 32.080198
70: 41.206041 53.291438
71: 41.812699 20.827344
72: 41.914342 3.807046
73: 43.096407 0.331447
74: 43.222957 18.745666
75: 43.377210 29.137356
76: 46.235708 1.222307
77: 46.302870 34.498981
78: 46.378227 23.528857
79: 47.235784 49.756336
80: 47.794990 52.444528
81: 48.341574 57.240252
82: 49.478968 5.941116
83: 49.904924 31.587526
84: 49.913673 52.562273
85: 50.029482 19.615841
86: 51.036083 25.313944
87: 51.204064 38.901197
88: 52.755331 48.593803
89: 53.257091 52.724962
90: 53.395207 28.525818
91: 53.443868 15.241235
92: 54.091138 56.064152
93: 54.501557 34.606908
94: 54.550333 22.451454
95: 55.163955 19.665917
96: 55.502376 58.011061
97: 57.357517 15.762548
98: 57.581251 10.481258
99: 57.680130 7.337924
Edges
(0,10)
(0,11)
(0,12)
(0,17)
(0,33)
(1,14)
(1,70)
(2,11)
(3,17)
(4,9)
(4,10)
(5,8)
(6,9)
(6,17)
(6,44)
(7,13)
(7,33)
(7,44)
(8,24)
(11,24)
(13,16)
(14,23)
(14,28)
(14,34)
(14,39)
(14,80)
(15,20)
(16,24)
(16,44)
(18,25)
(18,44)
(19,31)
(19,80)
(20,34)
(21,34)
(22,50)
(23,31)
(23,70)
(24,26)
(24,73)
(27,44)
(28,29)
(28,40)
(28,44)
(28,52)
(28,67)
(28,89)
(29,32)
(30,37)
(30,42)
(30,44)
(30,47)
(32,34)
(35,42)
(36,52)
(37,44)
(38,45)
(40,61)
(40,89)
(41,52)
(42,45)
(42,46)
(42,52)
(43,44)
(44,55)
(44,61)
(44,66)
(44,72)
(45,49)
(45,54)
(46,54)
(47,49)
(48,61)
(49,54)
(50,89)
(51,58)
(53,57)
(53,58)
(55,61)
(56,57)
(56,61)
(57,59)
(57,60)
(57,64)
(58,62)
(58,64)
(58,74)
(60,61)
(61,64)
(61,69)
(61,89)
(62,63)
(62,69)
(62,77)
(62,79)
(62,89)
(63,75)
(65,71)
(65,75)
(65,77)
(65,78)
(66,74)
(67,89)
(68,72)
(68,78)
(72,78)
(72,92)
(73,76)
(73,87)
(73,92)
(74,78)
(76,87)
(76,88)
(76,94)
(77,78)
(79,89)
(80,81)
(80,84)
(80,89)
(82,91)
(82,99)
(83,87)
(85,86)
(86,90)
(87,88)
(90,92)
(90,94)
(91,99)
(92,97)
(93,97)
(94,99)
(95,97)
(96,97)
(97,98)
(97,99)
(98,99)
