Nodes: 20
Protection radius: 1.000000
Disaster radius: 0.500000
0: 0.113188 6.255584
1: 0.967594 3.860817
2: 0.992166 1.373344
3: 1.464220 9.075785
4: 3.308980 6.323594
5: 3.640351 0.748789
6: 3.645736 12.567572
7: 5.834770 8.567617
8: 6.001338 4.907747
9: 6.210405 12.579453
10: 7.759650 7.267198
11: 7.761263 3.530075
12: 9.156263 2.031837
13: 10.174590 11.933501
14: 11.103352 0.455189
15: 12.494321 5.789903
16: 13.204695 13.910444
17: 13.463023 2.272392
18: 13.602419 8.067837
19: 13.954080 12.039491
Edges
(0,1)
(0,3)
(1,5)
(2,5)
(3,4)
(3,7)
(4,8)
(5,12)
(5,14)
(6,7)
(7,9)
(9,13)
(10,11)
(10,18)
(12,15)
(13,16)
(15,18)
(16,19)
(17,18)
