Nodes: 20
Protection radius: 1.000000
Disaster radius: 0.500000
0: 0.607170 11.332879
1: 1.536806 2.582900
2: 2.088352 9.890083
3: 3.010778 5.497637
4: 3.879623 8.390121
5: 4.757715 12.854756
6: 4.806004 3.572746
7: 5.135635 1.542943
8: 5.607682 9.829971
9: 6.736376 12.397315
10: 7.409931 8.221725
11: 7.692296 4.602578
12: 7.712844 10.345388
13: 9.330780 11.786033
14: 9.648417 8.299466
15: 11.438206 0.038752
16: 11.573308 12.413378
17: 11.870234 4.123229
18: 12.422696 8.892280
19: 12.796575 6.075671
Edges
(0,1)
(0,4)
(2,6)
(2,7)
(2,15)
(3,7)
(4,9)
(5,9)
(8,9)
(8,12)
(8,13)
(10,11)
(11,12)
(12,14)
(13,18)
(15,18)
(16,18)
(17,18)
(18,19)
