Nodes: 100
Protection radius: 1.000000
Disaster radius: 0.500000
0: 0.393575 52.018496
1: 1.774761 8.100553
2: 1.779394 48.361139
3: 1.914406 25.998026
4: 2.550596 12.927236
5: 2.761913 35.632716
6: 2.980338 22.826249
7: 3.064626 41.445230
8: 3.399856 10.426757
9: 4.348288 25.849202
10: 5.986345 5.466431
11: 7.905399 41.652971
12: 8.168441 37.146001
13: 8.206046 33.019802
14: 8.846454 29.218104
15: 9.542896 47.911977
16: 11.327034 14.974883
17: 11.697096 0.833908
18: 11.736961 32.249982
19: 12.086629 41.471867
20: 12.268414 7.615373
21: 12.477546 44.033787
22: 12.947438 30.591701
23: 15.620951 49.880601
24: 16.063568 17.977745
25: 16.276482 54.595327
26: 16.450627 51.845182
27: 16.545600 23.202721
28: 17.736515 32.261848
29: 17.754170 19.096196
30: 17.758284 50.149690
31: 18.226081 53.972554
32: 19.590991 48.728841
33: 19.653668 2.238863
34: 19.966419 44.116333
35: 20.233489 24.051001
36: 21.398635 40.730302
37: 21.525050 25.773067
38: 21.791563 5.666536
39: 23.364302 43.163617
40: 23.407325 11.319782
41: 23.858661 38.170415
42: 24.036628 8.772519
43: 24.347565 4.122916
44: 25.806273 35.724347
45: 25.816286 48.376879
46: 26.324935 2.050789
47: 26.706289 32.900265
48: 27.459610 16.833172
49: 28.514009 45.609844
50: 30.177934 54.809724
51: 30.508973 44.967560
52: 30.558699 3.495895
53: 30.603832 33.702366
54: 31.461349 39.028860
55: 32.336691 29.724791
56: 33.104848 25.034066
57: 33.262884 2.519709
58: 33.784211 49.565798
59: 34.609688 54.736110
60: 34.769691 16.231955
61: 34.874042 52.009240
62: 35.412370 10.989416
63: 36.129957 14.591782
64: 36.251295 29.724497
65: 36.866762 25.611456
66: 37.254099 34.365790
67: 38.588344 36.104295
68: 39.817522 26.480916
69: 40.872897 1.290869
70: 41.325652 14.114074
71: 41.821392 22.570027
72: 41.875440 53.987810
73: 41.987222 49.719351
74: 42.466343 25.824538
75: 43.717946 44.999844
76: 43.740597 15.206279
77: 43.868069 39.560403
78: 44.125866 36.429128
79: 44.343431 11.395521
80: 45.766509 30.164575
81: 46.841765 39.542672
82: 47.239514 47.030399
83: 47.338891 4.166585
84: 47.966195 24.072395
85: 48.376715 8.165088
86: 48.693748 28.786611
87: 49.838782 21.485278
88: 50.070421 1.442343
89: 50.302346 37.964647
90: 50.778990 54.795416
91: 51.434537 43.429533
92: 51.824726 47.866918
93: 52.033503 14.206066
94: 52.837612 32.728530
95: 53.387806 45.866200
96: 53.498094 21.918625
97: 54.084045 48.131241
98: 55.616121 42.941387
99: 55.774628 15.476450
Edges
(0,2)
(1,3)
(1,4)
(2,4)
(2,25)
(4,6)
(5,7)
(5,11)
(5,18)
(5,31)
(5,41)
(5,91)
(8,9)
(8,33)
(9,16)
(9,28)
(10,17)
(11,32)
(12,36)
(13,18)
(14,22)
(15,31)
(16,29)
(16,43)
(17,52)
(17,57)
(18,22)
(18,54)
(19,36)
(19,95)
(20,43)
(21,95)
(22,44)
(23,30)
(24,42)
(24,43)
(25,31)
(25,50)
(25,61)
(26,31)
(27,29)
(28,44)
(29,37)
(30,45)
(30,61)
(30,97)
(32,51)
(33,52)
(34,75)
(35,37)
(38,43)
(39,75)
(39,95)
(40,42)
(43,47)
(43,55)
(43,78)
(44,65)
(45,92)
(46,57)
(47,48)
(49,51)
(52,62)
(52,71)
(52,98)
(53,77)
(54,77)
(55,56)
(58,61)
(59,90)
(60,78)
(63,68)
(64,66)
(64,67)
(64,78)
(68,71)
(68,74)
(69,70)
(69,79)
(69,83)
(69,86)
(70,76)
(71,81)
(72,73)
(73,90)
(73,97)
(79,87)
(80,89)
(82,95)
(83,88)
(83,98)
(84,86)
(85,93)
(88,99)
(89,91)
(89,95)
(93,99)
(94,98)
(96,99)
