Nodes: 180
Protection radius: 1.000000
Disaster radius: 0.500000
0: 0.028861 38.728988
1: 0.093282 14.880868
2: 0.246575 66.670427
3: 1.555267 0.554370
4: 1.889370 21.903608
5: 2.209026 53.754663
6: 2.451056 45.543914
7: 2.887275 5.983254
8: 2.902325 93.437958
9: 3.034822 90.413925
10: 3.408962 57.279563
11: 3.860103 4.006323
12: 4.095613 70.131106
13: 4.355551 26.584198
14: 5.919145 56.911729
15: 6.640356 45.284624
16: 6.769112 35.661316
17: 7.046189 67.806417
18: 7.422197 79.613861
19: 7.654944 50.608029
20: 7.755921 47.415977
21: 7.930288 65.446298
22: 8.345787 72.683980
23: 8.419330 95.266372
24: 10.097508 88.449092
25: 10.118022 55.096763
26: 10.216947 33.392012
27: 11.438409 41.990667
28: 11.770730 73.264356
29: 11.842461 3.354064
30: 12.147606 89.753342
31: 12.522768 55.659808
32: 13.005770 43.987713
33: 13.494296 87.617257
34: 14.394300 39.142970
35: 15.512369 10.632189
36: 16.430638 22.990158
37: 16.468769 75.823066
38: 18.409928 66.580845
39: 18.984833 92.224292
40: 19.538009 54.795644
41: 20.100093 86.822767
42: 20.544050 90.292142
43: 21.132137 94.140466
44: 21.383962 28.770466
45: 22.009268 82.173381
46: 22.308440 73.439972
47: 22.677607 43.483283
48: 22.995729 95.656624
49: 23.128795 62.696869
50: 23.617964 18.974035
51: 24.143305 52.056163
52: 24.372497 2.726647
53: 25.274539 65.107672
54: 25.975961 50.198910
55: 27.223299 17.355570
56: 27.634944 44.564840
57: 28.464522 88.896089
58: 29.596799 55.363359
59: 29.612024 19.204082
60: 29.789786 39.073204
61: 30.148206 80.000387
62: 30.583814 42.428751
63: 31.686240 19.314005
64: 31.745395 26.474674
65: 32.012614 7.683805
66: 32.403116 48.663647
67: 32.539232 87.593147
68: 33.790846 32.205836
69: 34.267311 24.255097
70: 35.180713 50.400232
71: 36.055552 82.161969
72: 36.940447 78.416139
73: 36.990907 71.978931
74: 37.262980 51.649482
75: 37.394462 35.104878
76: 38.222999 93.486890
77: 38.428604 2.158102
78: 38.635706 17.131747
79: 39.477150 57.938778
80: 40.010947 70.976431
81: 40.074321 28.527950
82: 40.134907 74.219572
83: 42.027062 96.689495
84: 43.009573 7.201550
85: 43.291765 57.635319
86: 44.607548 16.851470
87: 44.677622 40.658683
88: 45.280455 51.099017
89: 45.448708 8.268496
90: 45.858086 60.811916
91: 46.098285 31.495046
92: 46.789948 66.092934
93: 46.822425 40.748903
94: 48.099662 11.301028
95: 48.571163 53.854205
96: 49.418939 78.455684
97: 50.594969 34.521679
98: 50.876570 74.191095
99: 50.878596 16.459500
100: 51.380216 0.601338
101: 53.423019 33.154691
102: 54.403877 39.543750
103: 55.228312 62.358575
104: 55.413233 30.526683
105: 55.861260 91.739165
106: 58.074300 43.977641
107: 58.624947 7.117308
108: 59.238473 22.661597
109: 60.504993 79.469288
110: 61.719146 82.891210
111: 62.205347 48.571615
112: 62.420366 95.384803
113: 63.166848 63.973927
114: 63.473952 28.138056
115: 64.003486 43.128138
116: 64.594783 69.981108
117: 64.603619 72.016980
118: 65.418909 29.603086
119: 66.268533 38.858681
120: 67.077471 76.055290
121: 67.655157 52.101806
122: 67.913691 47.837248
123: 68.086621 97.777806
124: 68.091738 42.700010
125: 68.918060 72.841106
126: 69.393922 87.710915
127: 69.646026 66.284662
128: 69.649159 5.299588
129: 70.264083 41.332831
130: 70.429640 28.322299
131: 71.357530 2.052490
132: 71.909066 32.314924
133: 72.693580 26.572680
134: 72.918744 47.069000
135: 74.262918 39.924468
136: 74.279831 61.527271
137: 75.112574 80.065388
138: 75.750687 54.720236
139: 77.671697 62.046569
140: 77.724490 47.014452
141: 77.925589 14.642350
142: 78.014488 41.522837
143: 78.056761 88.630671
144: 79.092591 55.280806
145: 80.194219 77.497783
146: 80.927012 53.673361
147: 81.263635 62.610923
148: 81.311116 20.466837
149: 81.707885 94.333748
150: 81.997422 88.524470
151: 83.044663 38.919240
152: 83.323594 19.433053
153: 83.354452 33.746849
154: 84.463155 97.294740
155: 84.523159 89.922959
156: 84.576611 76.316328
157: 85.287295 61.427478
158: 85.807513 48.653568
159: 86.095530 79.489826
160: 86.196528 7.925654
161: 89.069948 60.367876
162: 89.337017 80.112276
163: 89.502042 31.561439
164: 89.646267 57.212021
165: 90.319795 63.993445
166: 90.468014 74.001578
167: 92.868860 15.070075
168: 93.434637 85.495719
169: 93.682193 11.180009
170: 93.791655 81.629686
171: 93.823307 25.588890
172: 94.423776 44.992111
173: 95.259372 87.267671
174: 95.342391 28.218790
175: 95.713513 14.479409
176: 95.755445 59.612330
177: 97.197110 85.441513
178: 98.379144 50.402854
179: 98.532803 6.949158
Edges
(0,4)
(0,13)
(0,15)
(1,7)
(2,8)
(2,9)
(2,10)
(3,7)
(3,52)
(4,35)
(5,10)
(5,14)
(6,19)
(9,12)
(10,21)
(11,29)
(12,18)
(15,16)
(15,20)
(17,22)
(18,22)
(19,25)
(19,32)
(20,32)
(21,25)
(23,24)
(23,30)
(23,43)
(23,83)
(24,33)
(26,36)
(27,34)
(28,37)
(28,38)
(29,52)
(31,38)
(32,47)
(33,39)
(33,42)
(34,47)
(35,36)
(35,52)
(38,40)
(38,53)
(40,47)
(41,42)
(41,45)
(42,48)
(44,47)
(44,64)
(45,46)
(46,61)
(47,51)
(47,54)
(47,56)
(49,51)
(50,59)
(52,77)
(53,79)
(54,66)
(55,59)
(55,63)
(55,65)
(57,61)
(57,76)
(58,79)
(60,62)
(60,75)
(61,73)
(62,87)
(63,64)
(63,78)
(65,84)
(66,70)
(67,76)
(68,69)
(68,75)
(68,81)
(71,76)
(72,82)
(73,79)
(74,79)
(74,85)
(76,96)
(78,81)
(79,90)
(80,98)
(81,91)
(82,96)
(82,98)
(84,86)
(86,89)
(86,94)
(88,93)
(89,100)
(90,95)
(91,93)
(91,104)
(92,103)
(93,106)
(95,103)
(97,102)
(99,104)
(99,107)
(99,108)
(101,102)
(102,104)
(104,119)
(105,110)
(108,133)
(109,117)
(110,126)
(111,115)
(112,126)
(113,116)
(114,130)
(115,119)
(115,124)
(116,127)
(117,120)
(118,119)
(120,125)
(121,122)
(121,138)
(123,149)
(124,129)
(125,127)
(125,137)
(126,137)
(126,143)
(127,136)
(127,145)
(128,141)
(129,132)
(129,134)
(130,133)
(131,141)
(133,141)
(134,135)
(138,139)
(138,140)
(139,144)
(140,142)
(140,158)
(141,152)
(141,160)
(142,151)
(142,153)
(144,147)
(144,157)
(145,150)
(145,159)
(146,158)
(147,156)
(147,165)
(148,163)
(149,155)
(151,163)
(154,173)
(155,159)
(156,166)
(158,172)
(159,166)
(160,169)
(161,164)
(162,170)
(163,171)
(164,176)
(166,170)
(166,176)
(167,169)
(167,175)
(168,170)
(168,173)
(169,179)
(174,175)
(176,178)
(177,178)
(178,179)
