Nodes: 180
Protection radius: 1.000000
Disaster radius: 0.500000
0: 0.057900 23.622607
1: 0.442978 89.442156
2: 1.238065 41.109443
3: 2.791221 85.080716
4: 3.379961 97.187596
5: 3.901984 15.077026
6: 3.970470 23.580804
7: 4.538793 88.941076
8: 5.722696 7.489432
9: 6.375174 28.744429
10: 6.968037 57.897323
11: 7.077868 37.445383
12: 8.173055 4.051351
13: 8.525641 59.658829
14: 9.475565 10.043200
15: 9.616162 18.198797
16: 9.652325 63.359979
17: 10.505110 7.533080
18: 11.615137 60.035341
19: 11.734469 63.574665
20: 13.701193 93.054759
21: 14.053969 62.427124
22: 14.231624 46.617234
23: 14.566989 77.624358
24: 14.684391 39.815722
25: 15.150797 81.501985
26: 15.428405 28.294476
27: 15.528512 73.415902
28: 16.112296 7.406337
29: 16.308130 52.466567
30: 16.576343 12.024907
31: 18.286111 73.035242
32: 18.693624 17.846022
33: 18.890847 51.663532
34: 19.656200 47.929011
35: 20.301185 55.221164
36: 22.392334 30.068293
37: 22.878394 3.216542
38: 23.498908 41.100380
39: 23.736146 89.329144
40: 23.810070 9.793514
41: 24.103192 46.217969
42: 24.380638 65.674861
43: 25.476522 90.805799
44: 25.640913 37.741994
45: 25.665585 20.564384
46: 25.876585 35.311769
47: 26.210619 30.757648
48: 26.630804 81.181790
49: 26.656854 59.175112
50: 27.560340 46.882692
51: 27.835139 52.106320
52: 28.092358 90.282668
53: 28.675099 20.540280
54: 28.745869 25.890103
55: 29.494306 54.128038
56: 29.637066 27.907682
57: 30.034839 44.422779
58: 30.039894 84.446396
59: 30.325461 71.156191
60: 32.143593 22.295623
61: 32.305298 67.015801
62: 33.288348 73.526743
63: 33.752142 54.170681
64: 35.520546 89.951689
65: 35.730856 53.696088
66: 36.352471 70.041554
67: 36.671577 67.514277
68: 36.918211 2.119246
69: 37.149359 47.423321
70: 37.381660 33.668705
71: 38.521832 77.284332
72: 38.724155 36.501703
73: 38.956160 63.196530
74: 39.016585 20.190078
75: 39.464241 34.484162
76: 40.562362 9.188158
77: 41.292373 98.032941
78: 43.325572 91.748021
79: 44.430419 9.251338
80: 44.508032 58.790388
81: 44.554519 37.788788
82: 44.606935 71.943588
83: 45.661516 40.943803
84: 46.080181 35.050798
85: 46.103396 22.865379
86: 47.589518 61.655088
87: 48.909036 94.743745
88: 49.655380 21.988877
89: 50.583527 39.399071
90: 51.559416 96.659621
91: 52.097244 52.998337
92: 52.707587 69.545477
93: 53.280112 50.179347
94: 55.322862 86.578073
95: 55.987585 60.382946
96: 56.481883 22.350079
97: 57.258439 57.649784
98: 57.260620 37.919393
99: 57.303606 66.793757
100: 57.864171 80.786173
101: 58.000819 1.002241
102: 58.142109 3.959884
103: 58.459673 85.077451
104: 59.334626 44.844631
105: 59.604194 52.801137
106: 62.102661 16.959281
107: 63.040630 37.239176
108: 63.464792 6.506842
109: 64.199057 89.691659
110: 64.925642 77.482393
111: 65.241810 87.845431
112: 66.042600 43.868689
113: 67.185721 52.733343
114: 67.848070 6.937495
115: 69.133258 70.917239
116: 69.152368 25.534421
117: 69.881700 83.229540
118: 71.417139 30.212903
119: 71.565628 94.855172
120: 72.181703 44.594662
121: 72.441043 27.755162
122: 72.478111 11.339013
123: 72.613118 5.564811
124: 72.784653 19.253169
125: 73.011457 73.888230
126: 73.706325 16.720962
127: 73.878763 52.947236
128: 74.200095 35.829697
129: 74.524916 72.417775
130: 74.733239 0.478135
131: 76.310950 89.636357
132: 76.314147 42.059930
133: 76.381941 14.525690
134: 76.995126 25.693897
135: 78.071222 78.428626
136: 78.180969 34.032964
137: 78.352852 38.989709
138: 78.478505 53.310688
139: 79.255232 18.986448
140: 80.840900 96.095309
141: 81.042552 89.563738
142: 81.325476 66.306751
143: 81.330234 59.109168
144: 81.512116 4.623382
145: 82.024218 87.707343
146: 82.340331 56.389853
147: 82.474119 79.534025
148: 83.381731 3.564229
149: 83.618497 74.574621
150: 83.673382 13.262109
151: 84.698100 29.443727
152: 85.994265 6.301734
153: 87.015623 16.213438
154: 87.315252 61.217824
155: 88.158917 37.163762
156: 89.017441 50.713534
157: 89.248681 92.962302
158: 89.507301 43.243155
159: 89.895107 31.312774
160: 90.186412 85.935719
161: 90.443720 8.497754
162: 91.695720 63.912811
163: 92.369754 50.366111
164: 92.864747 30.043248
165: 93.100662 11.586568
166: 93.172909 91.081515
167: 93.566947 79.436816
168: 93.891039 22.539846
169: 94.668104 51.978836
170: 95.413410 24.332114
171: 95.463448 33.795070
172: 95.676815 48.072462
173: 96.560632 72.389659
174: 96.797744 6.849918
175: 96.924700 39.807037
176: 97.132587 67.762454
177: 97.796716 80.291954
178: 98.107363 2.132212
179: 98.129233 94.368955
Edges
(0,1)
(0,2)
(1,4)
(1,9)
(1,10)
(1,13)
(1,16)
(1,21)
(1,24)
(1,31)
(1,42)
(1,49)
(1,55)
(1,63)
(1,65)
(1,144)
(2,5)
(2,6)
(2,8)
(3,21)
(3,55)
(4,48)
(4,77)
(4,82)
(6,8)
(6,15)
(7,25)
(7,89)
(7,98)
(7,138)
(7,139)
(7,163)
(8,26)
(10,15)
(11,15)
(12,14)
(12,17)
(12,30)
(12,37)
(12,40)
(13,15)
(13,40)
(18,40)
(19,29)
(19,35)
(19,40)
(19,51)
(19,69)
(20,71)
(20,82)
(22,24)
(23,31)
(23,89)
(23,144)
(25,62)
(25,139)
(26,40)
(27,49)
(27,63)
(28,30)
(28,32)
(29,35)
(29,40)
(29,51)
(33,34)
(33,36)
(33,76)
(33,79)
(36,38)
(37,76)
(39,43)
(39,52)
(39,64)
(40,76)
(41,50)
(41,101)
(43,52)
(43,64)
(43,78)
(43,90)
(44,45)
(44,47)
(44,76)
(45,47)
(45,53)
(45,54)
(45,60)
(45,76)
(46,47)
(46,76)
(50,51)
(50,69)
(56,60)
(56,76)
(57,102)
(58,78)
(58,87)
(59,62)
(59,67)
(59,95)
(59,138)
(61,95)
(61,105)
(61,158)
(61,175)
(62,66)
(63,69)
(63,81)
(63,108)
(65,144)
(68,76)
(68,79)
(68,101)
(70,102)
(71,82)
(71,94)
(71,135)
(72,75)
(72,88)
(73,105)
(73,107)
(74,101)
(75,88)
(77,140)
(78,87)
(78,90)
(80,104)
(80,105)
(80,107)
(81,83)
(82,110)
(83,114)
(83,130)
(84,96)
(84,114)
(85,102)
(86,138)
(87,94)
(87,103)
(87,117)
(88,108)
(89,98)
(89,116)
(89,139)
(90,109)
(90,119)
(90,135)
(90,140)
(91,120)
(92,110)
(93,104)
(93,107)
(94,100)
(97,127)
(97,138)
(99,110)
(99,163)
(101,102)
(102,108)
(102,114)
(104,112)
(104,121)
(105,155)
(105,171)
(106,130)
(109,140)
(110,146)
(111,131)
(111,135)
(111,140)
(111,157)
(111,166)
(112,120)
(113,158)
(115,146)
(116,124)
(116,126)
(118,120)
(120,121)
(120,128)
(120,132)
(120,155)
(121,128)
(121,132)
(121,137)
(121,151)
(121,164)
(122,144)
(123,130)
(124,126)
(124,139)
(124,150)
(124,165)
(124,174)
(125,135)
(125,146)
(126,133)
(127,138)
(128,132)
(129,143)
(129,149)
(129,166)
(129,179)
(131,157)
(131,179)
(132,155)
(133,144)
(133,150)
(133,161)
(134,164)
(135,141)
(135,166)
(136,159)
(136,164)
(137,155)
(137,164)
(138,172)
(139,164)
(141,145)
(142,143)
(142,149)
(142,154)
(144,148)
(144,161)
(144,178)
(145,166)
(146,169)
(147,160)
(149,160)
(149,162)
(151,164)
(152,178)
(153,165)
(153,171)
(156,163)
(156,172)
(158,172)
(159,164)
(162,172)
(165,168)
(167,175)
(168,170)
(168,178)
(170,171)
(172,175)
(173,175)
(175,176)
(175,177)
