Nodes: 180
Protection radius: 1.000000
Disaster radius: 0.500000
0: 0.787152 4.681915
1: 2.238861 8.903515
2: 2.270441 32.377552
3: 2.373255 77.065799
4: 2.600905 73.959635
5: 3.073734 82.967227
6: 3.402738 52.743156
7: 5.107223 91.637941
8: 5.969315 72.282085
9: 6.357189 18.976421
10: 6.539770 52.912487
11: 6.763428 65.057175
12: 7.259828 31.013184
13: 8.158838 75.079747
14: 9.057291 83.746832
15: 9.251151 32.214133
16: 9.262022 77.869716
17: 9.551937 61.663263
18: 9.651451 55.212781
19: 10.322140 49.972255
20: 10.478669 76.010679
21: 10.638159 44.644781
22: 10.686768 79.624233
23: 11.144841 30.106378
24: 12.144683 26.379616
25: 12.500623 10.800844
26: 12.556694 59.369400
27: 12.561081 4.573731
28: 13.121817 18.019741
29: 13.393814 53.031785
30: 13.656360 95.880737
31: 13.675498 46.691831
32: 14.397672 7.345758
33: 14.804546 88.218536
34: 15.370992 84.976084
35: 15.941460 94.751858
36: 16.813535 83.121269
37: 16.815103 89.170866
38: 16.979119 11.695844
39: 17.263830 79.351623
40: 18.462652 9.825346
41: 18.861050 31.892435
42: 19.330016 82.161616
43: 19.888997 86.649583
44: 19.949920 37.193964
45: 21.032474 6.809217
46: 21.205667 40.366739
47: 22.662196 14.255529
48: 23.256476 75.039621
49: 23.431611 27.617277
50: 23.990972 47.773188
51: 24.388746 90.495474
52: 25.043869 95.349559
53: 25.589186 21.833060
54: 26.195525 86.439976
55: 26.556778 44.103132
56: 27.454756 66.342492
57: 27.643045 89.960726
58: 28.439235 20.069184
59: 28.912138 54.856181
60: 29.479626 14.604571
61: 30.400208 43.820608
62: 30.795102 72.221290
63: 30.882051 79.764321
64: 32.397749 33.811944
65: 32.819872 53.055378
66: 33.624464 55.931605
67: 33.780146 19.210209
68: 35.658927 74.209590
69: 35.888342 21.935735
70: 35.942284 84.577141
71: 36.087709 38.840347
72: 37.923115 69.026692
73: 38.087680 89.211634
74: 38.977102 34.606925
75: 39.420820 7.651435
76: 39.847978 5.212805
77: 40.816893 78.313445
78: 41.065892 23.199240
79: 41.815824 58.927590
80: 42.636088 11.781089
81: 44.533298 16.877500
82: 45.533776 36.291904
83: 45.591797 40.145519
84: 45.727159 70.468603
85: 46.406131 92.086353
86: 47.735834 30.275174
87: 47.775388 3.023457
88: 48.144902 20.699876
89: 48.408798 87.030426
90: 49.218512 64.497504
91: 49.367566 78.436005
92: 50.234532 17.898368
93: 50.430879 48.235890
94: 50.816517 9.559137
95: 50.975050 41.299405
96: 51.091009 71.715927
97: 51.334345 0.409390
98: 51.637334 4.716262
99: 52.505293 89.422026
100: 52.665533 93.838682
101: 52.804007 25.948693
102: 52.825847 51.741449
103: 53.317693 31.584469
104: 53.624294 16.626522
105: 55.109074 22.305219
106: 55.685004 64.322369
107: 56.340625 8.507970
108: 56.630218 24.027258
109: 57.372919 4.245615
110: 57.432288 27.871615
111: 57.911909 53.894430
112: 58.020363 58.254056
113: 61.251115 50.600067
114: 61.776738 90.877800
115: 61.972075 32.995032
116: 62.122578 53.566181
117: 62.266139 55.813538
118: 62.453905 81.265082
119: 62.814794 42.939785
120: 63.134797 26.901642
121: 64.416816 79.156859
122: 65.318474 15.820719
123: 65.327767 40.358121
124: 67.597548 65.668877
125: 67.847866 75.863554
126: 68.333350 51.943740
127: 69.604921 43.394028
128: 70.513170 76.286490
129: 71.166100 87.351141
130: 71.631644 16.521850
131: 71.796480 49.661139
132: 72.001851 85.140039
133: 72.655544 5.168753
134: 72.799128 1.665079
135: 73.005474 56.785832
136: 73.046162 32.080531
137: 74.453272 95.194012
138: 75.918792 73.667967
139: 76.910637 88.850944
140: 77.583874 78.815331
141: 77.990983 85.358015
142: 78.143020 47.429400
143: 78.818245 90.862900
144: 79.034136 54.187594
145: 79.408100 10.510164
146: 79.627466 20.966733
147: 81.076359 74.352037
148: 81.199869 0.262315
149: 81.362701 65.480794
150: 81.841221 80.265302
151: 81.861024 89.579934
152: 82.218914 42.095595
153: 82.531747 21.287578
154: 83.395000 13.791383
155: 83.902728 91.021751
156: 84.195517 89.024928
157: 84.276328 4.296902
158: 85.112316 18.759732
159: 85.318913 75.162484
160: 85.866783 14.755677
161: 86.317184 30.646910
162: 86.748615 85.242088
163: 86.771081 54.776820
164: 86.858588 93.334000
165: 87.771852 76.058283
166: 87.799016 57.472865
167: 88.564206 14.969277
168: 89.323689 68.011349
169: 89.621024 18.983833
170: 89.841463 34.602516
171: 90.090648 5.640226
172: 91.792066 93.554178
173: 92.051305 45.009344
174: 92.167232 90.411476
175: 92.834666 6.134015
176: 93.257507 85.310753
177: 94.019696 68.662348
178: 94.023454 4.218302
179: 95.776927 22.847087
Edges
(0,27)
(0,87)
(0,97)
(0,148)
(1,2)
(1,4)
(1,28)
(1,32)
(1,76)
(1,148)
(2,4)
(3,17)
(3,26)
(3,67)
(3,76)
(4,9)
(4,11)
(4,12)
(5,7)
(5,8)
(5,22)
(5,50)
(5,55)
(5,78)
(6,9)
(7,36)
(7,39)
(7,66)
(8,26)
(8,50)
(9,12)
(9,24)
(10,12)
(10,15)
(10,23)
(11,18)
(12,60)
(12,76)
(13,16)
(14,66)
(14,83)
(14,110)
(16,65)
(16,86)
(17,18)
(17,23)
(17,44)
(17,46)
(19,21)
(19,31)
(19,41)
(19,53)
(20,61)
(21,41)
(22,83)
(24,47)
(24,76)
(25,28)
(25,38)
(25,47)
(26,50)
(26,64)
(26,67)
(27,45)
(29,76)
(30,33)
(30,63)
(32,45)
(33,34)
(33,36)
(33,37)
(33,42)
(33,48)
(33,66)
(33,68)
(33,93)
(33,95)
(33,115)
(35,54)
(35,57)
(35,70)
(35,73)
(36,39)
(37,43)
(38,40)
(40,47)
(41,53)
(42,48)
(42,110)
(44,49)
(49,53)
(49,58)
(49,60)
(50,55)
(51,57)
(51,118)
(52,73)
(52,85)
(55,64)
(56,66)
(57,73)
(59,82)
(61,74)
(61,86)
(62,93)
(63,118)
(63,121)
(63,150)
(64,78)
(65,110)
(66,110)
(67,69)
(67,75)
(67,104)
(68,72)
(69,92)
(69,104)
(70,118)
(71,74)
(72,77)
(72,79)
(73,89)
(74,88)
(75,76)
(76,80)
(76,81)
(76,134)
(78,88)
(79,84)
(80,81)
(80,98)
(82,86)
(82,103)
(82,105)
(84,90)
(84,91)
(84,93)
(84,102)
(84,115)
(86,88)
(86,92)
(89,100)
(91,106)
(91,111)
(91,112)
(91,115)
(91,121)
(92,104)
(94,98)
(94,104)
(95,115)
(95,120)
(96,115)
(98,104)
(98,107)
(98,109)
(98,133)
(99,100)
(99,129)
(101,154)
(104,105)
(104,130)
(104,145)
(104,175)
(105,108)
(106,117)
(106,121)
(107,133)
(107,171)
(108,130)
(108,154)
(108,175)
(110,120)
(110,146)
(110,160)
(111,119)
(111,123)
(112,113)
(112,123)
(114,137)
(115,127)
(115,131)
(115,135)
(116,124)
(116,125)
(116,126)
(117,125)
(118,164)
(119,123)
(121,140)
(122,175)
(124,152)
(125,144)
(125,152)
(125,163)
(125,166)
(126,135)
(128,140)
(128,149)
(128,159)
(128,166)
(129,139)
(129,143)
(129,164)
(132,151)
(133,134)
(133,178)
(134,157)
(135,152)
(135,153)
(135,178)
(136,160)
(137,143)
(138,147)
(138,166)
(140,159)
(141,151)
(142,178)
(144,152)
(144,161)
(144,163)
(144,170)
(144,178)
(150,151)
(151,155)
(151,159)
(154,167)
(155,166)
(156,165)
(156,173)
(156,178)
(156,179)
(158,160)
(158,167)
(161,169)
(161,170)
(162,168)
(162,172)
(162,179)
(166,170)
(168,172)
(168,174)
(168,176)
(168,177)
(169,178)
(171,178)
(175,178)
(177,179)
