Nodes: 100
Protection radius: 1.000000
Disaster radius: 0.500000
0: 0.251768 51.195392
1: 0.332327 35.465478
2: 0.713293 31.833373
3: 0.945015 22.790752
4: 2.026276 14.215840
5: 2.283291 8.833817
6: 3.655077 50.538512
7: 4.302396 42.948568
8: 5.278567 6.954721
9: 5.509475 34.901167
10: 5.659049 55.725847
11: 6.203901 48.052704
12: 6.486691 38.535798
13: 7.123836 23.392848
14: 8.209188 47.862773
15: 8.967238 7.702826
16: 9.108276 43.899435
17: 9.497403 55.994407
18: 9.784426 16.509436
19: 10.080480 33.933222
20: 10.455288 0.222484
21: 11.997193 43.844887
22: 12.158032 53.398843
23: 12.227362 31.432331
24: 12.303061 2.200822
25: 13.527719 8.500499
26: 13.884359 50.916886
27: 14.657547 55.043450
28: 16.023570 5.610894
29: 16.509886 39.071148
30: 16.515678 0.950609
31: 16.922297 36.221902
32: 18.067869 32.438844
33: 18.326681 20.489226
34: 19.488263 34.917068
35: 19.581966 17.910392
36: 19.856700 1.077746
37: 21.231287 26.940272
38: 21.310676 42.005963
39: 22.312229 29.308020
40: 22.326676 36.398546
41: 23.619330 45.263939
42: 24.123393 10.332248
43: 25.005624 4.200912
44: 25.008079 37.592818
45: 25.112651 34.210097
46: 25.365456 31.054360
47: 26.019042 45.586859
48: 26.148564 54.786425
49: 26.504233 23.995568
50: 27.032140 6.603204
51: 28.341642 48.630722
52: 28.956356 2.272238
53: 29.128614 23.730460
54: 29.562552 11.149616
55: 29.965870 18.798970
56: 29.975365 46.660327
57: 30.440716 25.401751
58: 30.598771 13.764726
59: 30.693003 34.074619
60: 30.869646 7.798541
61: 30.931567 52.956707
62: 31.851370 28.787525
63: 32.401202 44.572602
64: 33.283797 7.296581
65: 33.398167 27.306432
66: 33.732773 14.245805
67: 33.902251 33.009163
68: 34.741233 41.056920
69: 36.247186 35.645967
70: 36.537845 25.079944
71: 37.189306 21.964064
72: 37.913356 53.536374
73: 38.632538 49.419251
74: 39.874141 5.529816
75: 40.653646 14.314857
76: 42.329324 20.295259
77: 42.420199 49.756343
78: 42.543566 26.013082
79: 43.822029 40.953548
80: 44.812051 10.729441
81: 45.379607 48.444619
82: 45.486423 3.545627
83: 46.093317 54.842207
84: 46.117125 33.201635
85: 47.535506 29.178584
86: 48.355517 43.968435
87: 48.421822 31.588828
88: 48.799793 20.108468
89: 49.743765 36.371291
90: 50.041968 41.908642
91: 51.124261 55.972520
92: 52.273137 16.923186
93: 53.343252 5.626864
94: 54.308938 47.385220
95: 54.780832 50.131545
96: 55.165699 14.339128
97: 55.183761 53.384854
98: 55.607067 29.541893
99: 55.830885 10.339925
Edges
(0,1)
(0,10)
(1,3)
(1,9)
(2,13)
(3,5)
(3,13)
(4,5)
(4,8)
(4,18)
(5,20)
(6,7)
(6,10)
(6,11)
(7,12)
(7,16)
(8,15)
(9,19)
(11,14)
(12,19)
(12,21)
(13,18)
(13,33)
(17,27)
(17,91)
(18,35)
(19,23)
(20,24)
(20,36)
(21,26)
(22,27)
(24,25)
(24,30)
(25,35)
(26,27)
(28,42)
(29,31)
(29,34)
(29,38)
(29,40)
(30,36)
(31,32)
(32,37)
(33,35)
(33,49)
(34,40)
(36,43)
(36,52)
(36,82)
(38,41)
(39,49)
(40,44)
(41,47)
(41,48)
(42,43)
(42,50)
(42,58)
(43,50)
(44,45)
(44,63)
(46,49)
(46,57)
(46,59)
(46,62)
(48,51)
(49,53)
(49,57)
(50,60)
(52,74)
(54,60)
(54,64)
(55,71)
(56,61)
(56,63)
(57,62)
(59,67)
(59,68)
(60,64)
(62,67)
(63,73)
(64,66)
(65,70)
(66,71)
(67,78)
(69,78)
(70,71)
(70,78)
(71,78)
(72,73)
(72,77)
(72,83)
(73,77)
(74,75)
(74,80)
(74,82)
(75,80)
(76,88)
(78,84)
(78,88)
(79,81)
(79,84)
(80,88)
(80,92)
(80,93)
(81,86)
(81,95)
(83,91)
(84,85)
(85,87)
(85,88)
(87,89)
(88,92)
(90,94)
(94,95)
(95,97)
(96,98)
(96,99)
(97,98)
