Nodes: 60
Protection radius: 1.000000
Disaster radius: 0.500000
0: 0.173001 23.219704
1: 0.452831 19.283535
2: 1.042600 33.802493
3: 1.726351 14.182028
4: 2.643237 8.112758
5: 3.018378 28.299185
6: 3.371344 21.211419
7: 4.130786 13.045062
8: 4.281168 15.903725
9: 4.327653 33.312929
10: 4.358118 6.471489
11: 4.964889 0.808242
12: 5.729136 2.923858
13: 6.398333 14.937482
14: 6.575768 10.842333
15: 8.185982 21.886217
16: 8.717409 4.568820
17: 9.034394 1.834995
18: 9.485565 18.356063
19: 10.297391 25.316614
20: 10.329824 7.251463
21: 11.228297 9.658566
22: 11.455429 3.723003
23: 12.028772 0.516044
24: 12.334176 24.813648
25: 13.250411 26.750390
26: 14.023199 33.136467
27: 14.224945 28.591139
28: 14.382642 9.622058
29: 14.512539 0.540415
30: 14.741581 4.930555
31: 14.934653 16.186380
32: 15.965008 31.957030
33: 16.246530 29.207818
34: 16.452999 10.725986
35: 19.004468 30.381222
36: 19.738109 1.430828
37: 20.552082 12.101814
38: 21.423512 14.435647
39: 21.425600 28.749285
40: 21.770679 17.953031
41: 23.771048 16.132161
42: 25.256888 6.873816
43: 25.705610 10.686011
44: 25.908808 4.491995
45: 25.947902 13.310753
46: 26.191268 24.112907
47: 26.250436 30.140920
48: 26.589736 34.287738
49: 27.861489 25.479948
50: 28.954811 9.981510
51: 28.964647 14.411507
52: 30.016060 0.604650
53: 31.306013 3.370670
54: 31.466846 12.277834
55: 32.233306 18.146699
56: 32.690261 31.400382
57: 34.066299 26.051971
58: 34.614036 4.853973
59: 34.917333 30.866886
Edges
(0,6)
(1,6)
(2,5)
(2,26)
(2,48)
(3,4)
(3,8)
(4,10)
(4,11)
(5,9)
(5,15)
(6,15)
(7,13)
(8,18)
(10,14)
(11,12)
(13,21)
(14,20)
(15,19)
(16,17)
(17,22)
(18,21)
(19,25)
(21,31)
(22,23)
(22,29)
(24,25)
(25,33)
(25,39)
(27,33)
(28,30)
(29,30)
(29,52)
(31,34)
(31,40)
(32,48)
(34,36)
(34,37)
(35,39)
(36,52)
(37,38)
(37,43)
(38,41)
(39,40)
(39,47)
(41,45)
(41,51)
(42,44)
(43,50)
(44,52)
(46,49)
(46,55)
(47,49)
(47,56)
(50,54)
(52,53)
(52,58)
(57,58)
(58,59)
