Nodes: 20
Protection radius: 1.000000
Disaster radius: 0.500000
0: 0.382776 3.193559
1: 2.007860 8.844772
2: 2.121176 13.370515
3: 2.332867 10.977096
4: 2.764554 0.712164
5: 4.207061 6.331002
6: 4.230964 8.863521
7: 4.823283 2.994808
8: 4.926597 15.634734
9: 6.721067 11.950850
10: 7.956896 6.107332
11: 8.990035 13.749396
12: 10.470469 8.438026
13: 11.028952 4.291620
14: 12.257952 13.196300
15: 12.733493 15.482257
16: 13.231653 10.879616
17: 14.350188 2.326024
18: 15.194523 12.591645
19: 15.630086 5.095181
Edges
(0,4)
(1,5)
(2,8)
(2,9)
(3,6)
(3,9)
(4,17)
(5,6)
(5,7)
(7,10)
(7,17)
(9,11)
(10,13)
(11,12)
(11,14)
(12,16)
(14,15)
(14,18)
(18,19)
