Nodes: 100
Protection radius: 1.000000
Disaster radius: 0.500000
0: 0.027372 8.496091
1: 0.536954 2.220492
2: 1.161013 17.309677
3: 2.030895 59.945365
4: 2.151376 13.593820
5: 3.223800 17.153350
6: 3.695295 40.788456
7: 3.722252 61.989578
8: 4.091048 45.801299
9: 4.906218 10.375006
10: 6.281353 35.400673
11: 6.305705 12.919081
12: 6.493487 56.171892
13: 7.082413 42.784947
14: 7.276911 50.807018
15: 8.149529 45.160589
16: 8.825938 30.080589
17: 9.050188 11.106619
18: 9.120980 38.511199
19: 9.215185 61.311734
20: 10.735829 51.967234
21: 11.318730 26.200274
22: 12.253533 45.223503
23: 12.485160 19.121213
24: 12.607037 37.653478
25: 13.271434 2.687880
26: 14.162070 11.988630
27: 14.804684 53.451444
28: 15.121346 14.327096
29: 18.124333 57.309143
30: 18.533222 13.306233
31: 18.900719 31.376365
32: 20.588565 25.616668
33: 21.454777 43.795870
34: 21.653910 47.734327
35: 22.780518 13.474486
36: 23.539691 30.702432
37: 23.705812 6.109313
38: 24.187534 43.805809
39: 24.376584 50.786862
40: 24.397962 48.500700
41: 24.661496 26.812250
42: 25.979082 31.939214
43: 26.805143 50.339540
44: 27.068306 17.972891
45: 27.610472 41.681237
46: 27.879396 37.086389
47: 28.123762 55.120528
48: 28.209335 23.777575
49: 28.243919 4.556377
50: 28.630691 9.421827
51: 28.991186 16.698085
52: 29.711717 60.321214
53: 30.234787 38.616823
54: 32.305619 36.423148
55: 32.424953 10.060542
56: 36.395775 14.284428
57: 36.751111 17.884567
58: 37.328082 36.120866
59: 37.619574 44.929476
60: 39.758023 4.516242
61: 40.352074 10.799766
62: 40.844408 48.052334
63: 41.172862 59.585982
64: 41.999703 19.242425
65: 42.348825 49.866949
66: 42.368842 23.100408
67: 42.836458 12.479743
68: 42.873930 33.474171
69: 42.903645 3.853910
70: 43.168867 16.744601
71: 43.927546 30.657937
72: 44.131087 9.605693
73: 44.722990 35.767661
74: 44.850851 18.778220
75: 45.113033 47.524408
76: 46.096159 15.426685
77: 46.910398 38.032368
78: 47.149967 56.384512
79: 47.357599 12.018345
80: 47.786006 32.365629
81: 47.836054 34.479588
82: 48.039263 53.600478
83: 48.188163 24.025754
84: 49.728398 17.225461
85: 51.096566 58.631297
86: 51.430281 5.750069
87: 53.159952 10.404628
88: 53.167748 24.931895
89: 53.324759 35.407856
90: 53.600801 8.063791
91: 56.721565 25.195475
92: 58.084144 4.587409
93: 58.242558 49.082116
94: 58.564785 38.414227
95: 60.419614 2.878674
96: 60.653860 48.636865
97: 60.783022 28.689651
98: 61.070746 53.187325
99: 61.878263 13.473150
Edges
(0,1)
(0,54)
(0,75)
(0,82)
(1,9)
(1,25)
(1,30)
(1,55)
(1,56)
(1,61)
(2,3)
(2,4)
(2,10)
(3,6)
(3,22)
(4,5)
(4,16)
(4,21)
(4,36)
(6,10)
(7,19)
(7,20)
(7,22)
(7,63)
(8,10)
(8,14)
(8,15)
(8,33)
(9,17)
(10,16)
(10,46)
(11,23)
(12,22)
(13,15)
(13,18)
(18,24)
(19,22)
(21,31)
(21,36)
(22,59)
(22,65)
(22,82)
(23,26)
(23,30)
(24,45)
(25,49)
(25,69)
(27,34)
(27,85)
(28,30)
(29,52)
(30,32)
(30,35)
(30,41)
(33,38)
(35,54)
(35,56)
(36,46)
(36,59)
(37,72)
(39,78)
(40,43)
(40,82)
(42,82)
(43,78)
(44,71)
(44,80)
(44,94)
(45,59)
(46,53)
(47,85)
(48,54)
(48,68)
(48,73)
(49,60)
(50,70)
(51,70)
(51,83)
(51,94)
(52,85)
(54,58)
(55,61)
(57,97)
(62,82)
(64,74)
(66,83)
(66,94)
(67,72)
(68,89)
(69,72)
(69,92)
(70,76)
(70,86)
(70,90)
(73,75)
(73,82)
(73,94)
(74,76)
(74,91)
(74,97)
(76,84)
(77,82)
(79,92)
(81,94)
(82,93)
(82,98)
(85,98)
(86,92)
(87,92)
(88,97)
(91,97)
(92,97)
(93,97)
(93,98)
(95,97)
(95,99)
(96,98)
