Nodes: 180
Protection radius: 1.000000
Disaster radius: 0.500000
0: 0.157147 22.751165
1: 0.749543 36.385934
2: 1.242522 6.852813
3: 1.903514 67.220161
4: 2.457578 88.958234
5: 2.769598 83.087487
6: 3.338173 4.977812
7: 3.883014 12.019425
8: 3.952117 52.793082
9: 4.499055 72.098003
10: 5.446318 2.349175
11: 5.789234 54.074169
12: 5.799661 46.575657
13: 5.934901 33.847486
14: 6.275125 68.973355
15: 7.101435 20.429114
16: 7.815171 44.370297
17: 8.105563 50.825958
18: 8.977632 68.480075
19: 9.022675 48.188225
20: 9.403365 11.273486
21: 9.719641 43.209777
22: 10.719846 53.048325
23: 11.554307 72.538999
24: 11.976077 27.881453
25: 12.738771 11.062777
26: 12.939543 3.460144
27: 13.063413 17.353968
28: 13.971577 48.319412
29: 14.765545 91.094480
30: 15.951760 67.560509
31: 16.617260 18.998004
32: 16.796017 91.365772
33: 18.219211 60.929015
34: 18.385974 3.253735
35: 19.229656 14.579507
36: 19.650164 80.652200
37: 19.852847 12.211619
38: 20.636697 77.144822
39: 21.108715 82.455297
40: 22.101115 19.807311
41: 22.210442 27.071146
42: 22.975698 36.857569
43: 23.674722 44.243189
44: 24.231045 72.470988
45: 24.521091 54.329567
46: 24.762453 32.189097
47: 25.114656 74.605096
48: 25.140641 17.770212
49: 25.430427 10.293472
50: 25.473881 62.846460
51: 25.768086 58.053358
52: 25.945139 76.544312
53: 26.329102 88.562031
54: 28.306083 46.666488
55: 28.380629 43.905898
56: 28.454711 37.358261
57: 29.118735 31.053161
58: 32.066537 90.045820
59: 32.185912 28.576334
60: 32.349718 76.321851
61: 34.628016 6.998265
62: 35.013951 60.733384
63: 35.192942 68.220006
64: 35.336859 24.658715
65: 35.832180 18.717663
66: 36.108257 4.257515
67: 37.424848 60.680274
68: 38.522942 65.918580
69: 38.831387 51.328663
70: 39.547522 24.230599
71: 39.574332 16.402623
72: 39.761641 74.266447
73: 40.052777 78.748653
74: 40.446847 80.935550
75: 40.888991 69.609659
76: 41.983314 20.253945
77: 42.131283 53.221330
78: 42.490913 37.063193
79: 42.546982 7.789025
80: 43.389717 72.162125
81: 43.724523 18.644391
82: 43.916006 44.709634
83: 44.003767 35.585149
84: 44.672143 88.321522
85: 47.239639 85.162250
86: 47.259091 0.223883
87: 47.595114 30.180822
88: 47.707662 43.913859
89: 47.708535 23.735862
90: 48.352293 6.325797
91: 49.776644 8.159098
92: 49.887562 25.267791
93: 50.086745 90.900747
94: 50.643586 28.761329
95: 52.338937 45.388047
96: 52.594202 25.574993
97: 53.470101 53.639826
98: 54.298052 2.657457
99: 55.257515 16.851200
100: 55.283760 58.171604
101: 55.498295 68.020864
102: 55.563888 79.060927
103: 55.924959 82.916958
104: 56.125478 63.660295
105: 56.592003 40.062437
106: 57.676502 79.243545
107: 58.222695 70.057613
108: 58.322717 92.622686
109: 58.685913 30.551687
110: 59.074663 3.928827
111: 60.099558 57.368000
112: 60.114443 82.935683
113: 60.227213 62.180883
114: 60.857572 90.903412
115: 61.541683 70.415053
116: 62.448700 20.318241
117: 63.417918 1.489374
118: 63.692583 62.224818
119: 64.847821 15.404809
120: 65.015848 25.115962
121: 65.026065 76.300146
122: 65.157979 22.137477
123: 65.635182 80.506256
124: 65.659279 66.052147
125: 66.460873 8.481256
126: 67.279757 50.557655
127: 68.455797 27.884253
128: 68.506680 43.447151
129: 68.682527 65.526659
130: 68.799024 21.716402
131: 69.029012 25.472750
132: 69.381720 93.608220
133: 69.982132 13.999339
134: 70.024074 51.101829
135: 70.513108 57.395930
136: 70.635485 39.843252
137: 70.871519 1.503393
138: 72.063216 59.600009
139: 72.133921 37.745015
140: 74.142912 34.555791
141: 74.213316 60.229894
142: 74.380659 36.685344
143: 74.679613 49.232559
144: 75.622488 38.723707
145: 75.834248 14.763827
146: 77.284181 57.592076
147: 77.458048 51.966708
148: 77.987660 20.638551
149: 78.216711 13.406980
150: 78.344957 37.533443
151: 78.610075 43.733435
152: 79.542853 74.733925
153: 81.691114 24.558693
154: 82.147530 68.666257
155: 82.875204 62.266217
156: 82.989753 34.074405
157: 83.172372 78.144807
158: 83.435611 22.171329
159: 83.600011 46.561318
160: 83.609899 27.784628
161: 84.901053 86.539049
162: 85.238967 79.781393
163: 85.382728 41.617630
164: 85.484067 92.447649
165: 85.718452 64.524425
166: 85.937611 16.951673
167: 86.172525 6.649133
168: 86.263266 69.405759
169: 87.123032 43.152030
170: 87.769021 0.496376
171: 87.817448 30.025545
172: 88.266760 8.569130
173: 88.986461 88.114489
174: 89.138302 47.692466
175: 91.296371 80.356523
176: 91.675827 60.225131
177: 92.942829 15.585603
178: 92.989726 39.513007
179: 93.518074 69.352820
Edges
(0,15)
(1,16)
(2,6)
(3,4)
(3,5)
(3,8)
(3,11)
(4,29)
(5,9)
(6,7)
(7,20)
(9,14)
(10,34)
(11,22)
(12,17)
(12,19)
(13,24)
(15,20)
(15,27)
(16,19)
(16,21)
(18,22)
(18,33)
(19,28)
(20,26)
(23,30)
(23,38)
(24,31)
(25,37)
(26,34)
(28,33)
(29,36)
(29,39)
(30,44)
(31,41)
(32,58)
(33,50)
(33,51)
(34,37)
(35,48)
(37,49)
(40,41)
(40,48)
(41,46)
(42,43)
(43,45)
(44,47)
(44,60)
(45,54)
(46,56)
(47,52)
(48,64)
(48,65)
(49,61)
(50,63)
(51,62)
(52,53)
(54,55)
(54,69)
(56,59)
(57,59)
(58,60)
(58,93)
(58,108)
(60,73)
(61,71)
(62,69)
(63,68)
(63,75)
(65,71)
(66,79)
(67,100)
(69,82)
(70,83)
(70,89)
(71,81)
(72,73)
(73,80)
(74,85)
(75,80)
(76,81)
(77,88)
(78,82)
(78,83)
(79,91)
(80,101)
(80,102)
(81,89)
(81,91)
(84,93)
(85,103)
(86,117)
(87,89)
(87,92)
(87,94)
(87,105)
(88,95)
(88,97)
(90,91)
(91,98)
(91,99)
(95,105)
(96,116)
(98,110)
(99,116)
(99,119)
(100,104)
(100,113)
(101,104)
(102,106)
(103,106)
(105,109)
(105,136)
(106,112)
(107,113)
(107,115)
(109,120)
(109,127)
(110,125)
(111,113)
(112,114)
(113,124)
(117,137)
(118,129)
(118,138)
(121,123)
(121,124)
(121,129)
(122,131)
(123,157)
(125,137)
(126,134)
(126,135)
(127,139)
(127,140)
(128,143)
(130,133)
(130,148)
(131,148)
(131,153)
(132,161)
(132,164)
(133,137)
(133,145)
(135,147)
(136,144)
(137,170)
(139,142)
(141,154)
(141,155)
(142,150)
(143,147)
(143,151)
(146,147)
(148,158)
(148,166)
(149,166)
(149,167)
(149,172)
(150,163)
(151,163)
(152,154)
(152,157)
(152,168)
(154,165)
(155,174)
(156,160)
(156,163)
(156,171)
(157,162)
(159,169)
(164,173)
(165,179)
(168,175)
(169,178)
(170,177)
(173,175)
(174,176)
(176,178)
