Nodes: 100
Protection radius: 1.000000
Disaster radius: 0.500000
0: 0.017554 42.589087
1: 1.029623 54.800025
2: 2.612098 15.414619
3: 2.740868 22.070931
4: 3.522731 43.221009
5: 3.612555 32.541500
6: 6.110297 10.385895
7: 6.181509 20.034808
8: 7.235493 47.118416
9: 7.645028 51.741462
10: 8.110697 8.397762
11: 8.259175 16.778868
12: 8.416001 59.989445
13: 8.454040 35.999708
14: 9.075906 32.336494
15: 9.383371 2.644717
16: 9.552582 54.637192
17: 9.665413 18.821414
18: 9.804227 42.982021
19: 10.671508 10.506336
20: 10.753515 49.034571
21: 11.589042 26.822515
22: 12.259717 55.887365
23: 12.850734 16.932253
24: 13.146051 19.877574
25: 14.691598 11.020427
26: 14.768095 42.842898
27: 14.835438 21.957490
28: 15.776343 58.384906
29: 16.010696 7.246048
30: 17.265476 42.045069
31: 18.558237 4.566687
32: 19.690767 57.835843
33: 20.064630 49.521416
34: 21.317444 21.206706
35: 21.329877 9.620095
36: 22.303474 7.589391
37: 23.209960 56.702880
38: 23.752035 23.646374
39: 24.779718 51.281457
40: 25.426420 12.461721
41: 25.851825 28.982702
42: 26.398555 16.546264
43: 27.081959 4.025142
44: 27.783946 56.028444
45: 28.301664 33.699080
46: 28.977983 40.062577
47: 29.051237 43.218330
48: 29.244380 26.357138
49: 29.595627 2.487406
50: 30.614338 9.149950
51: 31.470107 28.266730
52: 31.835572 47.485722
53: 31.877469 49.594588
54: 32.983605 17.350873
55: 33.668426 58.752308
56: 33.822483 40.539113
57: 34.399173 34.423544
58: 34.563151 9.700257
59: 34.802329 44.516525
60: 36.520293 26.416109
61: 38.682959 28.016043
62: 39.230344 17.035533
63: 39.277606 34.663657
64: 41.330734 17.405423
65: 41.857331 0.414976
66: 42.722390 38.370729
67: 43.852146 54.656789
68: 43.960513 31.808462
69: 44.135531 48.200263
70: 44.505970 18.991881
71: 46.158712 27.886688
72: 46.378018 58.997476
73: 46.409399 55.447452
74: 47.651967 24.451908
75: 47.810467 50.033656
76: 48.832324 52.488315
77: 49.577034 25.521610
78: 50.493133 46.743864
79: 51.352448 57.090862
80: 51.878748 41.542882
81: 52.637777 47.508355
82: 52.769570 36.764808
83: 53.143543 55.370368
84: 53.389500 19.299075
85: 54.458352 21.963178
86: 55.016122 30.357973
87: 55.862428 10.153066
88: 55.995301 47.227922
89: 56.282773 24.164092
90: 56.642382 53.454990
91: 57.177772 38.314170
92: 57.344767 12.917672
93: 57.459689 5.915621
94: 58.334901 8.134118
95: 58.374016 59.045868
96: 58.727986 26.609639
97: 59.135351 48.780010
98: 59.672190 34.570369
99: 59.876829 40.873037
Edges
(0,1)
(0,2)
(1,8)
(1,12)
(2,3)
(2,11)
(4,13)
(5,13)
(6,19)
(7,17)
(9,20)
(10,19)
(10,29)
(11,17)
(11,19)
(12,16)
(12,22)
(12,28)
(13,26)
(14,21)
(14,41)
(15,29)
(16,20)
(18,26)
(19,23)
(19,25)
(20,26)
(23,24)
(24,27)
(25,35)
(26,33)
(28,32)
(30,33)
(30,41)
(31,35)
(31,36)
(31,43)
(32,55)
(34,40)
(35,40)
(37,39)
(38,42)
(39,44)
(39,47)
(39,52)
(41,48)
(42,48)
(42,54)
(43,49)
(44,55)
(45,46)
(46,56)
(49,50)
(49,65)
(51,57)
(52,59)
(53,55)
(54,60)
(54,62)
(56,59)
(57,61)
(58,64)
(59,69)
(60,61)
(60,70)
(61,71)
(63,66)
(64,70)
(65,93)
(66,78)
(66,80)
(67,69)
(68,82)
(71,77)
(71,82)
(72,73)
(72,79)
(72,95)
(74,84)
(75,78)
(76,83)
(77,85)
(80,81)
(80,82)
(81,83)
(81,90)
(82,86)
(82,91)
(83,95)
(84,92)
(85,89)
(87,92)
(88,99)
(89,96)
(91,98)
(92,96)
(94,98)
(95,97)
(97,99)
