Nodes: 100
Protection radius: 1.000000
Disaster radius: 0.500000
0: 0.549218 37.007781
1: 0.698506 11.870343
2: 0.718278 22.175534
3: 1.450138 16.411657
4: 1.802268 3.665998
5: 1.843313 8.767632
6: 1.968188 49.656011
7: 2.735937 31.351012
8: 3.229584 34.271898
9: 5.700617 31.374451
10: 5.714674 11.025851
11: 7.215911 42.527543
12: 7.468100 23.862121
13: 7.883115 9.668665
14: 8.161629 38.263915
15: 10.228299 30.052430
16: 10.439449 32.655879
17: 10.622911 36.930979
18: 10.951833 11.907961
19: 11.065859 43.049370
20: 11.324170 1.551351
21: 11.795681 22.337351
22: 12.277550 4.623981
23: 13.052844 18.439740
24: 13.321872 39.286818
25: 13.705354 33.146060
26: 14.107147 11.109350
27: 14.275121 44.098590
28: 14.291898 16.205709
29: 15.313063 4.883534
30: 15.873621 34.878561
31: 16.000081 47.793474
32: 16.494324 16.050048
33: 16.622676 0.298319
34: 17.237394 20.931820
35: 17.489649 12.976057
36: 18.159837 27.126666
37: 18.255884 30.905054
38: 18.751897 41.698761
39: 18.884238 2.383937
40: 18.981755 35.120161
41: 20.164752 47.052279
42: 20.219196 20.128026
43: 20.922240 30.443362
44: 21.317357 1.348765
45: 21.800707 34.129586
46: 21.886342 3.807188
47: 22.026639 23.758016
48: 22.603815 16.422839
49: 23.347961 45.407443
50: 23.734028 28.047044
51: 23.989687 0.714638
52: 24.297474 15.295645
53: 25.204437 34.499170
54: 25.802583 30.518318
55: 26.246471 27.997252
56: 26.416961 21.214473
57: 27.526162 11.321417
58: 27.841304 49.829280
59: 28.037916 1.943493
60: 28.511923 42.149525
61: 28.602292 35.431656
62: 29.220653 46.700330
63: 30.094380 17.143104
64: 30.206592 39.643739
65: 30.331874 29.631140
66: 31.052199 5.436111
67: 31.052645 45.092189
68: 31.182491 20.537064
69: 31.203373 27.669302
70: 32.695719 17.188322
71: 33.405409 22.130058
72: 33.715938 43.039977
73: 34.183587 10.403144
74: 34.344739 46.410400
75: 35.087666 18.758530
76: 35.938772 12.480045
77: 36.748233 22.292575
78: 38.876763 0.835227
79: 39.484419 41.656044
80: 39.755670 17.147068
81: 41.110084 29.413864
82: 41.426211 38.002828
83: 41.761027 47.413760
84: 42.739152 36.109492
85: 43.498289 20.580456
86: 44.597702 30.421230
87: 45.435679 4.142632
88: 45.442852 6.848330
89: 45.570447 10.116606
90: 46.334731 23.312794
91: 46.920074 38.868184
92: 48.179880 9.717973
93: 48.441705 2.492070
94: 48.539334 30.570481
95: 48.560399 5.775840
96: 48.801321 45.015811
97: 49.351769 17.672682
98: 49.888307 11.708596
99: 49.950928 7.670472
Edges
(0,11)
(0,14)
(1,3)
(1,5)
(2,3)
(2,7)
(3,10)
(4,13)
(4,20)
(4,33)
(6,11)
(6,19)
(7,9)
(8,14)
(9,14)
(10,18)
(12,23)
(13,22)
(14,16)
(14,24)
(15,36)
(17,25)
(18,22)
(21,23)
(21,36)
(22,26)
(24,38)
(25,30)
(25,36)
(26,28)
(26,35)
(27,31)
(29,33)
(30,38)
(31,58)
(32,34)
(33,39)
(34,36)
(36,43)
(36,50)
(37,43)
(38,40)
(38,41)
(41,58)
(42,56)
(44,46)
(44,51)
(45,54)
(47,50)
(47,56)
(48,52)
(49,62)
(51,78)
(52,56)
(53,54)
(54,65)
(55,65)
(56,68)
(57,59)
(59,66)
(60,61)
(60,67)
(60,72)
(62,67)
(63,73)
(64,82)
(65,82)
(66,73)
(67,74)
(68,70)
(69,71)
(69,77)
(69,81)
(70,73)
(72,79)
(73,76)
(75,77)
(75,80)
(76,80)
(76,88)
(77,85)
(78,88)
(79,83)
(79,96)
(80,89)
(81,82)
(82,84)
(86,90)
(86,94)
(87,93)
(87,95)
(88,92)
(88,95)
(90,97)
(91,94)
(92,98)
(93,99)
(96,97)
(96,98)
