Nodes: 100
Protection radius: 1.000000
Disaster radius: 0.500000
0: 0.007792 20.192699
1: 0.158512 15.206331
2: 0.406965 0.864975
3: 2.854248 22.633893
4: 3.079429 46.540531
5: 3.928973 6.417237
6: 4.053139 17.802901
7: 4.818923 51.651361
8: 5.020688 10.779796
9: 5.416756 24.424200
10: 5.444369 8.809466
11: 7.326609 36.852401
12: 7.584639 7.311913
13: 7.938731 10.212763
14: 9.351023 13.918731
15: 11.135417 8.813489
16: 11.411595 53.350389
17: 12.273104 19.452224
18: 12.983979 3.964219
19: 13.099785 30.679251
20: 13.141574 6.374810
21: 13.386914 55.769794
22: 13.590553 13.013380
23: 14.927311 2.820982
24: 15.857536 5.477431
25: 17.458001 33.517065
26: 18.007758 41.348604
27: 18.296258 35.479622
28: 19.754204 55.899671
29: 19.858381 14.972740
30: 20.041931 17.984797
31: 20.788815 6.604991
32: 21.986452 42.051346
33: 23.613622 16.104969
34: 23.933378 0.410806
35: 24.003186 33.390768
36: 24.018312 31.367374
37: 24.026553 27.409092
38: 25.047884 44.764315
39: 25.775696 28.379267
40: 26.057215 34.842518
41: 26.525488 18.558330
42: 27.738055 10.878820
43: 27.886306 33.060710
44: 29.067368 20.054093
45: 30.073495 51.242311
46: 30.206463 0.578855
47: 30.490684 32.326949
48: 30.773243 3.313855
49: 30.799010 46.279692
50: 31.168720 10.689549
51: 31.173763 43.207721
52: 31.831713 13.223389
53: 32.768607 47.992135
54: 33.008078 28.066913
55: 33.062076 2.706331
56: 33.301315 25.511893
57: 33.339411 45.342406
58: 33.744133 31.018805
59: 33.856698 20.743811
60: 34.658447 6.586390
61: 34.662541 42.309179
62: 34.834726 33.061919
63: 35.054130 52.689098
64: 36.156682 4.304073
65: 37.403674 18.854605
66: 38.955854 17.043668
67: 39.415031 46.278231
68: 40.060672 34.151098
69: 40.088959 19.266934
70: 40.285360 27.384484
71: 40.892014 30.354373
72: 41.259755 42.013454
73: 41.353331 36.190000
74: 42.483495 43.934971
75: 42.758097 53.343246
76: 43.209577 10.323914
77: 43.496690 24.713951
78: 43.639692 28.957321
79: 43.714682 21.038516
80: 44.166174 48.221640
81: 44.469674 33.315778
82: 45.493691 42.707283
83: 45.758836 14.483486
84: 46.021138 24.442291
85: 47.821297 8.879519
86: 49.056023 30.844082
87: 49.622034 0.551274
88: 49.995837 20.048696
89: 51.350706 32.283177
90: 51.851419 56.948644
91: 52.021210 10.431148
92: 52.530586 41.071623
93: 53.215764 53.895090
94: 53.240372 51.129374
95: 53.254618 29.986188
96: 54.793576 12.403562
97: 55.010728 17.426778
98: 56.221101 2.710426
99: 56.277954 27.676165
Edges
(0,7)
(0,8)
(0,12)
(0,22)
(1,8)
(2,23)
(2,48)
(3,11)
(3,17)
(3,26)
(3,29)
(3,50)
(4,7)
(5,8)
(5,23)
(6,12)
(6,13)
(6,14)
(6,18)
(6,22)
(6,23)
(7,45)
(7,53)
(7,82)
(8,10)
(9,17)
(9,26)
(9,32)
(9,38)
(10,12)
(11,26)
(12,18)
(13,18)
(14,60)
(15,20)
(15,23)
(15,64)
(15,98)
(16,45)
(17,39)
(17,52)
(17,54)
(17,56)
(17,58)
(19,37)
(20,23)
(20,24)
(20,31)
(21,28)
(21,63)
(22,29)
(22,50)
(22,60)
(23,31)
(23,48)
(24,31)
(25,35)
(25,37)
(27,35)
(28,63)
(28,90)
(30,56)
(31,55)
(31,64)
(33,56)
(34,55)
(34,87)
(34,98)
(35,37)
(36,37)
(37,38)
(37,40)
(38,47)
(41,44)
(41,56)
(42,60)
(43,58)
(44,52)
(44,56)
(45,74)
(46,98)
(49,53)
(50,59)
(51,57)
(52,56)
(52,59)
(53,74)
(56,59)
(57,58)
(57,60)
(57,72)
(57,89)
(59,60)
(60,65)
(60,85)
(60,91)
(60,96)
(60,98)
(61,66)
(61,68)
(61,69)
(61,70)
(61,73)
(61,83)
(61,89)
(61,95)
(62,65)
(62,66)
(63,67)
(66,69)
(67,80)
(68,73)
(68,78)
(68,97)
(70,76)
(71,88)
(73,95)
(75,89)
(75,95)
(76,96)
(77,79)
(77,88)
(77,96)
(80,89)
(81,86)
(81,95)
(84,88)
(88,96)
(88,97)
(90,92)
(90,93)
(90,94)
(90,95)
(90,97)
(90,98)
(90,99)
