Nodes: 180
Protection radius: 1.000000
Disaster radius: 0.500000
0: 0.834706 52.728723
1: 1.192688 37.119432
2: 2.100732 28.648927
3: 3.301105 19.437380
4: 3.541065 58.688783
5: 3.647114 5.217443
6: 4.520737 71.725625
7: 5.142380 52.820734
8: 5.350097 87.670515
9: 5.760117 65.291073
10: 6.370785 2.988759
11: 6.672277 39.335498
12: 6.675766 89.740412
13: 8.198768 49.825632
14: 8.273606 55.621505
15: 8.386232 62.838704
16: 9.632504 81.560780
17: 9.809240 36.905641
18: 9.837157 99.070422
19: 10.143012 76.788985
20: 10.869159 74.737627
21: 11.139379 1.781406
22: 12.241439 67.895318
23: 12.287904 64.222281
24: 12.309000 25.482005
25: 12.326335 87.432430
26: 13.270003 98.364500
27: 13.826735 45.837062
28: 14.588213 77.177492
29: 14.742879 93.703682
30: 15.846807 101.206578
31: 16.556425 12.106601
32: 16.564154 44.679694
33: 16.961156 47.865293
34: 17.009947 66.888710
35: 17.169182 29.852100
36: 17.242339 57.179365
37: 17.316443 59.599148
38: 18.244693 0.038541
39: 18.643959 69.499729
40: 19.117906 52.912124
41: 19.857186 7.999291
42: 19.901610 96.264184
43: 19.954536 21.520006
44: 20.060126 71.973892
45: 20.226429 100.672986
46: 20.365742 90.597219
47: 20.452012 81.185350
48: 22.818203 84.927593
49: 22.984797 90.905809
50: 23.273097 93.652200
51: 23.538842 68.205528
52: 23.574939 43.694659
53: 24.248537 22.212967
54: 24.939797 2.204785
55: 25.060985 88.764972
56: 25.107862 11.929961
57: 25.287484 6.122031
58: 25.802628 15.599527
59: 26.513238 39.602512
60: 26.918660 66.154544
61: 27.293814 59.531403
62: 27.613572 70.146372
63: 27.618950 80.307895
64: 27.783458 8.553005
65: 29.885551 0.410750
66: 30.233364 90.447960
67: 31.088525 51.421125
68: 32.341755 19.147912
69: 33.174290 52.491227
70: 33.451842 28.100379
71: 34.004176 36.350394
72: 34.176775 40.699039
73: 35.200458 14.644391
74: 36.435290 7.696205
75: 36.481904 49.559570
76: 36.672934 44.147188
77: 37.157974 87.994469
78: 37.545359 31.152366
79: 37.934541 92.824578
80: 37.985844 21.566321
81: 38.037140 71.348481
82: 40.281746 95.835685
83: 42.324391 24.966114
84: 42.887102 31.736752
85: 43.027907 22.902506
86: 43.279620 1.200169
87: 43.859218 78.607439
88: 44.089816 20.550083
89: 44.683252 36.277507
90: 45.131174 7.071868
91: 45.730154 58.506208
92: 46.623080 70.843757
93: 46.954169 75.265681
94: 47.179081 54.294235
95: 47.468348 24.146193
96: 47.618468 66.572928
97: 50.275747 27.505961
98: 51.780140 10.558852
99: 51.868439 22.234072
100: 52.823326 1.801371
101: 54.313340 90.066183
102: 54.937161 3.931352
103: 55.346717 69.604765
104: 55.624620 34.301566
105: 55.678044 47.751318
106: 56.115651 53.162963
107: 56.127085 64.780571
108: 57.278430 82.325980
109: 58.670822 66.097823
110: 59.162751 88.941337
111: 59.194081 79.929082
112: 59.493245 24.004129
113: 59.942153 10.467112
114: 60.780158 76.690947
115: 60.790742 31.394880
116: 61.365100 97.643961
117: 62.371445 68.581745
118: 63.127627 3.662394
119: 63.957158 10.562707
120: 63.982057 43.329963
121: 63.987149 52.401881
122: 64.558415 50.460600
123: 65.491875 20.674135
124: 67.108472 100.177204
125: 67.758411 43.448467
126: 69.347967 13.301995
127: 70.012715 66.030064
128: 70.131179 1.141291
129: 70.260119 18.031453
130: 70.354073 35.697999
131: 70.618744 82.286647
132: 72.362941 23.682220
133: 72.453933 75.368371
134: 72.821699 92.644200
135: 73.300567 84.183303
136: 73.715942 64.020133
137: 73.937034 22.171304
138: 74.578985 47.503775
139: 75.182209 97.178779
140: 75.814630 58.686229
141: 75.995419 89.361337
142: 76.387239 43.235559
143: 76.505383 55.213437
144: 76.845183 3.569570
145: 77.925280 62.145813
146: 78.887753 83.389459
147: 79.149702 23.496082
148: 79.374198 96.131853
149: 80.185915 48.682800
150: 80.571554 15.159785
151: 80.728590 26.071333
152: 82.109266 88.138883
153: 82.319403 58.337507
154: 82.760949 77.788728
155: 82.961886 32.303214
156: 83.818686 89.756912
157: 84.110114 39.420542
158: 84.185997 98.167006
159: 84.693364 14.739395
160: 86.030987 28.818723
161: 86.084588 100.742422
162: 89.074551 80.442276
163: 89.098241 77.546735
164: 90.034192 39.037750
165: 90.101751 93.760335
166: 90.762003 53.222630
167: 91.121804 82.631108
168: 92.079071 59.568473
169: 92.496353 13.849606
170: 94.585950 26.478592
171: 95.224773 72.439585
172: 95.297146 20.092976
173: 96.094195 62.092329
174: 97.529794 92.299184
175: 97.617091 73.412916
176: 98.883820 64.138088
177: 100.022058 10.548487
178: 100.743765 75.963518
179: 101.064332 48.070961
Edges
(0,1)
(0,4)
(0,8)
(0,11)
(0,13)
(1,11)
(1,17)
(2,24)
(3,5)
(3,24)
(3,31)
(4,6)
(4,7)
(4,15)
(5,10)
(6,20)
(7,13)
(7,14)
(8,12)
(8,18)
(8,25)
(9,15)
(12,25)
(12,29)
(13,40)
(14,23)
(14,37)
(15,23)
(16,19)
(16,28)
(17,24)
(18,29)
(18,30)
(19,20)
(19,28)
(20,22)
(20,39)
(21,31)
(22,23)
(23,34)
(23,37)
(24,35)
(24,43)
(25,28)
(25,46)
(25,47)
(25,48)
(26,29)
(27,32)
(27,33)
(28,47)
(29,42)
(29,46)
(30,45)
(31,41)
(31,43)
(31,56)
(33,40)
(34,51)
(35,43)
(36,40)
(36,61)
(37,61)
(38,54)
(38,65)
(40,52)
(40,61)
(41,56)
(42,45)
(43,53)
(44,47)
(44,62)
(45,50)
(46,48)
(48,49)
(48,55)
(49,50)
(49,55)
(50,66)
(51,62)
(52,59)
(52,67)
(53,70)
(54,57)
(54,65)
(56,64)
(57,64)
(58,64)
(58,73)
(59,72)
(60,61)
(60,62)
(60,81)
(61,81)
(62,63)
(62,81)
(63,66)
(63,87)
(65,74)
(65,128)
(66,82)
(67,72)
(67,75)
(68,70)
(69,91)
(71,89)
(72,76)
(72,89)
(73,74)
(73,80)
(74,90)
(75,94)
(76,89)
(77,101)
(78,83)
(78,84)
(78,89)
(79,82)
(79,101)
(81,92)
(81,93)
(82,101)
(82,124)
(83,95)
(85,88)
(86,90)
(86,100)
(86,128)
(88,95)
(89,105)
(90,100)
(91,106)
(92,93)
(92,96)
(93,103)
(93,108)
(93,111)
(95,97)
(96,107)
(97,112)
(98,99)
(98,102)
(98,113)
(100,128)
(101,110)
(101,116)
(102,113)
(103,109)
(103,111)
(103,114)
(104,105)
(105,106)
(105,120)
(105,122)
(106,107)
(106,121)
(107,109)
(107,121)
(109,117)
(110,111)
(110,131)
(111,114)
(112,113)
(113,119)
(113,123)
(114,131)
(115,120)
(117,127)
(118,119)
(119,126)
(120,122)
(120,130)
(121,127)
(121,140)
(121,143)
(122,125)
(122,143)
(124,161)
(125,130)
(125,138)
(126,129)
(126,150)
(127,133)
(127,136)
(128,144)
(128,177)
(129,132)
(129,137)
(130,132)
(130,155)
(131,134)
(133,145)
(134,141)
(134,148)
(135,146)
(138,143)
(138,149)
(139,148)
(139,161)
(140,143)
(140,145)
(140,153)
(141,146)
(141,148)
(141,152)
(142,157)
(143,153)
(144,177)
(145,168)
(145,171)
(146,152)
(146,154)
(146,162)
(147,150)
(148,158)
(149,153)
(149,157)
(149,166)
(151,155)
(152,156)
(152,167)
(153,168)
(154,162)
(155,157)
(155,160)
(156,158)
(156,167)
(158,161)
(158,165)
(159,160)
(159,172)
(160,164)
(160,172)
(161,165)
(163,167)
(163,175)
(164,166)
(164,170)
(164,179)
(165,167)
(165,174)
(166,173)
(169,172)
(170,172)
(170,179)
(171,176)
(173,176)
(174,178)
