Nodes: 100
Protection radius: 1.000000
Disaster radius: 0.500000
0: 0.066613 39.869007
1: 0.169540 20.337015
2: 0.834269 43.423891
3: 0.915390 25.279129
4: 1.758859 1.379549
5: 1.850401 22.497545
6: 2.312965 35.515830
7: 2.687671 16.240399
8: 3.543662 19.491951
9: 4.400925 7.201883
10: 4.499270 24.086311
11: 5.734908 3.943447
12: 7.887100 42.168674
13: 7.897312 26.995939
14: 8.387241 12.542370
15: 8.565778 35.979912
16: 8.828960 15.540595
17: 8.887313 19.578297
18: 8.907544 46.314862
19: 10.083523 6.943738
20: 10.428946 41.692856
21: 11.157462 0.167011
22: 11.708101 35.696119
23: 12.219383 39.380444
24: 12.571750 18.795234
25: 12.730119 3.066175
26: 13.719562 25.836882
27: 14.134914 34.271378
28: 15.046165 30.582677
29: 16.861719 39.447076
30: 18.358262 18.474735
31: 18.893200 25.655293
32: 19.099259 51.294084
33: 19.118193 42.834907
34: 20.206169 39.391922
35: 21.154186 42.784292
36: 21.453317 13.263244
37: 22.327452 11.350570
38: 23.112602 32.432037
39: 24.317874 10.580320
40: 24.812956 41.691953
41: 25.314770 46.804939
42: 25.626813 31.941562
43: 25.640076 3.296756
44: 26.120009 23.433407
45: 26.454158 44.414029
46: 27.316433 19.062740
47: 29.281983 52.049192
48: 29.500199 31.583132
49: 29.629009 15.569964
50: 29.748408 18.534680
51: 31.477148 35.235107
52: 31.609333 22.556461
53: 31.659069 46.258997
54: 31.734203 43.602631
55: 31.934817 1.003272
56: 33.733675 35.072873
57: 34.529042 45.953059
58: 34.947807 19.397104
59: 35.526579 41.050226
60: 36.555689 22.368707
61: 36.795426 50.843439
62: 37.097610 17.338735
63: 37.371512 45.702969
64: 38.542373 31.999908
65: 39.149330 36.628414
66: 40.709725 7.542639
67: 41.102624 44.756094
68: 41.167244 36.948124
69: 41.497786 26.706664
70: 41.857169 17.130838
71: 41.859867 29.472994
72: 41.860657 32.004241
73: 42.513251 42.448594
74: 43.083488 46.029057
75: 43.125048 35.078580
76: 44.158302 3.264713
77: 44.462127 6.503012
78: 44.490762 30.436919
79: 44.758127 8.922627
80: 45.992308 39.024535
81: 46.215704 14.603364
82: 46.339309 28.876969
83: 46.544927 4.841587
84: 46.560232 25.619903
85: 47.680000 11.141925
86: 47.972632 20.306813
87: 48.334426 8.288079
88: 48.444218 40.064720
89: 49.170649 51.941598
90: 50.069651 5.511149
91: 50.523275 17.398203
92: 50.870644 50.306792
93: 51.038633 33.198623
94: 51.056425 43.850649
95: 51.371220 11.658189
96: 51.566905 27.878868
97: 51.615912 35.149201
98: 51.965179 37.543076
99: 52.972795 21.586408
Edges
(0,1)
(0,2)
(0,12)
(2,18)
(3,6)
(3,10)
(4,9)
(4,21)
(5,10)
(7,14)
(8,17)
(9,11)
(9,14)
(10,13)
(10,17)
(12,20)
(14,24)
(15,22)
(16,24)
(17,24)
(18,32)
(19,25)
(20,23)
(21,25)
(21,55)
(22,23)
(23,29)
(24,30)
(26,28)
(27,38)
(28,31)
(29,34)
(30,31)
(30,46)
(31,44)
(32,33)
(32,47)
(35,41)
(35,45)
(36,49)
(37,39)
(37,43)
(38,40)
(39,49)
(40,42)
(40,45)
(40,54)
(41,47)
(45,53)
(47,89)
(48,51)
(49,55)
(49,58)
(50,52)
(51,59)
(52,64)
(53,57)
(55,76)
(56,65)
(57,61)
(58,60)
(59,63)
(59,65)
(61,63)
(62,66)
(62,70)
(63,74)
(64,65)
(66,76)
(67,74)
(68,72)
(68,75)
(68,80)
(69,71)
(69,84)
(70,84)
(72,78)
(73,74)
(73,80)
(74,92)
(76,77)
(76,83)
(77,87)
(79,85)
(79,87)
(80,88)
(80,97)
(81,95)
(82,84)
(82,93)
(82,96)
(83,90)
(86,91)
(88,94)
(90,95)
(91,99)
(93,97)
(96,99)
(98,99)
