Nodes: 60
Protection radius: 1.000000
Disaster radius: 0.500000
0: 0.187402 32.988531
1: 0.277539 25.842238
2: 2.259341 36.978683
3: 3.776770 20.529517
4: 3.891659 34.238541
5: 4.162321 9.878144
6: 4.341972 12.585398
7: 4.453897 27.171159
8: 5.241873 30.880203
9: 5.379803 7.705049
10: 5.405254 15.977342
11: 6.485674 13.941756
12: 7.678874 8.583112
13: 8.395710 26.046069
14: 8.884836 28.129661
15: 9.491668 11.344130
16: 9.901148 34.001569
17: 12.772696 6.066056
18: 12.921647 28.897311
19: 12.974035 22.426751
20: 13.511521 36.243601
21: 15.143991 10.586636
22: 15.488317 4.979781
23: 16.622747 30.409348
24: 17.696898 13.076326
25: 17.960559 15.765857
26: 17.963753 3.800675
27: 18.321362 20.290406
28: 18.409508 10.313290
29: 19.576196 18.687047
30: 20.167410 32.595436
31: 20.508200 30.170839
32: 20.600365 24.080356
33: 21.171723 8.085609
34: 21.744549 3.449881
35: 22.034599 27.331442
36: 23.470905 35.275917
37: 23.769348 1.387805
38: 23.877117 20.923809
39: 24.818075 8.596946
40: 25.285886 4.112703
41: 26.883229 21.991955
42: 26.988544 3.038999
43: 27.172408 34.319645
44: 27.481710 14.125869
45: 28.253464 0.388638
46: 28.462862 16.082320
47: 29.808696 12.757360
48: 30.822019 23.340362
49: 31.309006 25.334043
50: 31.347852 30.357303
51: 32.574119 28.000884
52: 32.636711 2.441451
53: 32.675299 21.327637
54: 32.803668 36.798764
55: 34.452904 29.977547
56: 35.707449 15.370510
57: 36.073877 3.015740
58: 36.155528 0.536755
59: 36.678173 23.369006
Edges
(0,1)
(1,2)
(2,3)
(2,6)
(2,10)
(4,12)
(4,16)
(5,10)
(7,12)
(8,20)
(9,11)
(9,12)
(10,11)
(12,13)
(12,15)
(14,18)
(15,17)
(17,18)
(17,28)
(17,33)
(17,39)
(19,28)
(20,23)
(20,33)
(20,36)
(21,28)
(22,39)
(24,28)
(25,33)
(26,39)
(26,40)
(27,35)
(27,44)
(29,33)
(30,43)
(30,54)
(31,35)
(32,35)
(32,54)
(34,37)
(34,45)
(34,52)
(38,41)
(39,44)
(40,46)
(40,50)
(40,56)
(41,54)
(42,56)
(42,57)
(45,57)
(47,56)
(48,50)
(48,53)
(49,54)
(51,56)
(51,59)
(55,59)
(57,58)
