Nodes: 20
Protection radius: 1.000000
Disaster radius: 0.500000
0: 0.131308 9.003177
1: 0.204977 6.154492
2: 1.590232 2.696086
3: 2.902920 13.793098
4: 4.193861 7.210035
5: 4.590511 0.507888
6: 4.669207 10.259689
7: 6.408002 5.778606
8: 7.134836 8.974206
9: 8.651439 2.677970
10: 9.104626 11.804043
11: 9.255199 14.481438
12: 9.475013 5.646638
13: 9.917916 0.169449
14: 10.914538 2.518168
15: 11.024969 7.575530
16: 12.127167 11.182207
17: 12.798927 13.602168
18: 14.276145 6.892939
19: 14.938864 1.973121
Edges
(0,3)
(0,4)
(0,6)
(1,4)
(2,4)
(2,5)
(3,10)
(4,6)
(4,7)
(5,9)
(5,13)
(6,10)
(7,8)
(8,15)
(10,16)
(11,17)
(12,18)
(13,14)
(14,19)
(15,18)
(16,18)
(17,18)
