Nodes: 20
Protection radius: 1.000000
Disaster radius: 0.500000
0: 0.022984 4.251670
1: 0.540551 7.526090
2: 0.983418 12.034432
3: 2.479071 1.992524
4: 3.660452 6.987249
5: 3.667148 9.091897
6: 3.687111 13.014546
7: 4.250861 2.982619
8: 5.040996 0.986661
9: 6.052321 9.949099
10: 6.317188 13.743482
11: 6.741163 6.781522
12: 7.645970 11.573783
13: 8.190056 0.305871
14: 8.661291 2.827143
15: 9.167586 9.309912
16: 10.590057 6.178192
17: 11.941623 4.290885
18: 13.140032 9.788296
19: 13.910490 5.143137
Edges
(0,2)
(1,4)
(2,4)
(2,9)
(2,11)
(3,7)
(5,7)
(5,11)
(5,13)
(5,14)
(6,16)
(7,8)
(10,19)
(11,17)
(12,15)
(12,16)
(13,19)
(15,19)
(18,19)
