Nodes: 180
Protection radius: 1.000000
Disaster radius: 0.500000
0: 1.269584 53.605205
1: 1.592716 40.147976
2: 1.693094 11.595469
3: 1.883899 73.063732
4: 2.098385 80.245755
5: 4.707279 6.851367
6: 7.032514 16.223917
7: 7.899264 30.256867
8: 7.996690 62.178493
9: 8.565324 17.715352
10: 8.877361 91.353324
11: 9.056379 47.029388
12: 9.285916 10.630941
13: 9.435004 21.408654
14: 10.193211 58.127512
15: 10.369426 3.882968
16: 10.734326 35.210140
17: 12.217812 2.740870
18: 12.264156 69.613370
19: 12.493215 81.579107
20: 13.468120 53.737850
21: 14.423404 56.129121
22: 14.543095 22.827901
23: 14.599170 34.328049
24: 15.408720 88.145037
25: 15.903019 79.851975
26: 16.161789 73.366386
27: 16.684891 92.137413
28: 16.943930 39.123290
29: 17.958300 29.284347
30: 18.175207 59.304471
31: 19.035905 3.947277
32: 20.242100 96.140606
33: 20.473566 16.620740
34: 20.898150 70.454718
35: 21.908125 43.275066
36: 22.065575 7.230491
37: 22.073877 82.909746
38: 23.035644 15.910142
39: 23.484550 96.842753
40: 25.192703 73.101862
41: 27.313249 50.593767
42: 27.981528 10.514678
43: 28.300776 67.338639
44: 29.757837 48.003543
45: 30.397579 92.660426
46: 30.557200 28.750914
47: 30.606654 8.854235
48: 30.797780 43.495642
49: 30.859477 90.122372
50: 31.069499 19.827527
51: 31.540126 32.828727
52: 32.298745 1.987470
53: 33.842512 22.527346
54: 34.844746 68.955207
55: 34.901151 25.419606
56: 35.249038 15.692989
57: 35.436771 92.211088
58: 36.497189 12.529606
59: 36.834237 81.844050
60: 37.105460 85.707440
61: 37.311120 89.182042
62: 37.485299 19.759125
63: 37.783704 92.957728
64: 39.365467 7.379041
65: 39.476156 25.181657
66: 40.060789 66.408306
67: 40.108877 37.837189
68: 41.969439 11.208782
69: 43.372582 6.965091
70: 44.061981 77.921813
71: 45.081917 24.304631
72: 45.400102 50.374653
73: 45.401009 81.650720
74: 45.705941 68.704235
75: 45.772323 97.368942
76: 45.854055 78.846446
77: 46.961954 60.972836
78: 47.364612 55.590281
79: 47.537455 93.624443
80: 48.229857 4.992171
81: 48.603151 57.617913
82: 49.059951 53.936489
83: 49.817735 82.977742
84: 51.248384 23.724315
85: 52.242357 73.357623
86: 52.628296 20.690380
87: 53.115523 0.851535
88: 53.129541 81.466551
89: 53.372755 76.364553
90: 53.675371 83.700190
91: 54.167314 42.315969
92: 55.105432 77.712343
93: 55.882592 72.692505
94: 56.230269 40.232784
95: 57.585480 13.344030
96: 59.767254 3.573547
97: 59.991909 39.617903
98: 60.294593 71.790323
99: 60.364535 34.921629
100: 61.809324 79.442618
101: 61.835993 5.783106
102: 61.954932 15.416303
103: 62.330336 67.137388
104: 63.597545 31.113519
105: 63.711196 45.112675
106: 63.989339 56.504792
107: 64.526063 42.469285
108: 64.904297 72.392058
109: 65.195801 77.114130
110: 65.444293 82.747101
111: 65.659991 47.707465
112: 66.475023 21.441281
113: 66.762288 84.675732
114: 67.107625 74.591079
115: 67.485151 15.060836
116: 68.423753 64.391646
117: 68.548807 92.121159
118: 68.673601 35.064452
119: 68.745908 29.195579
120: 69.350835 98.827525
121: 69.784139 49.024956
122: 69.827071 75.067065
123: 70.543115 8.876720
124: 70.849756 70.664020
125: 71.531830 87.080504
126: 71.728064 89.526954
127: 72.177250 14.943034
128: 73.713606 93.715567
129: 73.945953 5.891329
130: 74.028265 61.391310
131: 74.735339 48.254065
132: 75.046486 17.919401
133: 75.144696 9.833524
134: 75.275799 32.361911
135: 75.673291 69.203092
136: 75.937551 64.357038
137: 75.944604 86.130762
138: 76.008303 15.948559
139: 76.168358 2.973630
140: 76.234394 29.517451
141: 77.125413 55.106532
142: 77.324213 37.586692
143: 77.951826 49.749849
144: 77.969580 13.760984
145: 78.358558 82.847157
146: 78.508157 32.613745
147: 78.771464 44.314398
148: 79.666993 64.693405
149: 81.342228 42.076868
150: 81.406631 17.501230
151: 82.925172 53.895122
152: 82.949864 73.364287
153: 83.437596 85.780812
154: 84.005632 96.799678
155: 84.341196 11.824269
156: 84.872091 73.951390
157: 85.152304 83.295201
158: 86.198077 5.215922
159: 86.621381 79.638148
160: 87.542049 66.967787
161: 87.961345 30.217964
162: 88.859480 80.665404
163: 89.196078 33.861279
164: 89.223091 77.552807
165: 90.132507 74.537352
166: 90.983134 6.025645
167: 91.559565 58.383059
168: 93.517167 24.502442
169: 93.529967 44.831085
170: 93.700935 37.760545
171: 94.342571 12.390287
172: 94.698985 72.011238
173: 95.146175 76.199704
174: 96.992141 34.584585
175: 97.353335 50.401556
176: 97.418980 20.346961
177: 97.954006 66.127557
178: 98.058762 77.568608
179: 98.540146 32.255093
Edges
(0,1)
(0,35)
(0,48)
(1,6)
(1,12)
(1,23)
(1,28)
(2,12)
(3,18)
(4,19)
(4,63)
(4,73)
(4,110)
(4,129)
(5,12)
(7,12)
(7,13)
(8,18)
(9,12)
(10,24)
(10,32)
(10,63)
(11,35)
(12,16)
(14,18)
(15,17)
(15,22)
(15,28)
(17,87)
(18,67)
(18,86)
(18,123)
(18,129)
(20,30)
(21,30)
(22,29)
(22,33)
(25,43)
(25,76)
(25,129)
(26,34)
(26,129)
(27,45)
(28,38)
(30,41)
(30,48)
(30,86)
(30,95)
(31,36)
(31,51)
(31,58)
(36,46)
(36,50)
(37,59)
(39,45)
(39,120)
(40,74)
(40,76)
(40,78)
(40,115)
(40,148)
(42,58)
(44,86)
(46,71)
(47,58)
(49,59)
(49,61)
(50,55)
(50,62)
(52,58)
(52,64)
(52,96)
(52,139)
(53,71)
(54,66)
(54,103)
(54,105)
(54,116)
(54,136)
(55,65)
(56,58)
(57,63)
(58,69)
(58,123)
(59,79)
(60,63)
(63,75)
(67,102)
(68,80)
(70,89)
(70,109)
(72,174)
(76,88)
(77,81)
(77,141)
(77,151)
(77,167)
(79,90)
(79,117)
(79,152)
(80,139)
(81,106)
(81,131)
(81,175)
(82,105)
(83,90)
(84,95)
(85,108)
(85,109)
(85,114)
(85,122)
(88,100)
(91,129)
(92,109)
(93,148)
(94,99)
(97,146)
(98,152)
(99,104)
(99,140)
(99,146)
(101,123)
(105,131)
(105,149)
(107,142)
(108,152)
(111,121)
(112,144)
(112,161)
(113,125)
(113,162)
(117,125)
(118,146)
(119,140)
(120,153)
(120,154)
(121,131)
(124,152)
(124,167)
(124,172)
(125,126)
(126,145)
(126,157)
(127,129)
(128,157)
(130,148)
(131,147)
(131,169)
(132,138)
(132,144)
(133,144)
(134,140)
(135,177)
(137,145)
(137,178)
(139,150)
(140,163)
(142,163)
(143,175)
(144,174)
(148,167)
(150,155)
(150,158)
(152,159)
(154,178)
(156,162)
(158,166)
(158,174)
(158,179)
(160,167)
(162,173)
(163,174)
(164,173)
(165,172)
(168,179)
(170,175)
(171,176)
(172,177)
(176,179)
