Nodes: 180
Protection radius: 1.000000
Disaster radius: 0.500000
0: 0.285738 20.969396
1: 0.619338 93.739741
2: 0.732745 65.182844
3: 0.736286 42.674232
4: 1.508310 73.986476
5: 1.818596 14.413326
6: 2.325254 87.252510
7: 2.998874 94.181095
8: 4.140931 31.082630
9: 4.272398 66.201509
10: 4.405124 28.842191
11: 4.767302 63.123896
12: 4.991949 49.848879
13: 5.879360 33.917734
14: 6.037695 14.394981
15: 6.283546 46.076952
16: 7.136492 39.337661
17: 7.881794 42.928917
18: 7.889698 18.461037
19: 8.472574 96.019401
20: 8.814749 12.187149
21: 9.301892 35.343552
22: 10.671268 96.103311
23: 10.685034 86.984926
24: 11.172909 64.257792
25: 12.081406 26.403046
26: 12.206538 15.092750
27: 12.416053 43.304901
28: 13.679727 37.263458
29: 13.890561 55.418536
30: 14.476973 51.869382
31: 14.584112 40.750508
32: 14.660766 59.062227
33: 14.926919 95.140113
34: 15.387366 35.176915
35: 16.115670 7.395979
36: 16.866094 51.079435
37: 17.310663 57.124828
38: 17.736950 15.609066
39: 17.749997 41.103556
40: 19.215480 36.657363
41: 20.523686 21.071706
42: 20.758468 12.332018
43: 21.281814 33.426333
44: 22.336539 62.455897
45: 22.358155 90.920425
46: 22.832367 59.281788
47: 23.189149 74.389932
48: 23.302486 3.958190
49: 23.319868 33.743647
50: 23.352772 24.925891
51: 23.676432 19.979648
52: 23.745605 94.887771
53: 25.756901 34.766971
54: 27.375630 30.830728
55: 27.920937 78.478748
56: 28.346248 57.563024
57: 28.687767 20.077963
58: 29.414340 92.710693
59: 29.808992 84.427364
60: 31.441762 23.102553
61: 31.541011 48.689921
62: 32.249495 67.000331
63: 32.447049 54.985840
64: 32.586169 83.763618
65: 33.849734 76.954717
66: 34.545134 20.203047
67: 34.550390 68.890555
68: 34.981786 73.137695
69: 35.040821 83.409532
70: 35.460572 96.837453
71: 35.466687 55.585797
72: 36.385045 47.880685
73: 36.392517 65.068047
74: 36.965653 79.939773
75: 37.915758 53.457397
76: 38.004886 0.920409
77: 38.357062 45.112580
78: 39.819610 71.174392
79: 40.348978 77.260280
80: 40.627460 27.125457
81: 41.777543 31.794366
82: 42.148650 42.818483
83: 42.603707 27.971506
84: 42.706101 91.186275
85: 44.512873 37.266900
86: 44.697676 79.569360
87: 44.812416 90.718285
88: 46.439794 31.296888
89: 46.485277 64.148339
90: 47.029974 40.890254
91: 47.371569 52.357824
92: 48.465448 66.366601
93: 48.627864 69.198083
94: 49.292546 59.342927
95: 50.402404 81.629525
96: 50.809306 18.385461
97: 50.831983 54.379004
98: 50.844910 13.430242
99: 51.444248 87.040681
100: 51.461133 92.075969
101: 52.495411 61.228655
102: 52.869419 58.006396
103: 52.923123 26.918966
104: 52.964427 90.456128
105: 53.228008 95.840890
106: 53.368840 15.659664
107: 53.499773 66.466012
108: 54.989441 40.002343
109: 55.293103 0.294615
110: 55.754333 81.021296
111: 55.754828 42.961085
112: 55.825549 20.993738
113: 56.956257 78.170060
114: 56.972013 2.297431
115: 57.044320 35.280456
116: 57.344864 71.807624
117: 57.956185 49.984146
118: 57.968395 44.754566
119: 58.232855 75.072982
120: 58.935162 52.176993
121: 60.053629 43.975468
122: 60.124524 25.652436
123: 60.419099 88.481559
124: 60.596009 13.965465
125: 61.281576 5.458540
126: 61.448219 66.245454
127: 61.837134 18.950073
128: 61.964786 93.161306
129: 62.375574 29.285501
130: 62.749482 76.513297
131: 63.322957 67.048567
132: 63.364249 38.955514
133: 64.520807 5.562848
134: 64.552408 53.216116
135: 64.629053 31.207409
136: 64.806005 16.802453
137: 65.834847 81.585626
138: 67.137918 76.047068
139: 67.337094 61.872643
140: 67.836658 21.546482
141: 68.355487 9.954656
142: 68.461693 87.758264
143: 69.026436 33.212232
144: 69.179505 70.140053
145: 71.061976 53.722434
146: 71.993252 37.725308
147: 72.599388 51.021742
148: 73.838606 74.714395
149: 77.547617 15.257524
150: 78.369266 69.982385
151: 78.589680 7.106973
152: 80.515331 43.291412
153: 81.014032 14.155978
154: 82.278007 73.335556
155: 82.352569 23.759781
156: 82.429257 79.553693
157: 84.630915 31.392527
158: 84.939477 9.290202
159: 85.120767 22.009106
160: 85.586413 64.861711
161: 86.378367 73.200640
162: 86.872107 55.723696
163: 87.905335 48.851674
164: 88.393032 7.302747
165: 89.162183 44.417901
166: 89.467342 28.181487
167: 89.939826 68.003090
168: 91.652996 57.995310
169: 91.787272 10.198581
170: 93.321517 96.266402
171: 94.329294 79.587132
172: 94.382997 53.114750
173: 94.555257 45.548702
174: 95.146801 91.860861
175: 95.372495 13.191975
176: 95.588140 60.846222
177: 95.741604 7.990822
178: 96.716344 67.499641
179: 96.862413 73.822351
Edges
(0,13)
(1,33)
(2,4)
(3,4)
(3,15)
(3,21)
(3,25)
(3,29)
(3,34)
(4,9)
(5,13)
(6,33)
(7,19)
(8,13)
(9,23)
(10,13)
(11,24)
(11,33)
(12,29)
(13,18)
(13,25)
(14,18)
(14,20)
(14,26)
(15,17)
(15,34)
(16,21)
(19,22)
(19,33)
(19,70)
(20,26)
(26,35)
(26,39)
(26,49)
(27,28)
(28,33)
(28,39)
(30,31)
(30,43)
(32,36)
(32,43)
(32,44)
(34,39)
(37,46)
(38,42)
(38,48)
(40,43)
(41,42)
(42,48)
(42,50)
(43,46)
(45,46)
(45,47)
(45,49)
(45,52)
(48,52)
(48,76)
(49,50)
(51,52)
(51,53)
(51,56)
(51,61)
(51,78)
(51,141)
(52,58)
(52,84)
(52,123)
(53,78)
(54,72)
(54,95)
(55,59)
(56,62)
(56,63)
(56,86)
(57,60)
(57,72)
(57,82)
(57,90)
(57,106)
(57,141)
(58,87)
(59,64)
(59,65)
(59,67)
(59,68)
(59,123)
(60,80)
(60,153)
(64,110)
(65,69)
(66,106)
(66,136)
(67,74)
(67,79)
(70,104)
(71,86)
(73,78)
(74,95)
(75,91)
(75,95)
(76,98)
(76,114)
(76,125)
(76,133)
(76,177)
(77,117)
(78,86)
(80,81)
(81,83)
(81,88)
(81,143)
(81,149)
(82,111)
(82,117)
(82,118)
(82,145)
(85,115)
(85,143)
(88,129)
(89,92)
(90,115)
(90,146)
(91,92)
(92,101)
(93,116)
(94,101)
(95,119)
(95,139)
(95,152)
(96,136)
(97,101)
(97,102)
(98,125)
(98,151)
(99,137)
(99,148)
(99,160)
(100,104)
(103,122)
(103,129)
(103,140)
(103,149)
(105,123)
(105,156)
(105,170)
(107,117)
(108,118)
(108,145)
(109,114)
(110,138)
(110,139)
(111,118)
(112,153)
(113,139)
(115,143)
(115,146)
(116,117)
(116,126)
(116,134)
(120,134)
(121,145)
(124,141)
(127,153)
(128,170)
(130,152)
(131,139)
(132,145)
(132,147)
(132,152)
(133,164)
(134,145)
(135,149)
(136,141)
(136,153)
(137,148)
(138,163)
(139,152)
(141,151)
(141,164)
(142,170)
(144,163)
(148,150)
(148,154)
(148,156)
(149,153)
(149,157)
(149,176)
(153,155)
(153,158)
(155,164)
(156,160)
(156,161)
(159,165)
(159,166)
(160,161)
(162,167)
(162,170)
(163,170)
(163,176)
(164,169)
(164,175)
(165,166)
(165,173)
(165,175)
(168,170)
(168,171)
(170,174)
(171,174)
(171,179)
(172,173)
(172,178)
(173,178)
(176,178)
