Nodes: 180
Protection radius: 1.000000
Disaster radius: 0.500000
0: 1.377241 93.507317
1: 1.615704 90.547865
2: 2.925203 28.985883
3: 3.153455 56.242189
4: 3.165026 12.504999
5: 3.991128 2.404142
6: 4.517539 59.469363
7: 4.550915 64.150734
8: 4.604539 53.411304
9: 4.913494 70.178938
10: 5.072219 19.203950
11: 5.644446 21.530940
12: 6.394668 73.059241
13: 7.266812 64.724202
14: 7.420578 68.012433
15: 7.759258 59.621225
16: 8.399604 42.421928
17: 9.000215 73.678262
18: 9.626087 71.524498
19: 9.825165 29.399170
20: 10.072468 93.021560
21: 11.052648 16.474777
22: 12.359522 21.695022
23: 12.452347 82.166499
24: 12.502805 50.371725
25: 13.366799 90.517069
26: 14.368970 6.617330
27: 14.409028 14.580139
28: 14.599410 94.571322
29: 15.523762 27.847088
30: 15.767313 71.104475
31: 16.195188 5.038720
32: 16.598487 60.120526
33: 16.800922 46.494961
34: 18.429754 73.908399
35: 18.657920 37.268971
36: 19.142342 22.168286
37: 19.985669 6.813609
38: 20.651667 81.618651
39: 20.781288 92.763304
40: 22.543606 0.014901
41: 23.296173 90.317036
42: 23.486755 95.713101
43: 23.854618 28.380446
44: 24.799025 49.170275
45: 25.613150 60.187979
46: 25.645015 96.789667
47: 26.016414 72.060658
48: 26.757606 67.748350
49: 27.590273 9.761871
50: 27.842600 28.372157
51: 28.298624 17.391350
52: 28.344549 54.593834
53: 29.766687 67.932442
54: 29.970189 50.692029
55: 30.806072 80.261013
56: 31.294653 1.263963
57: 31.551660 57.214577
58: 31.985374 74.596278
59: 32.369353 30.530628
60: 33.712425 63.833158
61: 33.734927 66.630721
62: 34.108474 59.976393
63: 35.155115 11.436274
64: 37.865892 95.698235
65: 38.314301 23.288932
66: 39.086373 58.944478
67: 39.194173 56.679954
68: 39.914764 82.954668
69: 40.004195 45.352172
70: 40.462575 6.009735
71: 40.658843 27.188742
72: 40.718427 77.912170
73: 42.970588 76.326594
74: 43.279653 3.604927
75: 43.338836 10.050659
76: 43.763392 70.869925
77: 43.840164 64.156061
78: 44.672453 6.617635
79: 44.962515 91.468438
80: 45.376390 84.561941
81: 46.087490 40.671227
82: 46.753677 67.134270
83: 48.084826 22.537049
84: 48.241012 79.665342
85: 48.705895 15.617373
86: 49.412210 82.841990
87: 49.568988 5.497070
88: 49.735413 33.811459
89: 49.982626 8.237245
90: 50.819909 90.576478
91: 51.022951 38.320326
92: 51.668631 25.630115
93: 51.796539 57.465320
94: 53.232438 22.475089
95: 53.323904 5.638703
96: 53.504386 54.648907
97: 53.543047 64.885748
98: 54.615998 10.836420
99: 55.384511 48.593175
100: 55.798337 83.785842
101: 55.940144 7.671106
102: 56.112370 2.760901
103: 56.467769 60.900153
104: 56.677892 70.138938
105: 56.864053 65.718502
106: 58.209950 10.758648
107: 58.810738 57.725121
108: 59.939748 45.286471
109: 60.173184 12.779542
110: 60.399946 68.415141
111: 60.577676 85.173863
112: 61.612087 40.658146
113: 62.868204 9.300921
114: 62.899201 4.282517
115: 63.661054 49.564144
116: 65.423463 92.342997
117: 65.635720 4.308881
118: 65.710668 87.530021
119: 66.396729 67.391883
120: 67.104990 38.287707
121: 67.187355 50.382280
122: 68.445118 74.212237
123: 68.740510 35.989560
124: 69.032011 48.997927
125: 69.248599 81.949800
126: 69.895979 46.065157
127: 70.757221 27.046334
128: 71.227790 96.991426
129: 72.400767 48.909029
130: 73.203663 6.291282
131: 73.245420 57.339558
132: 73.518956 1.661240
133: 74.201364 82.803396
134: 74.447819 78.631366
135: 74.591806 38.691011
136: 74.732507 68.143649
137: 75.032470 20.962257
138: 75.754451 17.553487
139: 76.160476 42.134530
140: 76.448185 86.900166
141: 76.830055 90.409131
142: 76.851593 74.285674
143: 77.025589 78.342072
144: 77.534233 48.725478
145: 78.646266 41.672908
146: 79.160343 7.452251
147: 80.011026 89.961636
148: 80.491871 84.124592
149: 81.199389 92.310290
150: 81.268933 18.287715
151: 81.290349 28.197677
152: 82.943923 90.216549
153: 83.900121 46.639223
154: 84.260911 24.313612
155: 84.498853 8.143466
156: 85.871102 91.922375
157: 85.891592 43.444131
158: 86.037297 16.150093
159: 86.693110 74.615223
160: 87.013186 48.768325
161: 87.849809 6.672655
162: 88.236286 50.404668
163: 89.620905 28.696140
164: 90.100728 48.602131
165: 91.348883 61.095255
166: 91.647873 24.677018
167: 91.986071 4.176890
168: 92.066732 19.087821
169: 92.370454 46.914178
170: 92.573389 66.010697
171: 92.936614 89.890518
172: 93.454880 91.924990
173: 94.082531 35.042408
174: 94.671498 27.154080
175: 94.861939 67.773969
176: 95.332391 19.919530
177: 95.905588 52.134573
178: 96.895050 44.348825
179: 97.381717 65.324120
Edges
(0,1)
(0,3)
(0,4)
(0,20)
(0,46)
(1,3)
(1,7)
(1,12)
(1,23)
(2,8)
(2,11)
(2,19)
(3,6)
(3,7)
(3,15)
(4,5)
(4,26)
(7,9)
(10,11)
(10,21)
(11,21)
(11,22)
(12,23)
(13,30)
(13,32)
(14,18)
(14,30)
(16,24)
(16,33)
(17,30)
(17,34)
(19,29)
(20,28)
(21,22)
(21,26)
(21,27)
(22,27)
(22,29)
(22,36)
(23,38)
(24,32)
(25,39)
(26,27)
(26,37)
(27,36)
(27,37)
(28,42)
(29,35)
(29,36)
(29,43)
(31,40)
(33,35)
(33,44)
(34,38)
(34,47)
(35,43)
(35,44)
(35,59)
(37,40)
(37,49)
(38,47)
(39,42)
(40,132)
(41,42)
(41,55)
(41,64)
(42,46)
(44,54)
(44,59)
(45,48)
(45,60)
(45,62)
(47,55)
(48,53)
(50,65)
(51,65)
(52,54)
(53,58)
(54,57)
(54,67)
(55,72)
(56,70)
(56,102)
(56,132)
(57,62)
(58,61)
(59,65)
(59,81)
(60,62)
(60,66)
(61,77)
(63,70)
(64,79)
(64,90)
(65,75)
(66,77)
(67,69)
(67,77)
(67,96)
(68,72)
(68,79)
(69,81)
(69,96)
(70,78)
(71,83)
(72,73)
(72,76)
(72,84)
(73,84)
(74,102)
(76,77)
(77,93)
(79,90)
(80,84)
(80,86)
(80,90)
(81,91)
(81,99)
(82,84)
(82,104)
(83,94)
(84,86)
(85,89)
(85,98)
(86,90)
(86,100)
(87,95)
(87,102)
(88,92)
(90,100)
(90,111)
(90,116)
(90,128)
(91,99)
(91,108)
(92,94)
(93,96)
(93,97)
(94,98)
(95,101)
(96,99)
(96,107)
(97,104)
(98,106)
(99,107)
(99,115)
(100,104)
(103,105)
(104,105)
(104,110)
(105,110)
(106,109)
(107,119)
(108,112)
(108,115)
(109,113)
(109,127)
(109,138)
(110,119)
(110,122)
(111,125)
(112,123)
(112,126)
(113,114)
(113,117)
(114,117)
(115,121)
(115,124)
(115,126)
(116,128)
(116,141)
(117,132)
(118,125)
(118,133)
(118,140)
(120,123)
(120,135)
(121,129)
(122,125)
(122,134)
(122,136)
(123,127)
(126,129)
(127,137)
(127,151)
(128,156)
(129,131)
(129,139)
(129,144)
(130,146)
(131,136)
(131,144)
(131,165)
(132,146)
(132,167)
(133,134)
(133,140)
(133,148)
(134,142)
(134,143)
(135,139)
(136,170)
(139,145)
(140,141)
(140,148)
(142,143)
(143,148)
(143,159)
(144,162)
(145,157)
(146,150)
(146,161)
(147,149)
(149,156)
(150,155)
(151,157)
(152,156)
(152,171)
(153,160)
(154,163)
(154,166)
(154,168)
(155,158)
(157,160)
(157,164)
(157,169)
(157,173)
(158,161)
(159,170)
(159,171)
(159,175)
(161,167)
(162,164)
(162,165)
(163,166)
(165,179)
(166,168)
(167,168)
(167,176)
(168,176)
(169,178)
(171,175)
(171,179)
(172,179)
(173,174)
(174,178)
(176,178)
(177,178)
(177,179)
