Nodes: 20
Protection radius: 1.000000
Disaster radius: 0.500000
0: 0.159870 15.002948
1: 1.249433 11.330096
2: 1.797195 6.981095
3: 3.038609 2.741097
4: 3.949107 12.837450
5: 3.992780 10.346718
6: 4.214447 15.661984
7: 6.254182 12.620401
8: 8.116694 6.926601
9: 8.383969 12.650723
10: 9.495752 15.182766
11: 10.339657 4.946159
12: 11.117676 13.317700
13: 11.754115 7.155330
14: 12.893926 0.977104
15: 13.727131 9.189338
16: 13.753515 6.389678
17: 14.850571 0.250725
18: 14.911527 12.109474
19: 14.977405 4.304046
Edges
(0,6)
(1,4)
(1,5)
(2,5)
(2,8)
(3,11)
(6,7)
(7,9)
(8,9)
(9,10)
(10,12)
(11,13)
(11,19)
(12,15)
(14,17)
(15,18)
(16,19)
(17,19)
(18,19)
