Nodes: 100
Protection radius: 1.000000
Disaster radius: 0.500000
0: 0.483317 12.664115
1: 1.447492 9.225405
2: 1.797778 28.790472
3: 2.267226 36.379382
4: 2.300531 56.326702
5: 2.376624 24.611313
6: 2.533215 20.462160
7: 3.326237 47.512507
8: 3.903618 12.079305
9: 5.857330 30.931711
10: 5.873113 10.430097
11: 6.190051 46.712509
12: 6.221975 42.009518
13: 6.541146 36.103033
14: 6.570816 16.684922
15: 8.018051 37.815547
16: 8.566996 6.673368
17: 10.459961 13.802740
18: 10.686996 18.450594
19: 12.159886 39.175641
20: 12.175979 51.725894
21: 12.490449 36.877801
22: 12.875585 6.755747
23: 13.047118 26.695837
24: 13.129442 20.451650
25: 14.589047 40.542260
26: 14.802167 51.661112
27: 15.404650 5.814840
28: 15.788163 3.469537
29: 15.941229 29.841961
30: 16.143936 37.717144
31: 16.531699 46.567457
32: 16.973451 52.834830
33: 17.138272 12.542357
34: 19.419862 22.266293
35: 19.535400 53.546224
36: 19.652243 25.400856
37: 20.455486 39.019789
38: 20.462573 12.795961
39: 20.505786 49.655526
40: 22.258959 10.329096
41: 22.483730 35.175993
42: 22.546204 12.760491
43: 23.220508 47.387308
44: 24.577313 1.503970
45: 25.134765 25.715301
46: 25.938343 3.325345
47: 26.163931 19.373948
48: 26.642311 27.265512
49: 28.366281 7.807322
50: 29.133933 54.147871
51: 29.406392 47.104884
52: 29.480883 27.660510
53: 29.761598 6.035216
54: 30.413856 36.268426
55: 31.749389 21.042234
56: 32.710341 41.285408
57: 32.953919 7.437935
58: 34.345598 14.309650
59: 34.933142 50.691740
60: 35.946520 20.299688
61: 36.554827 34.844112
62: 38.090607 38.897554
63: 38.870109 54.468542
64: 39.368035 21.614114
65: 40.061474 24.752914
66: 41.987985 23.681689
67: 42.769658 37.663609
68: 43.347338 2.167028
69: 43.989354 18.933615
70: 44.124206 56.132881
71: 44.126862 51.289822
72: 45.039780 26.475159
73: 45.119967 24.223204
74: 45.155078 46.188191
75: 46.225427 53.401476
76: 46.873610 12.927697
77: 46.877606 18.400691
78: 46.916081 55.438928
79: 47.237963 28.786190
80: 47.312231 51.230399
81: 47.896353 33.504031
82: 49.064431 22.624822
83: 49.775767 27.218695
84: 49.842330 32.762581
85: 49.905774 12.707612
86: 50.680073 30.377210
87: 50.839370 37.984154
88: 50.972357 24.292497
89: 51.201192 20.078124
90: 51.947486 14.323391
91: 51.987000 49.097855
92: 52.346522 11.342608
93: 52.907469 33.585229
94: 53.693854 29.938182
95: 54.468015 15.941899
96: 55.254118 27.033388
97: 55.368421 23.323480
98: 55.816156 32.062964
99: 56.852370 8.931927
Edges
(0,1)
(0,14)
(2,3)
(2,4)
(4,32)
(5,6)
(5,23)
(7,12)
(8,14)
(9,29)
(10,14)
(10,17)
(11,20)
(11,25)
(12,15)
(12,25)
(13,15)
(14,18)
(16,17)
(16,28)
(18,24)
(19,25)
(21,29)
(22,28)
(23,34)
(24,34)
(25,31)
(25,37)
(26,31)
(26,32)
(27,33)
(29,30)
(30,41)
(31,39)
(33,34)
(33,38)
(34,45)
(35,50)
(36,45)
(37,51)
(38,42)
(38,47)
(39,50)
(40,44)
(40,46)
(41,45)
(43,50)
(45,48)
(45,55)
(46,53)
(46,68)
(48,54)
(49,53)
(49,57)
(51,56)
(51,59)
(52,54)
(52,65)
(57,76)
(58,69)
(58,76)
(59,62)
(59,63)
(60,69)
(61,62)
(61,65)
(61,67)
(61,72)
(64,69)
(66,72)
(67,74)
(68,85)
(68,92)
(70,71)
(70,75)
(71,74)
(72,83)
(73,77)
(74,80)
(77,82)
(77,85)
(78,80)
(78,91)
(79,83)
(79,84)
(81,87)
(82,89)
(83,86)
(83,94)
(84,87)
(87,98)
(88,96)
(88,97)
(89,90)
(89,97)
(90,95)
(93,98)
(96,98)
(97,99)
