Nodes: 100
Protection radius: 1.000000
Disaster radius: 0.500000
0: 0.419055 37.442791
1: 0.614473 29.532684
2: 1.208666 7.183417
3: 1.638926 21.650210
4: 1.856343 17.861253
5: 2.339337 46.494763
6: 4.084699 40.949625
7: 4.498614 25.904697
8: 4.893954 6.270387
9: 5.112810 45.504692
10: 5.379287 32.793768
11: 6.541276 31.006752
12: 7.072911 17.552700
13: 7.130667 1.507162
14: 7.236266 24.210426
15: 7.317804 27.195501
16: 7.899329 20.213477
17: 8.544893 44.291887
18: 9.086487 8.245046
19: 9.194577 26.294188
20: 10.052949 41.532763
21: 10.325703 48.844714
22: 10.593826 31.527278
23: 10.630935 38.547983
24: 11.246663 6.485589
25: 12.481966 44.390511
26: 12.853776 27.247544
27: 14.517516 30.996363
28: 14.618928 18.597842
29: 15.569175 4.913520
30: 15.948838 0.750677
31: 15.953009 9.249390
32: 16.302856 33.952475
33: 16.892622 37.373675
34: 16.921841 19.183262
35: 18.128392 35.072251
36: 19.027976 7.637881
37: 19.133044 37.243705
38: 20.554735 39.428474
39: 21.037473 47.975277
40: 21.420764 10.651454
41: 21.424837 45.926578
42: 21.686410 16.183648
43: 22.521369 35.383400
44: 22.956376 0.387487
45: 23.077619 42.869301
46: 23.157372 40.406734
47: 23.442552 8.054615
48: 23.863304 25.497433
49: 25.256246 29.163174
50: 25.429372 5.935345
51: 26.271901 22.452554
52: 26.515940 16.035781
53: 27.308651 48.210516
54: 27.361718 0.474773
55: 27.550786 38.810581
56: 27.798185 43.511111
57: 27.851358 2.719398
58: 28.044266 8.763876
59: 28.425035 26.314717
60: 29.583362 12.240799
61: 30.645105 4.055316
62: 31.216430 28.359448
63: 31.622285 30.820371
64: 31.855430 25.601635
65: 32.374713 13.413553
66: 32.397838 41.214349
67: 34.446205 44.764029
68: 34.671156 32.280237
69: 35.092019 13.487220
70: 35.842566 0.956182
71: 36.824650 8.676142
72: 37.205328 24.202315
73: 37.718478 48.458270
74: 39.198068 8.769593
75: 39.317378 30.508836
76: 39.325247 24.969532
77: 39.703599 12.397942
78: 39.758227 35.539059
79: 40.340857 40.333324
80: 40.990309 5.127169
81: 41.172477 2.568162
82: 41.429809 11.030628
83: 42.254828 26.553874
84: 42.419569 47.232993
85: 43.057214 0.535202
86: 43.385577 4.844085
87: 43.698445 19.175645
88: 43.784105 33.768255
89: 44.153797 17.172210
90: 44.274678 10.625975
91: 44.777280 14.675592
92: 45.018273 30.014030
93: 46.118174 33.123168
94: 46.118933 24.512332
95: 46.677255 46.475984
96: 47.109909 30.666103
97: 47.433547 15.380680
98: 47.710927 20.117360
99: 47.979362 9.578149
Edges
(0,7)
(1,2)
(2,3)
(2,4)
(2,8)
(2,18)
(2,82)
(3,7)
(3,14)
(3,15)
(3,37)
(3,48)
(3,49)
(3,56)
(3,62)
(3,63)
(4,31)
(5,7)
(6,10)
(6,11)
(6,15)
(6,17)
(6,20)
(6,21)
(6,23)
(6,25)
(8,13)
(8,24)
(8,47)
(8,58)
(9,21)
(12,16)
(12,31)
(13,50)
(13,71)
(13,90)
(14,19)
(14,49)
(15,22)
(15,25)
(15,39)
(16,28)
(16,40)
(16,42)
(17,21)
(18,82)
(19,49)
(22,37)
(26,35)
(26,56)
(27,35)
(28,34)
(28,62)
(28,77)
(29,82)
(30,90)
(31,60)
(32,37)
(32,46)
(33,37)
(33,41)
(33,45)
(34,62)
(36,58)
(38,45)
(43,55)
(43,63)
(43,67)
(44,74)
(44,85)
(51,52)
(52,59)
(52,77)
(53,56)
(54,81)
(56,73)
(57,74)
(57,80)
(57,90)
(59,62)
(59,77)
(60,65)
(61,80)
(62,64)
(64,66)
(66,77)
(67,68)
(67,78)
(67,79)
(68,77)
(68,87)
(68,92)
(69,82)
(70,81)
(71,90)
(72,76)
(72,77)
(75,94)
(79,84)
(81,90)
(81,97)
(82,87)
(82,89)
(82,90)
(82,91)
(83,94)
(83,97)
(83,98)
(84,95)
(85,86)
(85,99)
(87,97)
(88,92)
(92,94)
(92,95)
(92,96)
(93,96)
