Nodes: 100
Protection radius: 1.000000
Disaster radius: 0.500000
0: 1.289753 33.492226
1: 2.072163 23.564659
2: 2.073919 41.162860
3: 2.837192 17.484337
4: 3.442197 29.229435
5: 4.015488 37.357201
6: 4.275790 5.084703
7: 4.921105 23.263670
8: 6.530078 9.325822
9: 7.730192 51.946506
10: 10.223432 32.806299
11: 10.589633 38.230706
12: 11.195890 18.904265
13: 12.214729 43.913129
14: 12.563232 31.258773
15: 13.796533 25.947315
16: 13.858660 51.524396
17: 14.442479 45.388795
18: 14.576699 4.870454
19: 14.914854 41.387564
20: 15.729043 53.691407
21: 15.779210 12.824535
22: 16.156849 16.194600
23: 16.469286 23.579315
24: 17.169492 4.932070
25: 17.408650 43.498385
26: 17.993737 11.732318
27: 18.276573 16.725752
28: 18.350711 14.369779
29: 18.428134 36.146872
30: 19.323726 7.937372
31: 19.924674 23.382584
32: 20.349992 52.997101
33: 20.442879 45.708786
34: 21.405355 43.537352
35: 21.696481 18.872435
36: 22.416408 50.924098
37: 22.928736 30.929749
38: 23.362528 39.102732
39: 24.603067 7.447305
40: 24.786788 34.238580
41: 25.637713 22.943083
42: 25.682802 3.811394
43: 26.570751 54.125872
44: 26.607445 7.692778
45: 27.383123 45.250243
46: 27.590395 17.011336
47: 27.708438 50.697258
48: 27.719175 20.095201
49: 27.808309 13.504482
50: 28.840721 43.253009
51: 29.468866 9.011356
52: 29.522805 53.030841
53: 29.634573 4.212143
54: 31.095532 15.496155
55: 31.164133 47.980490
56: 31.196694 44.177723
57: 31.561898 37.622948
58: 32.646204 52.221641
59: 32.919736 31.985349
60: 33.505370 43.911345
61: 33.945249 2.652366
62: 34.180751 14.576969
63: 34.653789 48.082194
64: 35.098865 18.973712
65: 35.285721 16.933913
66: 36.210435 36.627284
67: 36.228043 11.981525
68: 37.520052 49.144738
69: 38.914410 36.415853
70: 41.183490 11.262987
71: 41.230639 45.477732
72: 41.441412 25.326456
73: 41.529058 48.032711
74: 43.035628 17.653048
75: 43.314876 14.632935
76: 43.806404 22.634472
77: 44.223146 41.184144
78: 45.091244 31.398611
79: 46.437637 6.876116
80: 46.879917 29.789442
81: 47.045604 53.228328
82: 47.072575 3.818464
83: 47.234820 43.257409
84: 48.368839 21.142881
85: 48.615505 49.977359
86: 49.290910 27.352738
87: 49.324936 35.376421
88: 49.588644 31.046355
89: 50.282943 17.445378
90: 50.789245 5.753558
91: 52.401654 20.006684
92: 52.425847 53.764898
93: 52.478449 44.112889
94: 52.583231 35.340257
95: 53.124245 47.301903
96: 53.498910 38.145451
97: 54.522443 32.471765
98: 55.291038 53.086322
99: 55.795794 5.677299
Edges
(0,4)
(0,5)
(0,50)
(1,7)
(2,9)
(2,11)
(3,7)
(4,10)
(4,56)
(6,7)
(6,29)
(6,61)
(8,15)
(8,29)
(9,13)
(9,20)
(9,32)
(9,71)
(10,14)
(12,23)
(12,29)
(16,55)
(17,19)
(17,33)
(17,50)
(18,22)
(18,30)
(18,42)
(18,61)
(18,82)
(18,90)
(19,34)
(20,43)
(20,52)
(20,92)
(21,26)
(21,35)
(21,39)
(21,67)
(21,79)
(21,90)
(22,27)
(23,37)
(23,38)
(23,54)
(24,90)
(25,34)
(28,46)
(28,49)
(28,62)
(31,37)
(32,58)
(36,55)
(36,92)
(37,57)
(40,56)
(41,57)
(44,90)
(45,60)
(47,55)
(48,54)
(48,59)
(51,90)
(53,61)
(55,81)
(56,64)
(56,70)
(60,71)
(62,64)
(63,71)
(64,65)
(66,70)
(68,73)
(69,71)
(69,72)
(70,74)
(71,74)
(71,80)
(71,87)
(73,83)
(73,87)
(73,93)
(73,94)
(73,96)
(75,76)
(76,78)
(76,84)
(76,86)
(77,87)
(78,80)
(82,99)
(83,97)
(85,92)
(87,90)
(88,97)
(89,99)
(91,97)
(95,96)
(96,98)
