Nodes: 20
Protection radius: 1.000000
Disaster radius: 0.500000
0: 0.082514 11.520493
1: 0.088645 3.014627
2: 0.751646 0.366220
3: 1.026230 7.224462
4: 3.108470 12.198748
5: 4.491053 1.197466
6: 4.958797 14.885048
7: 6.148715 3.251071
8: 6.210870 9.033309
9: 7.662102 7.359584
10: 10.097141 1.268628
11: 10.523806 13.589303
12: 11.431848 9.449850
13: 12.437737 3.230206
14: 12.464477 15.146515
15: 13.417421 11.925488
16: 14.509503 1.810840
17: 15.306964 14.385298
18: 15.400143 3.628291
19: 15.484905 7.803557
Edges
(0,1)
(0,3)
(0,4)
(2,3)
(2,4)
(2,8)
(2,10)
(2,14)
(4,8)
(5,9)
(6,11)
(6,14)
(7,9)
(7,10)
(10,13)
(10,15)
(10,16)
(10,18)
(12,17)
(15,17)
(17,19)
