Nodes: 20
Protection radius: 1.000000
Disaster radius: 0.500000
0: 0.933966 3.385688
1: 1.381584 9.760382
2: 1.912700 12.303962
3: 3.403866 5.772201
4: 3.794171 1.597347
5: 4.595012 13.807499
6: 4.693027 11.677077
7: 5.191618 7.566407
8: 5.579700 2.536867
9: 6.772712 10.698318
10: 7.371528 12.723917
11: 8.826416 7.195821
12: 9.147648 2.220689
13: 9.981039 12.883525
14: 10.137409 10.272727
15: 11.214782 2.498059
16: 12.734665 12.920825
17: 13.395301 10.836498
18: 13.878297 0.001827
19: 13.929202 8.652134
Edges
(0,3)
(1,2)
(1,9)
(1,10)
(1,16)
(1,17)
(2,5)
(2,6)
(3,4)
(3,11)
(3,12)
(3,14)
(3,17)
(4,8)
(7,14)
(11,18)
(13,16)
(15,18)
(17,19)
