Nodes: 20
Protection radius: 1.000000
Disaster radius: 0.500000
0: 0.164534 11.485507
1: 2.348884 1.415599
2: 2.447076 10.626623
3: 2.485308 8.141588
4: 4.126541 2.352659
5: 5.086957 4.653452
6: 5.193950 13.441118
7: 5.432673 0.723416
8: 6.848476 7.757929
9: 7.397908 2.478009
10: 8.397669 9.805306
11: 9.038431 4.781181
12: 9.174716 12.209958
13: 11.710786 8.386706
14: 11.957149 0.256475
15: 12.094520 3.246547
16: 12.256434 12.942248
17: 13.495343 7.146058
18: 13.967135 1.351672
19: 13.992701 4.082664
Edges
(0,6)
(1,3)
(1,4)
(1,5)
(2,3)
(2,8)
(2,10)
(4,7)
(6,10)
(8,10)
(8,11)
(9,14)
(9,15)
(10,12)
(10,13)
(11,15)
(11,17)
(12,13)
(13,17)
(16,17)
(17,19)
(18,19)
