Nodes: 20
Protection radius: 1.000000
Disaster radius: 0.500000
0: 0.213013 15.232326
1: 1.111098 3.833775
2: 1.836523 13.318734
3: 2.354230 9.766910
4: 2.596449 7.394905
5: 2.920589 15.136270
6: 4.253399 10.897411
7: 4.806972 0.482520
8: 5.125127 15.065252
9: 5.963931 3.601113
10: 6.704076 9.017681
11: 7.450884 14.751195
12: 8.688305 1.454266
13: 8.946517 6.898679
14: 11.090897 4.244380
15: 12.134819 13.027840
16: 12.712129 0.586255
17: 12.822839 8.443391
18: 14.120618 15.670624
19: 15.332978 10.608377
Edges
(0,1)
(0,3)
(0,18)
(1,3)
(1,9)
(2,3)
(2,5)
(2,8)
(4,9)
(5,8)
(6,8)
(7,12)
(9,10)
(9,12)
(9,13)
(10,13)
(11,15)
(11,18)
(12,14)
(12,16)
(15,17)
(16,17)
(16,19)
