Nodes: 180
Protection radius: 1.000000
Disaster radius: 0.500000
0: 0.013881 27.159714
1: 0.456872 16.537157
2: 0.457897 61.116266
3: 0.568317 45.865146
4: 0.937710 42.622393
5: 2.279704 0.724701
6: 2.959165 75.002619
7: 4.010973 6.205596
8: 4.796286 40.683331
9: 4.872553 54.259838
10: 4.947909 57.350135
11: 5.164997 60.113484
12: 5.571036 32.907138
13: 6.561403 22.947223
14: 6.704627 63.612655
15: 7.898854 17.340716
16: 7.979100 83.966840
17: 7.992747 81.250906
18: 8.098567 57.652095
19: 8.164958 41.146053
20: 8.647038 76.522976
21: 9.394049 70.758589
22: 9.974206 11.894366
23: 10.376129 31.554142
24: 10.979291 47.833613
25: 11.472869 54.593328
26: 12.243442 44.451873
27: 12.304768 12.058494
28: 12.332171 38.392511
29: 13.448042 61.123363
30: 14.250417 78.536715
31: 14.305733 21.663815
32: 15.327244 62.544424
33: 16.005166 22.751563
34: 16.023302 15.507065
35: 16.770748 32.109910
36: 16.772399 52.467024
37: 17.586566 19.036797
38: 17.619073 29.517021
39: 17.752514 8.630511
40: 18.189263 42.375017
41: 19.485708 28.302450
42: 19.880369 0.168496
43: 19.923255 79.941549
44: 20.566330 20.323694
45: 20.714875 51.243268
46: 21.560919 84.134625
47: 21.588678 68.420106
48: 22.232023 25.703372
49: 22.590042 74.727041
50: 22.777095 54.440935
51: 22.812429 70.478941
52: 22.920059 10.902796
53: 23.722201 0.658073
54: 24.453438 14.276602
55: 24.872426 50.750497
56: 25.391175 4.654947
57: 25.530372 43.542669
58: 25.676319 54.298898
59: 26.032924 63.443650
60: 26.174018 27.150909
61: 26.351715 7.305365
62: 27.396759 40.386627
63: 28.653226 24.721001
64: 28.788159 29.541345
65: 29.210462 71.552526
66: 29.797959 19.077858
67: 30.493658 73.824281
68: 31.171847 63.717033
69: 31.527431 22.248047
70: 32.010497 5.336339
71: 32.153676 58.504831
72: 32.463057 26.326675
73: 33.301210 68.608866
74: 33.682000 81.887819
75: 34.420986 84.441876
76: 35.114354 51.186537
77: 35.420072 58.801119
78: 35.515884 67.095770
79: 36.781673 33.838769
80: 36.994200 7.179218
81: 37.501086 30.567569
82: 38.898076 54.670384
83: 39.165119 80.066804
84: 39.771206 77.064463
85: 40.408489 35.214629
86: 41.425831 38.106008
87: 41.852098 40.217221
88: 42.743787 8.231646
89: 42.965983 49.953795
90: 43.099717 3.676562
91: 43.677459 79.444398
92: 43.760614 14.574599
93: 44.024325 53.372899
94: 44.218020 18.726610
95: 44.516046 71.508404
96: 44.983372 67.939184
97: 45.786225 10.995800
98: 45.793897 69.850010
99: 46.624374 59.296447
100: 47.668224 34.456158
101: 47.781314 67.487858
102: 48.424990 12.123316
103: 48.588345 3.402937
104: 48.852486 19.115179
105: 48.969695 21.637491
106: 49.748265 5.181547
107: 49.868974 48.382997
108: 51.096492 24.678510
109: 51.462873 20.777839
110: 51.696854 42.638751
111: 52.240566 11.762965
112: 52.289678 57.875400
113: 52.980961 63.780818
114: 53.416350 28.011392
115: 54.000205 14.243593
116: 54.049602 18.200576
117: 55.023599 40.347763
118: 55.713801 0.245850
119: 55.724285 12.914052
120: 56.253747 5.557952
121: 56.268084 46.237132
122: 56.523692 70.350494
123: 56.915353 53.020996
124: 59.423424 75.505640
125: 59.483631 27.956023
126: 59.500474 44.983325
127: 60.372986 59.558768
128: 60.555145 3.877428
129: 62.393388 22.699221
130: 62.530544 81.072309
131: 63.147768 57.235383
132: 63.476502 69.907222
133: 64.977456 68.521834
134: 65.162249 8.963619
135: 65.282064 65.886812
136: 65.307019 12.588543
137: 65.767115 46.227189
138: 66.864133 20.468967
139: 67.614094 63.411531
140: 67.734888 52.573706
141: 69.360692 73.547290
142: 69.473451 40.237602
143: 69.572444 47.041907
144: 69.828355 58.383784
145: 70.301717 32.432539
146: 70.853883 70.582200
147: 71.616640 48.605934
148: 71.650422 54.517257
149: 72.852958 14.700999
150: 73.137244 21.652944
151: 73.255963 1.916167
152: 74.044872 42.501705
153: 74.492723 85.566708
154: 74.495135 62.935742
155: 74.750142 48.419849
156: 74.767343 34.434867
157: 75.371167 28.266341
158: 75.434881 81.823902
159: 75.611399 24.935706
160: 76.091308 1.978634
161: 76.163351 77.782235
162: 77.419792 57.799622
163: 78.517558 26.674591
164: 78.810839 62.861161
165: 78.870840 41.860205
166: 79.016838 6.898281
167: 79.150282 35.885535
168: 79.925913 85.924863
169: 79.958527 68.358028
170: 81.003499 43.639030
171: 81.857716 7.262284
172: 82.213277 2.340902
173: 82.393438 70.583848
174: 82.972835 54.682238
175: 83.168849 4.472031
176: 83.392993 45.422264
177: 84.104512 22.525811
178: 84.504492 51.776026
179: 85.081141 32.169627
Edges
(0,2)
(1,13)
(2,3)
(2,10)
(2,11)
(2,14)
(3,8)
(3,19)
(4,8)
(5,42)
(6,14)
(6,16)
(6,21)
(7,22)
(9,10)
(10,18)
(12,23)
(12,28)
(13,15)
(13,23)
(14,21)
(14,32)
(15,27)
(15,31)
(16,30)
(16,46)
(16,75)
(16,168)
(17,20)
(17,30)
(18,29)
(19,24)
(19,28)
(20,21)
(21,30)
(21,32)
(21,47)
(22,27)
(23,31)
(23,35)
(25,36)
(26,40)
(28,35)
(28,40)
(29,32)
(29,36)
(30,43)
(30,46)
(30,47)
(30,49)
(31,34)
(32,36)
(32,47)
(32,59)
(33,37)
(33,41)
(34,37)
(34,52)
(35,38)
(35,40)
(35,64)
(39,42)
(39,52)
(40,62)
(41,48)
(41,60)
(42,53)
(43,49)
(44,54)
(45,57)
(46,75)
(47,49)
(47,51)
(47,59)
(48,60)
(49,74)
(50,55)
(51,65)
(52,54)
(52,56)
(53,70)
(53,90)
(54,66)
(55,58)
(56,61)
(56,70)
(57,62)
(57,76)
(58,59)
(61,66)
(62,76)
(62,79)
(63,64)
(63,66)
(63,72)
(64,79)
(64,81)
(65,73)
(66,70)
(67,84)
(68,71)
(68,78)
(69,72)
(69,92)
(70,80)
(70,90)
(71,77)
(72,81)
(72,94)
(73,84)
(75,83)
(75,91)
(75,153)
(75,168)
(77,82)
(78,95)
(78,96)
(79,81)
(79,85)
(79,87)
(80,90)
(81,94)
(81,100)
(82,99)
(85,86)
(86,87)
(86,100)
(87,89)
(87,107)
(87,110)
(88,92)
(88,103)
(88,106)
(91,95)
(91,122)
(91,130)
(92,97)
(92,102)
(93,107)
(93,112)
(95,96)
(95,122)
(96,99)
(96,101)
(98,122)
(99,101)
(100,110)
(100,117)
(101,113)
(102,104)
(102,106)
(102,115)
(103,118)
(104,105)
(104,109)
(104,116)
(105,108)
(106,118)
(106,120)
(107,110)
(107,121)
(108,109)
(108,114)
(108,125)
(110,117)
(110,121)
(111,115)
(111,119)
(113,127)
(114,117)
(116,129)
(118,120)
(118,128)
(119,120)
(119,129)
(119,134)
(120,128)
(121,123)
(122,124)
(122,127)
(122,132)
(123,126)
(123,127)
(123,137)
(124,130)
(124,141)
(125,145)
(127,135)
(128,134)
(128,151)
(129,136)
(129,138)
(129,145)
(131,139)
(132,135)
(132,141)
(133,135)
(135,139)
(135,146)
(137,142)
(138,145)
(138,149)
(138,150)
(139,144)
(139,146)
(140,147)
(142,143)
(145,150)
(146,154)
(147,148)
(148,162)
(149,151)
(149,166)
(149,171)
(149,177)
(150,159)
(151,166)
(152,156)
(152,165)
(152,167)
(153,158)
(153,168)
(154,162)
(154,169)
(155,162)
(155,165)
(155,170)
(155,178)
(156,167)
(157,159)
(157,163)
(159,163)
(160,166)
(160,172)
(161,168)
(161,169)
(163,177)
(164,169)
(164,173)
(165,167)
(169,173)
(170,176)
(171,175)
(173,174)
(175,177)
(175,179)
(176,179)
(177,179)
