Nodes: 180
Protection radius: 1.000000
Disaster radius: 0.500000
0: 0.123587 85.758607
1: 0.547491 34.867562
2: 0.967964 4.536849
3: 1.476043 38.234595
4: 2.093310 91.011278
5: 2.122828 66.623389
6: 2.146939 80.315772
7: 3.055611 52.209680
8: 3.336688 5.178439
9: 4.056434 54.160283
10: 4.758296 26.927177
11: 5.005068 30.874168
12: 5.831319 60.612978
13: 6.443616 67.604714
14: 6.503920 69.608304
15: 7.070327 51.599698
16: 7.300557 92.040878
17: 7.811390 13.268429
18: 8.151506 63.712684
19: 8.154148 17.412341
20: 8.874846 42.206182
21: 9.192890 23.854296
22: 9.238921 11.592172
23: 9.255662 0.431375
24: 9.651877 75.090452
25: 10.139611 84.190859
26: 10.256984 48.970091
27: 10.509040 8.701640
28: 11.496642 43.644006
29: 12.150654 83.603522
30: 12.454524 63.897340
31: 13.261977 54.543960
32: 13.655523 51.025656
33: 14.829843 27.913991
34: 15.236172 57.226099
35: 15.676916 87.638785
36: 16.028470 92.978137
37: 16.532145 40.872197
38: 17.105241 11.140228
39: 18.259309 83.214097
40: 18.737609 52.981808
41: 20.172789 84.008994
42: 20.194736 75.983949
43: 20.424164 9.896708
44: 22.089195 35.479680
45: 22.589461 71.286126
46: 23.206242 32.332808
47: 23.206428 92.824717
48: 23.847379 44.935965
49: 23.983038 88.998536
50: 24.169001 23.231287
51: 24.203378 39.752540
52: 24.252372 73.633378
53: 24.416756 17.327961
54: 24.553335 62.098993
55: 24.780238 57.295110
56: 24.833069 70.851682
57: 25.794490 15.445158
58: 25.843896 77.184881
59: 27.387910 27.019179
60: 27.606218 8.402221
61: 28.047469 64.958295
62: 28.508233 85.166072
63: 29.030418 44.177127
64: 29.160221 77.768280
65: 29.660927 10.390533
66: 30.105165 83.407682
67: 30.113159 17.679194
68: 30.543716 74.079511
69: 30.954041 85.870570
70: 31.997351 65.449342
71: 33.177660 35.660952
72: 34.388344 23.985381
73: 34.493511 88.930622
74: 34.705649 20.924546
75: 35.696106 31.017632
76: 36.683191 65.977586
77: 36.816890 18.744012
78: 37.142378 88.553651
79: 37.321057 27.732364
80: 37.511250 13.443687
81: 38.503049 29.523511
82: 38.555720 0.379166
83: 38.642542 46.505951
84: 39.336040 11.913269
85: 39.460312 19.198551
86: 40.891098 32.095331
87: 41.235164 91.886461
88: 41.778995 61.168437
89: 42.300829 79.547405
90: 43.145599 18.278257
91: 43.610882 2.968969
92: 43.788917 56.762357
93: 44.007222 50.594338
94: 44.960980 75.541517
95: 45.601237 42.766433
96: 46.447116 93.171001
97: 46.459985 39.307030
98: 46.687936 49.962444
99: 47.574222 85.276638
100: 47.984259 12.325641
101: 49.343766 55.637027
102: 49.717992 83.276876
103: 52.279903 71.160331
104: 52.535871 38.621596
105: 52.807641 48.899527
106: 55.166628 72.830622
107: 55.698581 39.829512
108: 56.528137 24.410990
109: 56.583797 21.875899
110: 56.628521 36.828477
111: 57.512794 82.378287
112: 57.563525 90.074732
113: 57.726311 27.472170
114: 58.051042 33.019214
115: 59.523233 72.412333
116: 59.961574 31.664572
117: 60.101393 1.875766
118: 60.370950 81.518472
119: 60.651291 37.745476
120: 60.679968 28.655787
121: 60.874515 59.857603
122: 61.853658 51.228842
123: 61.953595 39.298055
124: 62.503045 48.294240
125: 62.569934 45.964232
126: 62.722057 72.513700
127: 64.038025 86.214846
128: 64.219570 31.794502
129: 64.703353 56.293316
130: 66.040588 10.695229
131: 66.367089 90.580241
132: 66.532134 8.582542
133: 67.514994 65.558656
134: 69.210705 24.812037
135: 69.289566 82.578522
136: 70.737096 31.336989
137: 71.616714 70.159068
138: 71.746365 89.116316
139: 72.562869 13.549184
140: 72.668328 61.951784
141: 73.467734 24.925556
142: 75.344069 5.276946
143: 75.460792 21.537213
144: 75.557953 72.004762
145: 75.939276 12.389443
146: 76.631995 33.086300
147: 77.301221 41.266841
148: 77.694807 73.625111
149: 79.426954 30.451721
150: 79.742874 21.657820
151: 79.842591 70.934753
152: 80.055777 33.351771
153: 80.616653 80.691203
154: 80.780798 26.401934
155: 81.423171 53.400708
156: 82.518973 73.795245
157: 82.617330 84.156958
158: 84.329792 7.593287
159: 85.018922 2.743523
160: 85.177915 69.804616
161: 85.721963 86.230783
162: 85.957620 40.476938
163: 86.255291 88.565953
164: 86.362773 51.432167
165: 86.590366 54.308543
166: 87.547935 59.965209
167: 88.219792 13.661772
168: 88.806855 70.721440
169: 89.625069 0.836699
170: 90.688021 9.278231
171: 91.386432 91.738608
172: 91.559600 33.939668
173: 91.856752 28.640811
174: 92.073502 60.509065
175: 92.210673 81.408759
176: 92.279863 93.878630
177: 92.876817 10.011451
178: 93.458745 52.657241
179: 93.606598 42.422199
Edges
(0,1)
(0,4)
(0,5)
(0,6)
(1,3)
(1,5)
(1,7)
(1,8)
(1,10)
(1,23)
(2,23)
(4,11)
(4,12)
(4,14)
(4,24)
(4,35)
(4,73)
(6,10)
(7,10)
(9,26)
(9,37)
(9,46)
(10,20)
(10,23)
(10,74)
(10,85)
(12,13)
(12,32)
(12,44)
(12,71)
(13,18)
(15,37)
(16,36)
(16,73)
(17,19)
(17,23)
(17,27)
(19,53)
(20,59)
(21,53)
(21,85)
(22,38)
(22,67)
(22,77)
(22,109)
(22,134)
(23,60)
(24,25)
(24,30)
(24,31)
(25,29)
(25,35)
(25,49)
(25,83)
(26,37)
(27,60)
(27,141)
(28,46)
(29,42)
(30,31)
(31,34)
(31,71)
(32,51)
(33,50)
(34,40)
(34,54)
(34,55)
(36,87)
(38,134)
(39,45)
(39,49)
(39,56)
(39,83)
(40,119)
(41,49)
(43,84)
(43,117)
(43,130)
(43,132)
(43,141)
(43,142)
(45,56)
(45,61)
(46,75)
(46,104)
(46,119)
(47,96)
(48,95)
(48,97)
(49,58)
(49,66)
(50,120)
(50,134)
(52,64)
(52,70)
(52,94)
(53,67)
(54,55)
(56,83)
(57,77)
(57,85)
(59,79)
(59,81)
(59,110)
(60,82)
(60,91)
(62,66)
(62,73)
(62,99)
(62,138)
(63,119)
(64,66)
(64,151)
(65,145)
(66,89)
(67,85)
(68,103)
(68,160)
(69,73)
(69,78)
(69,96)
(70,76)
(70,103)
(70,105)
(70,121)
(70,122)
(70,136)
(70,140)
(70,149)
(70,154)
(70,155)
(70,162)
(70,167)
(70,170)
(71,97)
(72,120)
(73,87)
(73,96)
(75,86)
(76,140)
(77,85)
(78,112)
(78,131)
(79,114)
(79,116)
(80,100)
(81,119)
(83,93)
(83,98)
(83,107)
(83,119)
(85,134)
(87,96)
(88,162)
(88,164)
(89,102)
(89,127)
(89,135)
(90,109)
(90,134)
(91,117)
(92,101)
(92,122)
(92,149)
(94,151)
(95,119)
(96,163)
(97,104)
(97,119)
(98,119)
(100,145)
(103,140)
(105,154)
(106,115)
(106,126)
(106,160)
(108,113)
(108,120)
(108,134)
(110,119)
(111,127)
(111,138)
(112,131)
(115,126)
(116,120)
(116,128)
(118,135)
(121,140)
(121,155)
(122,125)
(122,147)
(122,152)
(123,154)
(124,125)
(124,146)
(128,134)
(129,164)
(130,145)
(131,138)
(132,142)
(133,137)
(133,165)
(135,138)
(138,144)
(138,148)
(138,153)
(138,163)
(139,145)
(140,155)
(141,145)
(141,159)
(142,145)
(142,159)
(142,169)
(143,158)
(143,169)
(144,148)
(146,152)
(147,152)
(147,173)
(149,173)
(150,154)
(151,153)
(151,160)
(152,173)
(154,167)
(155,165)
(156,161)
(157,161)
(157,163)
(158,169)
(160,163)
(160,165)
(163,165)
(163,171)
(163,174)
(163,176)
(164,173)
(166,173)
(168,173)
(169,177)
(170,179)
(172,174)
(174,175)
(175,179)
(176,178)
(177,179)
(178,179)
