Nodes: 20
Protection radius: 1.000000
Disaster radius: 0.500000
0: 0.018224 10.643191
1: 1.252394 3.176408
2: 1.479792 8.045651
3: 1.489597 5.961692
4: 1.892718 11.896386
5: 2.588817 10.014672
6: 3.918492 5.402872
7: 5.277243 0.385848
8: 5.363621 11.015226
9: 6.148332 2.236486
10: 6.308332 4.863059
11: 7.469734 8.429459
12: 8.180996 11.874371
13: 8.325845 3.014520
14: 8.701888 0.756397
15: 9.726567 9.388834
16: 10.394579 4.705613
17: 10.745891 2.575406
18: 11.302425 10.849897
19: 11.634584 0.099488
Edges
(0,1)
(0,4)
(1,3)
(1,9)
(2,6)
(4,8)
(4,12)
(5,11)
(6,11)
(7,14)
(7,19)
(8,11)
(9,13)
(9,14)
(10,16)
(12,18)
(15,16)
(16,18)
(17,19)
