Nodes: 140
Protection radius: 1.000000
Disaster radius: 0.500000
0: 0.398388 19.655180
1: 1.602756 46.967967
2: 2.239750 26.468861
3: 2.631877 72.720778
4: 3.316808 0.699118
5: 4.659334 5.355400
6: 4.910033 52.800969
7: 5.488473 67.449807
8: 5.584910 62.958961
9: 7.397209 15.771711
10: 8.020762 34.897944
11: 8.238722 6.416060
12: 8.556605 49.050802
13: 8.807475 3.582902
14: 9.071126 53.069430
15: 9.624138 39.343557
16: 9.940232 61.579058
17: 10.090727 21.632137
18: 11.355541 25.690671
19: 11.409580 66.254933
20: 12.219531 47.301375
21: 12.530516 23.323662
22: 12.607490 33.216338
23: 13.709006 41.107467
24: 15.458905 1.589558
25: 15.469908 4.004638
26: 16.006741 49.392812
27: 16.512094 56.909866
28: 17.008600 43.812120
29: 17.223259 46.393197
30: 17.912256 69.214787
31: 18.061229 72.678627
32: 18.859169 3.674196
33: 19.036424 49.504596
34: 19.389561 15.765828
35: 19.771797 7.307448
36: 19.802291 63.283827
37: 20.692991 21.408001
38: 20.928165 68.046046
39: 21.105530 48.385866
40: 21.662366 3.355816
41: 22.417926 53.482183
42: 23.034683 41.489841
43: 23.643662 32.363730
44: 23.873649 28.842923
45: 23.886041 46.137090
46: 24.058427 65.712351
47: 25.215201 15.801250
48: 25.994333 28.927713
49: 31.122125 52.333594
50: 31.749617 6.451020
51: 31.876491 27.651721
52: 32.194376 70.035315
53: 32.283153 32.654556
54: 33.037661 9.623920
55: 34.691278 1.814277
56: 34.819456 37.799476
57: 35.198485 70.800419
58: 35.569927 50.120889
59: 36.260336 30.621573
60: 37.520306 17.320877
61: 39.094970 6.216662
62: 39.122555 29.663910
63: 39.813136 33.419085
64: 40.048473 16.490426
65: 40.103927 26.962467
66: 41.044150 2.543325
67: 41.321089 39.517332
68: 41.636698 5.416131
69: 42.234606 53.550447
70: 42.393881 50.127795
71: 42.717183 63.617959
72: 42.842618 35.455624
73: 42.923793 55.762531
74: 43.531124 9.580050
75: 43.902207 32.614570
76: 44.265589 24.657676
77: 45.335676 27.327960
78: 45.733994 1.540631
79: 46.185237 22.310258
80: 46.478039 38.240726
81: 46.726445 40.725311
82: 47.071652 16.472904
83: 47.645078 32.332807
84: 48.255820 12.676914
85: 48.294006 4.735328
86: 48.457681 30.137611
87: 48.573065 45.750681
88: 48.597055 18.544632
89: 50.091472 28.956172
90: 50.537215 58.905974
91: 50.731387 13.761011
92: 51.985636 38.234196
93: 53.147545 49.856161
94: 53.995438 52.953340
95: 54.249726 26.019483
96: 54.271540 64.080252
97: 54.431492 57.143574
98: 54.466452 30.799140
99: 54.598684 15.106222
100: 54.869798 38.378223
101: 55.884521 46.746667
102: 56.158235 16.526371
103: 57.068922 61.438990
104: 57.435243 40.467552
105: 58.016212 48.015432
106: 58.436336 17.804441
107: 58.712730 23.276890
108: 58.975333 28.578800
109: 59.320066 7.856529
110: 59.571260 10.061074
111: 59.642198 66.317049
112: 60.285024 30.363012
113: 60.376878 13.803987
114: 60.430614 16.629072
115: 61.176281 55.584607
116: 61.294993 20.702611
117: 61.318880 7.363318
118: 63.219571 26.822859
119: 63.782097 58.972837
120: 63.805158 32.908653
121: 63.930338 62.165677
122: 65.161961 64.259776
123: 65.897979 21.718808
124: 66.227361 45.536946
125: 66.801434 0.075709
126: 67.032160 52.782851
127: 67.301910 2.140545
128: 67.305937 67.231897
129: 67.795565 62.988097
130: 68.699958 30.714000
131: 68.811457 60.315486
132: 69.351697 21.495214
133: 69.523543 0.187199
134: 69.653024 65.204440
135: 71.227616 18.747707
136: 71.530558 14.196643
137: 71.851641 39.342998
138: 72.083868 67.782808
139: 73.788811 40.775434
Edges
(0,1)
(0,2)
(0,5)
(0,9)
(0,17)
(1,6)
(1,8)
(1,10)
(1,15)
(3,8)
(4,13)
(4,24)
(4,55)
(4,78)
(4,125)
(5,13)
(6,8)
(6,12)
(6,14)
(7,8)
(7,19)
(9,11)
(10,18)
(11,13)
(11,25)
(11,34)
(11,35)
(12,15)
(12,20)
(14,20)
(15,20)
(15,23)
(16,19)
(17,18)
(18,21)
(18,22)
(18,44)
(19,30)
(19,31)
(19,36)
(20,28)
(20,29)
(22,23)
(23,28)
(23,42)
(24,40)
(24,55)
(25,32)
(26,27)
(26,29)
(27,33)
(27,36)
(27,41)
(28,39)
(29,33)
(30,36)
(31,57)
(32,35)
(32,40)
(35,47)
(35,50)
(36,38)
(36,41)
(37,47)
(39,41)
(41,46)
(41,49)
(42,45)
(42,53)
(43,44)
(43,48)
(44,48)
(45,58)
(46,52)
(47,48)
(47,54)
(47,60)
(48,53)
(49,58)
(49,71)
(50,55)
(51,60)
(53,59)
(54,61)
(55,66)
(55,78)
(56,67)
(57,71)
(57,138)
(58,70)
(58,73)
(59,62)
(59,63)
(60,64)
(61,64)
(61,66)
(61,68)
(62,63)
(62,65)
(64,76)
(64,79)
(67,70)
(67,81)
(68,74)
(68,85)
(69,70)
(69,73)
(69,94)
(70,87)
(71,90)
(71,96)
(72,75)
(72,83)
(73,94)
(74,82)
(75,77)
(75,83)
(76,79)
(77,79)
(77,86)
(78,85)
(79,88)
(80,83)
(82,88)
(82,91)
(84,85)
(84,91)
(85,91)
(85,125)
(86,98)
(87,92)
(88,99)
(89,95)
(89,98)
(90,94)
(90,103)
(91,99)
(91,109)
(92,101)
(93,94)
(93,101)
(94,97)
(94,115)
(95,98)
(97,103)
(97,115)
(98,100)
(98,112)
(99,110)
(100,101)
(100,120)
(101,104)
(102,113)
(103,115)
(103,121)
(104,105)
(104,124)
(105,124)
(106,107)
(106,114)
(107,108)
(110,113)
(110,117)
(111,122)
(113,136)
(114,116)
(114,123)
(115,119)
(116,118)
(117,125)
(117,127)
(118,120)
(118,123)
(119,126)
(119,131)
(121,129)
(122,129)
(123,132)
(123,136)
(124,137)
(125,127)
(125,133)
(126,139)
(128,129)
(128,134)
(128,138)
(129,134)
(130,135)
(130,137)
(130,139)
(133,136)
(135,139)
(137,139)
