Nodes: 180
Protection radius: 1.000000
Disaster radius: 0.500000
0: 0.045722 73.770211
1: 0.112298 15.961424
2: 1.100507 31.683531
3: 1.771059 38.096877
4: 2.107194 26.991082
5: 3.535673 43.106803
6: 3.636135 14.019721
7: 3.972723 50.287384
8: 4.262357 90.748192
9: 4.750477 88.406556
10: 5.063854 8.663638
11: 5.093782 47.141958
12: 6.597131 53.305669
13: 6.782093 41.597620
14: 6.887900 2.338587
15: 7.173619 22.272093
16: 7.176196 10.410188
17: 7.560101 50.184309
18: 9.383709 7.271623
19: 9.571933 57.232021
20: 9.975708 70.084071
21: 10.164373 43.876957
22: 10.930191 86.523762
23: 11.164149 3.753245
24: 11.560392 50.791399
25: 13.795607 59.291296
26: 13.802352 30.230011
27: 13.849575 90.422137
28: 13.852717 57.093534
29: 14.544796 54.778257
30: 14.854987 17.818091
31: 15.849864 44.878440
32: 17.623615 74.639752
33: 17.649960 43.487918
34: 18.236821 26.857271
35: 19.154035 69.236510
36: 19.897792 32.689707
37: 20.077393 58.832448
38: 20.243647 47.857754
39: 20.777285 19.120493
40: 21.171586 28.927507
41: 22.261276 32.637919
42: 22.443585 68.637850
43: 22.511396 35.138035
44: 22.644796 63.929652
45: 22.663575 43.029592
46: 23.374737 78.751338
47: 23.407446 60.147834
48: 24.815622 16.022685
49: 25.101695 80.551429
50: 25.427695 19.117405
51: 25.932112 43.277329
52: 26.701892 67.028448
53: 26.739274 13.557662
54: 27.243584 46.343624
55: 28.087660 37.533257
56: 28.463864 84.244384
57: 28.559488 21.344823
58: 29.785632 13.050266
59: 29.947329 17.708594
60: 30.042656 61.953184
61: 30.521730 20.322582
62: 30.545990 64.562021
63: 32.262119 31.994061
64: 32.589403 0.260028
65: 33.430223 50.056946
66: 33.759802 36.382763
67: 33.872888 70.526738
68: 34.016126 40.782450
69: 34.807868 58.099665
70: 34.902485 20.648444
71: 35.021678 17.762258
72: 35.682054 50.120050
73: 36.403195 56.453842
74: 37.121341 66.928683
75: 37.174952 31.524579
76: 37.207005 28.333673
77: 37.551099 24.707259
78: 37.624701 6.989142
79: 37.710067 63.422065
80: 37.917627 45.291234
81: 38.690521 33.220072
82: 39.428152 16.229404
83: 39.510730 59.341053
84: 40.736728 54.854489
85: 40.935092 41.424608
86: 41.123278 84.154304
87: 41.160707 56.842106
88: 41.286501 4.443185
89: 41.600753 44.057610
90: 41.739397 38.081831
91: 43.046291 7.584521
92: 43.491189 74.209220
93: 43.750181 46.111694
94: 44.597095 35.643947
95: 44.710612 9.073663
96: 45.413465 60.221463
97: 46.687479 37.715795
98: 46.874360 57.710759
99: 46.979352 41.645348
100: 47.174401 67.452185
101: 47.732326 88.707136
102: 49.242165 75.486332
103: 49.306786 58.734793
104: 49.429176 48.079573
105: 49.659275 60.737997
106: 49.665471 37.184072
107: 50.928666 27.507439
108: 51.104403 19.947809
109: 52.823819 3.031784
110: 53.804651 55.151593
111: 53.965573 82.652976
112: 54.874075 32.459828
113: 55.242515 25.171941
114: 55.269062 37.405494
115: 56.327595 50.408506
116: 57.202324 80.482600
117: 58.436102 68.321730
118: 58.989746 40.606419
119: 59.399771 70.637228
120: 59.449342 86.126081
121: 60.182125 88.585177
122: 60.481833 78.649961
123: 60.611038 44.724718
124: 61.463180 26.178511
125: 61.822458 1.568406
126: 61.913541 87.398560
127: 63.175015 4.915245
128: 63.599912 78.142593
129: 63.973016 80.164879
130: 64.206541 21.494801
131: 65.229099 9.629551
132: 65.909117 72.517934
133: 66.355935 47.765113
134: 67.288477 76.970623
135: 68.368212 54.885261
136: 68.966649 3.699592
137: 69.105059 33.175849
138: 69.213353 69.177876
139: 69.716309 80.467602
140: 70.054452 84.577116
141: 70.506892 62.516682
142: 71.083894 89.074712
143: 71.609799 43.962621
144: 72.034310 87.210374
145: 72.680751 27.954929
146: 72.915010 63.758879
147: 73.169927 82.058370
148: 74.623061 38.628238
149: 74.944791 15.060275
150: 75.800037 70.395900
151: 76.273058 27.010872
152: 77.301488 58.104863
153: 78.390619 16.101672
154: 78.643876 36.891228
155: 78.988476 51.968142
156: 79.473630 33.163628
157: 80.224941 14.902859
158: 81.912866 6.369551
159: 82.403206 78.832768
160: 83.002922 80.845374
161: 83.275953 54.673363
162: 83.305622 4.418053
163: 84.512994 39.251809
164: 85.211486 46.121551
165: 85.253680 17.586223
166: 85.319774 71.645983
167: 85.445256 13.623714
168: 86.595372 15.454443
169: 87.311282 66.797844
170: 87.470402 8.240863
171: 87.800439 88.305883
172: 88.036838 64.527326
173: 88.862348 12.825161
174: 88.970174 54.620226
175: 89.022527 42.589138
176: 89.650322 70.783036
177: 89.700027 68.419589
178: 90.395649 46.162404
179: 90.474925 89.045562
Edges
(0,1)
(0,2)
(0,7)
(0,12)
(1,2)
(1,6)
(1,10)
(2,4)
(2,26)
(3,7)
(3,13)
(5,11)
(5,13)
(6,15)
(6,30)
(7,17)
(8,9)
(8,22)
(8,179)
(11,13)
(11,17)
(12,24)
(13,21)
(13,26)
(14,18)
(14,64)
(15,26)
(15,34)
(16,18)
(18,30)
(19,20)
(19,25)
(19,29)
(20,32)
(21,24)
(22,27)
(22,32)
(23,30)
(23,64)
(24,29)
(25,28)
(26,33)
(26,34)
(26,36)
(27,49)
(27,56)
(27,101)
(29,37)
(30,39)
(31,38)
(32,46)
(35,42)
(36,40)
(37,47)
(38,45)
(39,40)
(39,50)
(40,41)
(42,52)
(43,45)
(43,55)
(44,52)
(45,51)
(46,49)
(47,60)
(48,50)
(49,56)
(49,67)
(50,59)
(51,54)
(52,62)
(53,58)
(55,68)
(56,67)
(56,86)
(56,101)
(57,59)
(57,61)
(57,63)
(57,77)
(58,78)
(60,69)
(61,71)
(62,67)
(62,74)
(63,66)
(63,75)
(64,88)
(64,125)
(65,68)
(65,80)
(66,68)
(66,75)
(66,90)
(67,74)
(68,90)
(70,71)
(70,82)
(72,93)
(73,84)
(73,87)
(76,94)
(76,107)
(77,82)
(77,108)
(78,88)
(78,91)
(79,96)
(79,100)
(81,90)
(82,91)
(83,87)
(84,87)
(84,93)
(84,98)
(85,89)
(85,99)
(86,92)
(86,102)
(87,96)
(87,98)
(89,93)
(90,94)
(90,97)
(92,102)
(95,109)
(96,98)
(96,105)
(98,103)
(98,110)
(101,142)
(102,116)
(103,105)
(104,114)
(104,115)
(105,110)
(106,107)
(107,108)
(107,113)
(109,131)
(110,135)
(111,116)
(112,118)
(115,133)
(115,135)
(116,119)
(116,122)
(117,132)
(117,135)
(118,123)
(118,137)
(118,143)
(120,122)
(121,126)
(122,128)
(124,137)
(125,127)
(126,140)
(126,142)
(127,131)
(129,140)
(130,145)
(131,149)
(132,138)
(133,135)
(134,138)
(134,139)
(135,143)
(135,152)
(136,158)
(137,143)
(138,146)
(139,147)
(141,152)
(142,171)
(142,179)
(143,155)
(144,171)
(145,151)
(145,156)
(146,150)
(147,159)
(148,154)
(149,157)
(150,152)
(150,159)
(151,156)
(152,161)
(152,172)
(153,157)
(154,164)
(156,165)
(157,165)
(158,162)
(158,170)
(159,166)
(160,171)
(160,176)
(161,164)
(161,172)
(163,165)
(164,178)
(165,167)
(165,173)
(167,168)
(167,170)
(167,173)
(169,172)
(169,176)
(173,175)
(174,177)
(176,179)
(177,178)
(177,179)
