Nodes: 100
Protection radius: 1.000000
Disaster radius: 0.500000
0: 0.249768 18.526582
1: 0.796721 30.893604
2: 1.254451 34.646510
3: 1.446868 40.457720
4: 1.818846 5.233313
5: 1.831709 9.447868
6: 2.335105 53.425375
7: 2.658980 49.866058
8: 3.165569 55.286967
9: 3.477532 44.666314
10: 4.252419 46.871633
11: 5.949281 18.423875
12: 7.462680 24.777532
13: 7.905712 38.936530
14: 8.308613 13.554761
15: 8.538145 46.075892
16: 9.518007 0.184364
17: 11.539373 57.582370
18: 11.807748 20.796366
19: 12.043453 8.047545
20: 12.198724 16.581136
21: 12.311989 42.018632
22: 12.784823 33.472235
23: 12.796018 48.622962
24: 13.489169 22.991231
25: 13.962343 13.738937
26: 14.460613 20.572917
27: 16.188378 49.988457
28: 16.257169 13.694484
29: 16.323849 44.262257
30: 16.859729 37.064413
31: 18.612605 41.989716
32: 18.919383 49.727477
33: 19.065554 28.627087
34: 19.632110 39.894118
35: 19.734492 11.761246
36: 20.333208 5.828574
37: 21.160012 35.516562
38: 21.687661 3.013766
39: 22.386522 14.627727
40: 23.070333 49.980365
41: 25.354426 51.813286
42: 25.889540 0.721676
43: 26.395639 54.272910
44: 26.479839 29.108672
45: 27.500125 10.240735
46: 27.569347 50.040153
47: 30.287828 5.318519
48: 31.615279 38.873951
49: 31.788500 57.381834
50: 31.919575 53.302940
51: 32.771930 37.197398
52: 33.245175 51.714839
53: 33.470308 4.918122
54: 33.723196 13.805641
55: 34.378558 53.708547
56: 34.538418 29.645409
57: 36.166266 19.638533
58: 36.259226 3.913431
59: 36.259701 35.825427
60: 36.869810 29.058454
61: 37.055105 26.686261
62: 37.415310 15.285280
63: 38.062409 2.864121
64: 38.449084 54.474555
65: 38.963118 48.276161
66: 40.164174 3.878683
67: 40.295334 24.335391
68: 40.347282 40.940755
69: 40.693120 36.140666
70: 41.110829 48.024034
71: 41.378832 43.334585
72: 41.707842 46.112730
73: 41.887717 16.892577
74: 42.295280 22.358301
75: 42.295892 31.695522
76: 42.973002 3.511403
77: 43.281407 20.247504
78: 44.252159 46.711637
79: 45.232506 14.063874
80: 45.362223 17.959895
81: 45.519663 30.602843
82: 45.946022 0.774263
83: 46.287856 44.869960
84: 46.700488 35.484963
85: 47.746055 32.174701
86: 48.205332 56.483713
87: 48.785702 43.686698
88: 49.356176 19.984259
89: 49.991413 0.179732
90: 52.230451 23.872017
91: 52.942156 31.118107
92: 53.953584 46.845776
93: 54.056925 27.996127
94: 54.521845 12.382819
95: 55.247265 20.763003
96: 55.740676 26.795084
97: 56.814343 2.953271
98: 57.227291 49.044745
99: 57.350296 40.193175
Edges
(0,18)
(1,3)
(2,34)
(2,37)
(2,43)
(2,49)
(3,9)
(3,23)
(3,32)
(4,16)
(5,11)
(6,8)
(7,8)
(7,32)
(8,27)
(8,49)
(9,15)
(10,23)
(11,16)
(11,18)
(12,24)
(12,33)
(13,31)
(13,49)
(14,20)
(16,19)
(16,25)
(17,49)
(18,20)
(20,24)
(20,38)
(20,48)
(20,52)
(21,40)
(22,33)
(26,52)
(28,42)
(29,52)
(30,34)
(35,51)
(36,38)
(36,42)
(39,45)
(40,46)
(40,49)
(41,49)
(42,63)
(44,48)
(44,51)
(45,59)
(45,79)
(47,63)
(49,55)
(49,64)
(49,86)
(50,52)
(51,59)
(53,94)
(54,56)
(54,59)
(54,64)
(54,95)
(57,60)
(57,61)
(57,64)
(57,68)
(57,69)
(58,94)
(61,65)
(62,73)
(63,82)
(63,94)
(63,97)
(66,97)
(67,70)
(69,70)
(70,71)
(70,73)
(70,78)
(72,74)
(74,84)
(74,86)
(75,86)
(76,97)
(77,81)
(77,84)
(77,87)
(77,90)
(77,91)
(77,93)
(77,96)
(80,90)
(83,87)
(85,91)
(87,98)
(88,90)
(89,97)
(91,92)
(91,99)
