Nodes: 100
Protection radius: 1.000000
Disaster radius: 0.500000
0: 0.582332 43.793689
1: 1.008912 22.454125
2: 1.442632 1.160448
3: 1.898292 6.533276
4: 1.955051 24.457487
5: 2.158976 37.106382
6: 3.414951 43.498283
7: 4.165683 1.101714
8: 4.319527 11.754021
9: 4.593993 46.172945
10: 5.043779 35.532928
11: 5.464898 16.551838
12: 5.477668 19.237888
13: 6.153689 6.575784
14: 7.257801 43.029527
15: 7.469977 36.336896
16: 9.081575 41.512938
17: 9.949743 47.049056
18: 10.560925 32.752914
19: 11.007425 28.027997
20: 11.993047 8.820315
21: 12.274435 11.341200
22: 12.318887 41.750419
23: 12.554929 35.727115
24: 12.728257 13.442356
25: 13.052113 17.085554
26: 13.123739 49.471495
27: 15.397596 43.886902
28: 16.303452 9.803039
29: 16.389248 30.686463
30: 16.434435 36.933963
31: 16.469670 19.021241
32: 16.548150 49.503724
33: 17.034824 23.968080
34: 17.122949 11.659354
35: 17.912161 15.806588
36: 18.142335 38.623160
37: 18.192630 21.934568
38: 18.194990 52.694479
39: 20.295149 31.291214
40: 21.049659 52.751614
41: 21.409460 8.722782
42: 21.860727 14.345626
43: 22.502462 17.249938
44: 22.588201 21.246361
45: 23.825722 31.535224
46: 23.944542 51.719113
47: 24.065247 28.656151
48: 24.464159 39.546399
49: 24.796440 48.639736
50: 24.906443 5.783189
51: 25.166190 37.294964
52: 25.361171 8.177382
53: 25.640902 3.475857
54: 25.975915 17.615300
55: 26.072946 45.090663
56: 26.981494 51.647166
57: 27.324019 11.848035
58: 28.673417 32.739861
59: 29.637325 5.483557
60: 29.722438 26.116182
61: 29.848581 52.848463
62: 30.183207 31.418809
63: 30.869276 18.774962
64: 31.392653 1.628881
65: 31.732562 42.483075
66: 31.899371 38.356106
67: 33.509112 23.483773
68: 33.577877 44.747277
69: 33.934882 3.994120
70: 35.056009 18.503705
71: 35.237339 0.826607
72: 35.573079 6.586209
73: 35.634180 42.780620
74: 35.837227 13.067481
75: 36.566722 34.082702
76: 36.574554 15.860456
77: 36.767427 8.363162
78: 37.074026 48.289452
79: 37.523155 27.270987
80: 37.994593 31.414519
81: 38.496299 50.138193
82: 38.537487 24.889142
83: 38.863844 12.022025
84: 39.462768 43.823741
85: 41.393579 26.514557
86: 41.782827 18.507381
87: 42.213694 11.839759
88: 42.348754 23.029490
89: 42.877991 15.282715
90: 44.609036 20.589390
91: 44.730313 37.377039
92: 46.079305 28.211391
93: 46.146210 48.988301
94: 47.343267 39.861754
95: 48.449124 51.876531
96: 48.682780 1.057262
97: 50.471195 27.371248
98: 52.156331 47.399669
99: 52.703138 0.463274
Edges
(0,1)
(0,10)
(0,78)
(1,4)
(1,5)
(2,8)
(2,11)
(2,13)
(2,20)
(2,88)
(3,4)
(5,11)
(6,15)
(6,55)
(6,68)
(6,78)
(7,64)
(7,70)
(8,13)
(8,29)
(9,17)
(9,78)
(9,93)
(10,19)
(10,98)
(11,12)
(11,29)
(13,29)
(14,15)
(14,27)
(15,65)
(15,98)
(16,27)
(16,65)
(17,26)
(17,40)
(18,19)
(19,23)
(19,29)
(21,24)
(21,25)
(21,28)
(22,27)
(26,38)
(28,29)
(28,30)
(28,42)
(28,82)
(30,31)
(30,33)
(30,35)
(30,39)
(30,47)
(30,58)
(30,73)
(32,93)
(34,54)
(34,94)
(36,84)
(36,98)
(37,43)
(37,60)
(37,62)
(40,46)
(40,81)
(41,57)
(43,44)
(45,58)
(48,73)
(49,93)
(50,53)
(51,62)
(52,53)
(53,57)
(53,64)
(53,69)
(53,71)
(53,96)
(53,99)
(55,93)
(56,93)
(57,59)
(57,72)
(57,83)
(58,62)
(59,96)
(59,99)
(60,73)
(60,80)
(60,94)
(61,81)
(63,82)
(64,71)
(65,93)
(66,73)
(67,79)
(67,82)
(70,76)
(70,86)
(70,99)
(73,75)
(74,76)
(77,83)
(77,99)
(79,85)
(81,95)
(85,91)
(86,94)
(87,89)
(89,90)
(89,94)
(90,92)
(90,97)
(91,94)
(93,98)
(95,98)
(98,99)
