Nodes: 100
Protection radius: 1.000000
Disaster radius: 0.500000
0: 0.021983 45.673441
1: 0.856361 31.397885
2: 2.475289 15.790607
3: 2.666562 2.784819
4: 3.245722 8.537864
5: 3.286328 56.127424
6: 3.993386 21.637806
7: 5.170481 50.274257
8: 6.033875 36.126752
9: 6.292266 12.678876
10: 6.994607 0.741156
11: 7.337756 31.164264
12: 7.800973 39.013497
13: 9.001372 22.979150
14: 9.063089 25.146653
15: 9.222870 57.449966
16: 9.607505 34.742031
17: 10.128842 13.209606
18: 10.868783 43.303881
19: 10.909229 27.136428
20: 11.138673 55.325069
21: 12.534878 29.820165
22: 13.124045 17.099355
23: 13.892026 37.259569
24: 14.108953 41.200513
25: 14.250057 49.335736
26: 14.450071 7.944709
27: 14.927736 39.071628
28: 16.185415 17.596879
29: 16.530202 50.128623
30: 16.710290 53.126487
31: 17.344716 27.138271
32: 17.570136 10.553401
33: 17.867301 35.105313
34: 18.556616 37.576800
35: 19.884174 33.127569
36: 19.997889 30.856761
37: 20.480777 48.983515
38: 22.013002 40.976568
39: 24.060128 19.165087
40: 24.191484 44.052383
41: 24.876438 37.352008
42: 26.194763 58.653258
43: 26.536750 32.846397
44: 26.589737 1.450563
45: 26.901043 12.079443
46: 28.424025 5.490692
47: 28.605144 8.676347
48: 30.313003 38.937790
49: 30.652281 30.468761
50: 30.975717 23.347420
51: 31.290633 20.019872
52: 31.366994 0.111685
53: 31.509570 25.527816
54: 31.891642 13.506227
55: 32.198115 36.963522
56: 33.923540 18.682036
57: 34.065680 43.854719
58: 34.296960 31.638026
59: 34.422845 34.673403
60: 35.198465 21.947581
61: 36.473866 13.617231
62: 37.455244 4.714129
63: 38.162072 58.898699
64: 38.254315 29.007609
65: 38.867156 44.295109
66: 39.045456 14.246659
67: 39.982143 3.921894
68: 41.019400 10.128258
69: 41.689963 32.215704
70: 41.942968 57.536076
71: 42.173016 24.502132
72: 42.284781 13.065924
73: 42.873855 3.149002
74: 44.237626 58.340866
75: 44.604462 15.515136
76: 46.259369 4.121799
77: 46.277771 31.014374
78: 47.422468 12.255971
79: 47.857084 23.403661
80: 48.130201 15.641380
81: 49.683782 50.121145
82: 50.076892 40.638396
83: 50.329351 32.223355
84: 50.476652 54.485225
85: 50.662563 0.491723
86: 51.598667 22.155159
87: 51.837850 43.535274
88: 52.754129 54.307019
89: 53.205923 58.752361
90: 54.085913 56.866349
91: 54.170936 34.755292
92: 55.173679 13.600891
93: 56.379837 34.040836
94: 57.534081 30.209373
95: 57.896000 20.439965
96: 58.102712 43.128769
97: 58.428818 39.269408
98: 59.021148 5.335054
99: 59.414728 10.708806
Edges
(0,6)
(1,6)
(2,3)
(3,6)
(4,17)
(5,6)
(5,8)
(5,11)
(5,12)
(6,13)
(6,39)
(6,50)
(6,64)
(7,12)
(7,15)
(8,11)
(9,17)
(9,22)
(10,17)
(10,26)
(10,47)
(10,51)
(11,13)
(11,14)
(11,23)
(11,36)
(11,55)
(11,58)
(11,83)
(12,15)
(12,18)
(12,29)
(12,38)
(12,42)
(12,65)
(12,96)
(13,77)
(14,83)
(15,20)
(15,30)
(16,23)
(17,26)
(18,20)
(18,25)
(19,36)
(19,83)
(20,25)
(20,29)
(21,36)
(22,26)
(22,51)
(23,48)
(24,37)
(24,65)
(26,32)
(27,48)
(27,82)
(27,96)
(28,39)
(29,30)
(29,42)
(30,42)
(31,83)
(33,34)
(34,48)
(34,55)
(34,82)
(35,55)
(37,40)
(39,51)
(40,42)
(41,55)
(41,82)
(42,57)
(42,74)
(43,55)
(44,46)
(44,52)
(44,60)
(44,67)
(44,71)
(44,76)
(44,85)
(45,51)
(46,71)
(47,51)
(49,58)
(50,60)
(52,85)
(53,71)
(54,60)
(56,71)
(59,69)
(59,91)
(59,96)
(61,79)
(62,67)
(63,89)
(64,79)
(64,86)
(66,68)
(66,86)
(67,72)
(67,75)
(67,78)
(67,80)
(67,95)
(69,91)
(70,81)
(70,87)
(70,96)
(71,79)
(72,75)
(73,76)
(73,85)
(73,98)
(74,89)
(76,92)
(76,98)
(77,86)
(80,86)
(80,94)
(81,87)
(82,96)
(84,89)
(86,96)
(88,89)
(89,96)
(90,96)
(92,95)
(93,96)
(94,95)
(95,99)
(96,99)
(97,99)
