Nodes: 20
Protection radius: 1.000000
Disaster radius: 0.500000
0: 0.590549 2.752855
1: 1.912577 7.577515
2: 2.070510 10.080652
3: 2.185355 15.232453
4: 4.231553 11.839013
5: 4.543263 14.798059
6: 5.229120 1.855188
7: 5.572559 6.491331
8: 7.389290 11.800943
9: 8.211220 15.319630
10: 8.312746 7.257421
11: 9.028819 1.013163
12: 11.067821 8.827642
13: 11.950000 15.978389
14: 12.103877 4.339139
15: 13.296658 12.694426
16: 14.776448 15.419293
17: 14.951347 4.924806
18: 15.151825 11.888673
19: 15.812893 2.831237
Edges
(0,2)
(0,6)
(1,7)
(3,13)
(4,5)
(4,7)
(5,9)
(6,7)
(7,8)
(8,9)
(8,12)
(8,15)
(9,13)
(10,11)
(11,19)
(12,18)
(13,16)
(14,19)
(15,16)
(16,18)
(17,18)
(17,19)
(18,19)
