Nodes: 180
Protection radius: 1.000000
Disaster radius: 0.500000
0: 1.348496 22.478491
1: 1.635845 19.726804
2: 2.306655 55.288250
3: 2.729161 10.045453
4: 2.929961 17.345149
5: 3.083663 5.481944
6: 3.599925 1.916737
7: 3.994241 70.371032
8: 4.212714 52.672683
9: 5.671246 3.832521
10: 6.064403 87.476493
11: 6.908569 56.436957
12: 7.135103 62.174936
13: 7.471754 49.776784
14: 8.205533 31.286378
15: 8.516818 35.236230
16: 9.515282 39.102927
17: 9.732408 2.787817
18: 10.369812 8.622312
19: 10.564585 51.331842
20: 11.369239 19.415121
21: 12.186515 31.099475
22: 13.745224 71.554860
23: 14.160549 30.259533
24: 16.251237 84.637743
25: 16.770960 11.465995
26: 16.801109 28.193553
27: 17.657853 78.853123
28: 18.215949 50.464114
29: 19.142050 23.657262
30: 19.626812 43.486361
31: 19.676734 62.279052
32: 19.697858 74.850701
33: 19.894749 4.144941
34: 20.176606 30.058518
35: 20.326110 26.642376
36: 20.420510 59.541426
37: 20.859533 11.437410
38: 21.877642 69.350450
39: 21.976676 9.323828
40: 22.301818 15.103820
41: 22.905146 42.439978
42: 23.869678 4.974187
43: 24.510679 2.541955
44: 24.860214 79.642435
45: 24.901647 32.431027
46: 25.519898 41.727701
47: 26.584701 64.631071
48: 26.860649 5.918349
49: 26.916887 52.276882
50: 27.030697 73.514731
51: 27.141659 22.907011
52: 27.220615 29.448314
53: 27.425798 14.612044
54: 27.488617 78.598487
55: 28.711083 74.816223
56: 29.055593 12.457576
57: 29.430192 57.851988
58: 30.088443 1.120841
59: 30.640999 76.992244
60: 31.006257 51.759878
61: 31.892476 82.742993
62: 31.950139 85.608830
63: 32.147816 58.587520
64: 32.658226 3.170053
65: 33.045871 6.624532
66: 33.047350 68.927117
67: 33.429819 61.639076
68: 33.641372 14.535167
69: 33.770635 24.662353
70: 34.435988 44.579526
71: 34.776033 70.676110
72: 35.021173 34.143321
73: 35.304875 9.375618
74: 35.814012 65.900376
75: 36.612700 63.404691
76: 37.039317 36.369669
77: 37.675382 16.736807
78: 38.779105 12.746802
79: 40.035887 67.626222
80: 40.253006 72.448217
81: 40.856505 5.346765
82: 41.816559 20.795349
83: 42.149985 51.761593
84: 42.203097 56.016067
85: 43.297372 59.745496
86: 43.904156 2.919750
87: 44.609178 15.752744
88: 45.971249 72.443489
89: 46.415122 85.332894
90: 46.663743 58.025368
91: 46.795326 20.530625
92: 47.797008 32.649104
93: 48.481461 8.061233
94: 48.750510 23.892958
95: 48.872766 48.395279
96: 49.092305 73.903740
97: 50.110892 31.638512
98: 50.230214 82.667708
99: 50.534811 35.728389
100: 50.814616 40.356820
101: 52.318264 47.874343
102: 53.951476 62.477542
103: 54.073519 79.015440
104: 55.506043 65.782290
105: 56.621811 39.768478
106: 56.734065 51.626007
107: 58.736607 15.135061
108: 58.834075 6.324366
109: 59.640803 30.503917
110: 59.663874 84.682497
111: 59.848587 43.051499
112: 60.284511 79.118948
113: 60.963097 54.349266
114: 61.854214 6.580329
115: 62.664186 28.564399
116: 63.600943 43.460356
117: 64.107565 1.946993
118: 64.148023 49.054912
119: 64.763941 75.892040
120: 64.915634 26.456353
121: 64.984639 14.497795
122: 65.548389 69.507920
123: 65.623005 56.507449
124: 67.117617 11.677932
125: 67.284727 73.980570
126: 67.549632 18.479510
127: 67.636809 6.041483
128: 67.785457 80.105147
129: 68.099935 8.098162
130: 69.364980 44.505742
131: 70.070693 9.493993
132: 71.550554 17.084857
133: 71.720665 32.813496
134: 71.941674 51.639269
135: 72.043522 60.187531
136: 72.446724 14.483060
137: 73.378417 46.183824
138: 73.471597 85.455129
139: 73.658851 70.711975
140: 74.069829 87.394583
141: 74.211488 73.998123
142: 74.522688 50.622940
143: 74.848140 57.124145
144: 75.980225 1.008690
145: 76.186529 25.466290
146: 76.350492 74.239537
147: 76.516085 11.467736
148: 76.546692 48.032164
149: 76.963162 79.913670
150: 77.073483 20.845862
151: 77.770451 87.498185
152: 77.925433 55.502781
153: 78.006527 64.302293
154: 78.733235 84.734835
155: 79.063589 40.071636
156: 79.100433 25.861911
157: 79.354758 35.741701
158: 79.963140 17.421736
159: 80.387288 66.920405
160: 82.179711 40.564921
161: 82.275528 56.199399
162: 82.525167 62.617990
163: 82.985232 68.383317
164: 83.004900 19.364565
165: 83.008168 34.493004
166: 83.063959 60.063075
167: 83.427086 75.951162
168: 83.713899 0.998423
169: 83.863835 64.305674
170: 84.119964 54.875935
171: 84.410697 52.458057
172: 84.464622 3.075360
173: 84.516836 22.055402
174: 84.796613 61.867107
175: 84.849712 12.383649
176: 86.628152 16.506681
177: 87.383677 36.730736
178: 87.475435 72.153092
179: 87.520373 26.496059
Edges
(0,1)
(0,2)
(0,10)
(1,4)
(2,7)
(3,4)
(4,8)
(4,13)
(4,22)
(5,9)
(5,14)
(5,15)
(5,19)
(5,49)
(6,17)
(6,43)
(10,12)
(10,27)
(10,31)
(10,47)
(10,89)
(11,13)
(12,13)
(14,23)
(15,22)
(16,30)
(16,49)
(17,18)
(17,20)
(17,33)
(17,117)
(18,25)
(18,39)
(18,64)
(18,144)
(20,41)
(21,30)
(21,49)
(24,47)
(25,37)
(26,35)
(26,37)
(26,40)
(26,51)
(27,32)
(28,49)
(29,51)
(31,36)
(31,38)
(34,52)
(35,52)
(36,49)
(37,53)
(37,56)
(39,65)
(39,73)
(41,52)
(42,64)
(44,54)
(44,62)
(45,52)
(46,52)
(47,50)
(48,64)
(48,86)
(49,52)
(49,55)
(50,54)
(51,56)
(51,57)
(51,68)
(55,61)
(55,78)
(56,73)
(57,60)
(57,72)
(58,117)
(59,61)
(59,63)
(61,62)
(61,67)
(61,70)
(62,71)
(62,98)
(63,70)
(66,74)
(66,75)
(66,103)
(66,140)
(68,69)
(68,81)
(69,72)
(70,75)
(70,76)
(70,84)
(71,110)
(72,77)
(73,81)
(74,84)
(74,96)
(74,104)
(74,109)
(74,115)
(74,138)
(74,151)
(76,83)
(76,100)
(78,91)
(78,92)
(79,128)
(80,103)
(81,87)
(81,131)
(81,172)
(82,92)
(82,100)
(84,109)
(85,167)
(87,91)
(88,151)
(89,98)
(90,105)
(91,94)
(91,99)
(91,100)
(93,94)
(94,121)
(95,105)
(96,112)
(96,151)
(97,99)
(100,124)
(101,105)
(102,105)
(102,106)
(102,111)
(102,126)
(102,150)
(104,141)
(104,167)
(105,115)
(106,111)
(106,115)
(106,124)
(107,121)
(107,131)
(108,131)
(111,131)
(112,138)
(113,133)
(113,139)
(114,172)
(116,131)
(118,134)
(119,125)
(119,146)
(120,126)
(122,146)
(123,139)
(125,141)
(125,146)
(127,147)
(128,151)
(128,167)
(129,131)
(129,147)
(130,133)
(131,132)
(132,136)
(133,134)
(134,145)
(134,167)
(135,139)
(136,150)
(137,148)
(137,152)
(137,166)
(139,167)
(142,163)
(142,169)
(143,153)
(143,159)
(143,163)
(144,168)
(146,167)
(147,172)
(147,174)
(148,150)
(148,157)
(148,166)
(149,167)
(151,178)
(152,166)
(154,167)
(155,178)
(156,158)
(158,174)
(160,174)
(161,178)
(162,163)
(163,178)
(164,165)
(165,170)
(165,172)
(165,173)
(165,175)
(166,178)
(167,178)
(170,176)
(171,176)
(174,177)
(177,179)
(178,179)
