Nodes: 20
Protection radius: 1.000000
Disaster radius: 0.500000
0: 1.142479 0.999955
1: 1.750033 13.921592
2: 2.059558 8.014680
3: 2.671836 10.894848
4: 3.670579 1.715524
5: 5.352221 10.894902
6: 5.694097 15.938227
7: 6.055504 5.596055
8: 7.098613 1.791469
9: 8.119273 14.126224
10: 10.059242 3.354922
11: 10.227630 5.866424
12: 10.833075 0.805291
13: 12.629878 5.019930
14: 13.181099 7.031854
15: 13.201784 13.544200
16: 14.446318 10.281128
17: 15.182778 1.193999
18: 15.397788 14.503654
19: 15.443967 6.379182
Edges
(0,2)
(0,4)
(1,2)
(1,5)
(1,6)
(1,11)
(1,16)
(1,18)
(2,7)
(3,12)
(5,14)
(5,16)
(8,12)
(9,18)
(10,11)
(11,14)
(12,16)
(13,17)
(15,16)
(16,17)
(16,18)
(17,19)
