Nodes: 20
Protection radius: 1.000000
Disaster radius: 0.500000
0: 0.472690 8.078314
1: 0.516212 4.580165
2: 1.186337 2.174021
3: 2.448622 5.599218
4: 2.783777 14.809807
5: 3.226964 11.622727
6: 3.250983 3.057414
7: 4.901081 7.894617
8: 5.231434 4.398568
9: 5.574772 13.751892
10: 6.358516 0.355528
11: 7.327210 6.136818
12: 7.796227 3.076950
13: 8.184833 13.450165
14: 9.337389 9.032630
15: 10.062298 12.290949
16: 11.602341 4.437320
17: 13.258512 6.377580
18: 14.174626 13.203511
19: 14.355325 3.651635
Edges
(0,1)
(1,6)
(2,6)
(3,6)
(3,8)
(4,5)
(4,18)
(7,8)
(7,11)
(8,12)
(9,13)
(10,12)
(10,19)
(13,14)
(14,18)
(15,18)
(16,19)
(17,18)
(18,19)
