Nodes: 60
Protection radius: 1.000000
Disaster radius: 0.500000
0: 1.339204 4.405705
1: 1.496429 23.449367
2: 1.593313 20.617337
3: 1.942627 0.041605
4: 2.168202 27.760765
5: 2.217513 14.268818
6: 2.401834 10.813681
7: 2.641105 30.422633
8: 3.346766 16.030847
9: 3.863142 12.543765
10: 3.887833 18.451223
11: 4.803816 26.168178
12: 4.812064 1.938519
13: 4.992593 31.395770
14: 5.635932 23.525578
15: 6.711943 18.235854
16: 6.893188 28.553340
17: 7.859413 30.691958
18: 7.869615 23.279366
19: 8.400797 15.841768
20: 8.714393 0.723174
21: 9.390131 27.856820
22: 10.235244 25.114171
23: 10.346878 17.852485
24: 11.403721 11.897399
25: 11.463419 22.104113
26: 11.631941 31.805467
27: 13.468296 3.054074
28: 13.650751 12.064088
29: 13.709686 7.348383
30: 13.886599 23.854383
31: 15.145729 10.428215
32: 15.165718 30.074058
33: 15.338611 26.854939
34: 15.589954 18.808271
35: 15.688120 16.030947
36: 15.836413 24.445528
37: 16.386179 2.546857
38: 16.593663 31.588444
39: 17.500229 12.900150
40: 17.525521 22.051548
41: 18.518049 8.666957
42: 19.496888 12.602530
43: 20.507617 7.362575
44: 21.144877 27.232443
45: 21.862345 0.986448
46: 21.899272 30.592174
47: 23.393422 13.337403
48: 25.144328 29.863230
49: 25.663943 3.633199
50: 25.840878 27.798267
51: 25.912235 9.446982
52: 26.459063 13.160490
53: 27.606220 6.047488
54: 27.905856 19.927355
55: 27.919358 26.976699
56: 28.921256 29.354100
57: 30.275573 21.064068
58: 31.490019 29.058250
59: 31.717804 16.996986
Edges
(0,6)
(0,8)
(1,2)
(1,10)
(3,8)
(3,9)
(3,20)
(4,20)
(4,27)
(5,10)
(7,19)
(9,10)
(9,12)
(11,13)
(11,14)
(13,18)
(13,19)
(15,27)
(16,17)
(16,18)
(16,33)
(17,32)
(17,44)
(19,22)
(19,23)
(19,27)
(19,29)
(19,31)
(19,36)
(21,22)
(22,55)
(24,41)
(25,30)
(26,55)
(27,37)
(27,45)
(28,35)
(28,41)
(28,42)
(30,36)
(34,39)
(36,57)
(37,41)
(38,48)
(38,50)
(38,58)
(39,40)
(40,42)
(42,43)
(42,47)
(45,49)
(45,53)
(45,54)
(46,58)
(50,55)
(50,56)
(51,54)
(52,54)
(58,59)
