Nodes: 20
Protection radius: 1.000000
Disaster radius: 0.500000
0: 0.221731 9.119932
1: 0.228876 5.646883
2: 1.135219 12.774940
3: 1.675734 2.978098
4: 2.863459 0.603183
5: 4.097851 9.517015
6: 4.237300 13.198059
7: 5.065629 2.328923
8: 6.928651 8.875055
9: 7.030084 6.747497
10: 7.413445 13.076874
11: 7.573099 4.542186
12: 8.567112 2.445990
13: 9.264437 0.197486
14: 9.423262 13.325999
15: 12.112524 7.338025
16: 12.468913 3.617554
17: 13.598493 10.578022
18: 13.974160 8.446564
19: 13.975755 12.697789
Edges
(0,3)
(1,3)
(2,4)
(2,7)
(3,4)
(4,13)
(5,6)
(6,9)
(6,12)
(6,13)
(6,14)
(8,17)
(9,18)
(10,19)
(11,13)
(13,15)
(15,16)
(17,19)
(18,19)
