Nodes: 180
Protection radius: 1.000000
Disaster radius: 0.500000
0: 0.419789 40.393840
1: 0.526556 5.134802
2: 1.497673 60.126030
3: 1.537970 73.631960
4: 1.588728 91.070381
5: 2.167314 93.739349
6: 3.975236 26.795287
7: 6.719824 71.351973
8: 7.346226 2.139300
9: 7.401904 39.388957
10: 7.542221 13.779207
11: 8.081580 24.702929
12: 8.296713 87.224825
13: 8.525999 61.784975
14: 9.505655 8.826802
15: 9.908920 64.386683
16: 10.043420 84.361274
17: 11.972541 62.869271
18: 11.996671 0.776540
19: 12.107424 53.323951
20: 12.191563 38.821956
21: 12.452810 50.675828
22: 13.112339 33.486694
23: 13.272530 91.750977
24: 13.843053 75.200063
25: 13.961604 63.945613
26: 15.205542 16.162459
27: 15.918506 92.555766
28: 17.593667 90.645902
29: 18.345786 7.648832
30: 18.594576 82.851961
31: 19.206006 52.488985
32: 19.827890 4.609051
33: 19.932974 19.535830
34: 20.060743 41.590730
35: 20.675657 46.370515
36: 20.702051 68.752739
37: 21.220318 44.408954
38: 21.441711 28.514392
39: 21.508760 57.302030
40: 22.127764 38.741581
41: 22.358832 5.834814
42: 22.384724 76.213862
43: 23.974250 40.550951
44: 24.897465 22.662809
45: 24.965316 31.815369
46: 25.792462 89.740390
47: 27.018630 0.602870
48: 27.157019 55.861345
49: 27.775939 62.743007
50: 28.386508 52.091513
51: 28.702846 35.266285
52: 28.732040 45.270962
53: 29.374241 61.395833
54: 29.623709 28.014554
55: 29.902503 87.960994
56: 30.175474 97.561834
57: 31.509568 50.150143
58: 33.242042 31.491230
59: 34.273457 29.501569
60: 34.505185 4.912902
61: 34.766345 38.868322
62: 35.524084 50.911775
63: 36.950171 28.239476
64: 37.403298 84.612338
65: 37.589612 5.517669
66: 38.177602 58.639489
67: 39.471192 50.411441
68: 39.890532 80.145374
69: 40.268339 69.897212
70: 41.885443 47.720681
71: 42.498732 12.124723
72: 42.915117 66.049902
73: 43.020118 8.722870
74: 43.532196 59.566282
75: 44.679458 33.752092
76: 45.437746 56.801467
77: 45.594968 91.334609
78: 46.855862 80.727306
79: 47.174271 25.491872
80: 47.232309 60.936668
81: 47.298039 20.181816
82: 48.319223 57.375250
83: 48.586393 13.138291
84: 51.844383 64.292767
85: 52.024460 84.561605
86: 52.164378 8.930266
87: 53.124235 88.476281
88: 53.406206 94.250188
89: 53.544231 79.331672
90: 54.587355 41.462698
91: 55.051185 11.210104
92: 55.282287 69.042742
93: 55.880298 97.749155
94: 55.919761 32.342788
95: 56.980944 87.023122
96: 57.753189 47.048632
97: 57.900541 83.167940
98: 58.636614 19.199190
99: 58.684785 50.353113
100: 59.234164 92.398312
101: 59.398698 38.364711
102: 59.878169 75.615351
103: 60.639295 68.653708
104: 60.880408 29.640229
105: 61.450182 83.797712
106: 62.001397 98.071303
107: 62.259394 40.933284
108: 62.503012 87.955018
109: 63.018937 67.181848
110: 63.024071 16.066606
111: 63.056649 51.006859
112: 63.164598 20.470684
113: 63.796619 31.527706
114: 64.500862 5.265132
115: 65.602161 77.157013
116: 65.663610 30.653763
117: 66.151760 16.520508
118: 66.239587 21.169429
119: 66.304942 55.674060
120: 67.168496 47.791923
121: 67.338306 78.278593
122: 68.636223 17.785299
123: 69.210744 37.867270
124: 69.355610 32.468966
125: 69.540448 91.451752
126: 69.804581 96.604740
127: 70.658952 62.049396
128: 71.290703 74.574611
129: 71.319572 77.389059
130: 71.446087 44.837519
131: 71.568088 72.561487
132: 71.611872 7.711591
133: 73.172645 52.122335
134: 74.303043 3.138026
135: 75.250273 98.138096
136: 75.468198 89.403993
137: 75.538661 40.771481
138: 75.659340 69.776473
139: 76.363314 55.472928
140: 76.754332 10.971025
141: 77.462439 77.828740
142: 77.614207 24.626886
143: 77.767849 95.767343
144: 78.182661 38.080108
145: 78.476065 64.752515
146: 79.031375 16.233869
147: 79.306571 50.862142
148: 79.344329 79.527667
149: 79.556300 99.076692
150: 81.032047 26.894159
151: 81.065205 10.032212
152: 81.877864 24.967062
153: 82.248499 39.356472
154: 82.880408 75.810598
155: 82.991827 97.240809
156: 83.944480 47.614565
157: 84.497316 45.042462
158: 85.842810 78.462466
159: 86.318450 89.915758
160: 86.586452 32.836944
161: 87.676715 20.346916
162: 88.150473 97.038661
163: 89.472705 32.619165
164: 89.709586 56.652137
165: 90.549099 51.150749
166: 90.583524 18.584262
167: 91.301183 53.230975
168: 92.135977 14.888447
169: 92.185089 21.366894
170: 92.244576 69.545798
171: 93.024797 7.303253
172: 93.400650 78.439471
173: 93.406728 67.240554
174: 94.392744 86.223735
175: 97.268645 91.759381
176: 97.311214 79.629753
177: 98.366413 15.242327
178: 98.886846 59.170922
179: 99.853232 65.497774
Edges
(0,3)
(0,6)
(0,21)
(1,14)
(2,13)
(2,19)
(3,4)
(4,5)
(6,9)
(6,10)
(7,13)
(7,16)
(8,18)
(10,11)
(10,26)
(11,22)
(11,38)
(12,16)
(13,15)
(13,17)
(14,18)
(14,26)
(14,29)
(16,23)
(16,28)
(17,25)
(20,40)
(21,34)
(21,35)
(24,25)
(25,39)
(27,46)
(28,30)
(29,32)
(31,35)
(32,41)
(32,47)
(33,41)
(33,44)
(35,37)
(35,52)
(36,39)
(36,42)
(38,40)
(38,45)
(39,48)
(40,43)
(42,55)
(44,71)
(45,51)
(46,55)
(47,60)
(47,134)
(48,49)
(48,53)
(48,62)
(49,69)
(50,57)
(51,54)
(52,57)
(52,62)
(55,64)
(56,64)
(56,93)
(58,75)
(59,63)
(61,62)
(61,70)
(61,75)
(62,66)
(63,71)
(63,81)
(64,78)
(65,73)
(65,86)
(66,74)
(66,76)
(67,70)
(68,69)
(72,80)
(72,84)
(75,94)
(76,80)
(77,87)
(77,88)
(78,89)
(79,94)
(80,82)
(81,83)
(83,98)
(84,109)
(85,89)
(85,95)
(86,91)
(88,100)
(89,92)
(90,96)
(90,101)
(91,98)
(91,114)
(96,111)
(97,102)
(97,105)
(99,111)
(100,106)
(100,125)
(101,104)
(102,103)
(103,109)
(103,115)
(104,112)
(105,108)
(106,135)
(107,113)
(107,120)
(107,130)
(108,121)
(108,125)
(109,127)
(109,131)
(110,114)
(111,120)
(114,132)
(116,118)
(117,118)
(118,122)
(119,127)
(121,129)
(122,140)
(123,130)
(123,137)
(123,144)
(124,150)
(125,126)
(127,139)
(128,131)
(129,136)
(131,138)
(131,141)
(133,139)
(133,147)
(134,151)
(136,159)
(137,147)
(137,157)
(140,151)
(141,148)
(142,146)
(142,152)
(143,149)
(143,159)
(145,154)
(145,170)
(145,173)
(147,156)
(147,164)
(150,160)
(151,161)
(151,171)
(152,161)
(153,157)
(155,159)
(155,162)
(157,163)
(158,170)
(158,174)
(160,163)
(161,168)
(161,169)
(163,177)
(164,165)
(164,167)
(164,173)
(166,168)
(172,176)
(174,175)
(174,176)
(175,179)
(177,178)
