Nodes: 100
Protection radius: 1.000000
Disaster radius: 0.500000
0: 2.779585 39.257767
1: 3.175009 16.682042
2: 3.297834 0.787993
3: 3.932292 33.183007
4: 4.141392 10.461254
5: 4.252125 49.075938
6: 4.733108 56.059120
7: 4.862788 21.917241
8: 5.026539 27.514946
9: 5.532784 35.347841
10: 5.810044 45.562496
11: 7.406498 54.149514
12: 7.658032 19.622169
13: 8.600865 52.461353
14: 9.614693 25.431743
15: 10.655455 32.856737
16: 10.935157 4.131107
17: 12.651152 1.967127
18: 12.994240 10.158639
19: 14.167494 4.581751
20: 14.961056 57.697724
21: 15.259779 6.387915
22: 15.438634 30.086707
23: 16.268650 0.578350
24: 16.588088 45.221283
25: 16.650874 43.026595
26: 16.660192 4.443066
27: 17.180412 51.114708
28: 17.480112 8.888950
29: 18.343156 38.415920
30: 18.615958 34.157557
31: 19.789499 18.913681
32: 20.099512 10.062169
33: 21.380983 6.854129
34: 21.430869 56.480091
35: 21.525765 13.589144
36: 21.752980 40.841855
37: 21.776366 35.823269
38: 22.834825 1.470309
39: 23.110387 44.170077
40: 23.416197 52.591415
41: 23.437515 32.034448
42: 24.070565 27.689640
43: 24.372326 12.945843
44: 25.158970 18.946398
45: 25.486906 49.632674
46: 26.297715 26.678878
47: 26.617186 7.816508
48: 27.953042 32.760556
49: 30.003072 49.666273
50: 30.520419 46.247862
51: 30.596415 2.612084
52: 31.205504 57.761008
53: 31.610688 30.368096
54: 31.835458 6.049036
55: 31.938294 27.433994
56: 32.474957 15.424737
57: 33.257691 21.112704
58: 33.389381 52.261420
59: 33.499569 43.276102
60: 34.281527 2.915518
61: 35.676074 21.334480
62: 35.683682 15.147477
63: 36.638434 52.574469
64: 37.534114 1.540382
65: 37.537521 55.196777
66: 37.716665 45.898393
67: 38.556414 15.174167
68: 38.744546 5.238715
69: 39.627168 57.635968
70: 39.666962 24.329723
71: 40.345514 30.329969
72: 40.673245 3.059412
73: 41.087867 45.441706
74: 41.854392 53.324397
75: 43.149222 47.324994
76: 43.660555 23.018759
77: 43.951891 29.611964
78: 44.462742 41.271421
79: 45.799633 37.272640
80: 47.304870 1.313888
81: 47.398163 46.911699
82: 48.041193 16.031337
83: 48.740929 11.299189
84: 48.975243 26.639154
85: 49.416406 56.279014
86: 51.381495 43.477654
87: 51.421187 0.268279
88: 51.493450 8.249688
89: 51.926297 37.794415
90: 52.278357 33.809019
91: 52.985402 15.804122
92: 53.598536 3.565657
93: 54.338134 30.822695
94: 54.582713 9.012015
95: 54.787343 41.678914
96: 55.506933 11.923211
97: 55.565415 47.728584
98: 57.740510 38.280113
99: 57.753988 2.599487
Edges
(0,1)
(0,10)
(1,4)
(1,7)
(2,4)
(2,16)
(2,17)
(3,8)
(3,9)
(3,15)
(4,16)
(4,18)
(5,6)
(5,11)
(5,13)
(6,20)
(7,8)
(7,12)
(7,14)
(9,15)
(9,25)
(10,25)
(12,31)
(14,15)
(14,22)
(15,22)
(15,29)
(16,17)
(16,18)
(16,21)
(17,23)
(18,21)
(18,28)
(18,31)
(19,21)
(20,27)
(20,52)
(21,26)
(22,41)
(23,64)
(23,87)
(24,27)
(25,29)
(25,36)
(27,34)
(28,35)
(29,36)
(30,37)
(31,35)
(31,42)
(31,44)
(32,43)
(33,38)
(34,40)
(34,52)
(36,37)
(36,59)
(37,48)
(38,51)
(38,64)
(39,50)
(40,49)
(40,52)
(43,44)
(43,56)
(44,46)
(44,56)
(44,57)
(45,49)
(45,50)
(46,55)
(47,54)
(47,56)
(49,50)
(49,58)
(51,54)
(52,65)
(53,71)
(54,56)
(54,60)
(54,68)
(55,57)
(55,61)
(55,70)
(55,71)
(56,57)
(56,62)
(57,61)
(58,63)
(61,62)
(61,70)
(63,66)
(63,75)
(64,68)
(64,72)
(64,80)
(64,87)
(65,69)
(65,74)
(67,68)
(69,85)
(70,71)
(70,76)
(70,77)
(71,78)
(71,79)
(72,83)
(73,75)
(73,78)
(74,81)
(74,85)
(75,81)
(76,82)
(76,84)
(79,89)
(80,83)
(80,92)
(81,85)
(81,86)
(81,97)
(83,91)
(83,96)
(84,90)
(84,93)
(87,92)
(88,92)
(88,94)
(88,96)
(89,90)
(89,95)
(90,98)
(91,96)
(93,96)
(93,98)
(94,96)
(97,98)
(98,99)
