Nodes: 20
Protection radius: 1.000000
Disaster radius: 0.500000
0: 0.114200 5.766564
1: 0.309805 11.108306
2: 0.644376 14.987646
3: 1.660644 12.815164
4: 3.345740 4.176839
5: 4.738452 7.406214
6: 4.926893 12.967826
7: 5.430835 15.479835
8: 6.821773 13.644459
9: 6.907336 1.129121
10: 7.630814 11.538263
11: 7.811910 2.993712
12: 7.908160 7.147173
13: 9.994881 6.171486
14: 11.429633 4.154857
15: 12.364929 13.120488
16: 12.436426 0.168084
17: 14.873446 14.023729
18: 15.411651 4.665162
19: 15.977192 0.356312
Edges
(0,1)
(0,4)
(1,2)
(1,3)
(1,5)
(3,5)
(4,9)
(5,6)
(5,11)
(6,7)
(6,8)
(7,17)
(8,10)
(9,16)
(10,12)
(13,14)
(13,18)
(14,16)
(15,17)
(15,18)
(17,18)
(18,19)
