Nodes: 100
Protection radius: 1.000000
Disaster radius: 0.500000
0: 0.445880 47.578442
1: 0.872092 9.524220
2: 1.230496 32.183908
3: 1.253036 20.132884
4: 1.393759 30.048276
5: 3.202416 6.322221
6: 3.421373 28.630097
7: 4.184066 35.425485
8: 4.229951 22.617227
9: 5.025940 44.133133
10: 6.145775 49.242526
11: 6.237641 14.945995
12: 6.318388 25.743632
13: 7.339158 56.423406
14: 8.880414 32.516035
15: 10.858171 14.411162
16: 10.992171 8.210739
17: 11.588386 11.309178
18: 11.959963 1.805108
19: 13.692404 31.572172
20: 13.895280 9.209679
21: 15.093848 26.163457
22: 17.177943 25.195016
23: 17.300214 18.622880
24: 18.016391 52.184738
25: 18.255410 32.977087
26: 18.269144 6.681919
27: 19.131484 37.426120
28: 19.952333 41.097966
29: 20.445710 52.625475
30: 20.909520 31.201155
31: 20.978548 1.033914
32: 21.118895 17.948983
33: 21.480522 37.185439
34: 22.679665 7.490677
35: 23.291734 57.461260
36: 23.344754 13.972387
37: 24.233014 42.338408
38: 24.406596 20.119788
39: 24.496246 37.645090
40: 26.197647 13.785440
41: 26.845860 32.594814
42: 27.804427 40.091842
43: 27.900626 30.719684
44: 28.503455 24.597790
45: 28.865943 42.423218
46: 29.243342 1.688383
47: 30.018182 19.379401
48: 30.245361 53.165887
49: 31.023625 34.138114
50: 31.311816 28.766329
51: 31.499315 56.964667
52: 32.088467 11.184150
53: 32.258887 19.933081
54: 32.529744 37.791016
55: 33.300151 49.148720
56: 34.105271 51.183120
57: 35.025711 53.711739
58: 35.078879 57.705375
59: 35.281853 18.552448
60: 35.377418 31.510267
61: 35.906968 3.909698
62: 36.504194 1.116243
63: 36.917977 25.891833
64: 37.230593 17.479777
65: 37.787923 8.608919
66: 37.870764 55.502147
67: 38.092177 5.278045
68: 38.290549 37.734690
69: 39.529072 46.751178
70: 39.929364 28.236265
71: 40.512492 18.969367
72: 40.761815 3.732650
73: 41.303075 14.536493
74: 42.525050 41.795906
75: 43.711214 37.684616
76: 45.286317 32.600219
77: 45.964423 13.832040
78: 46.321845 37.363857
79: 47.073951 44.159315
80: 48.040247 55.732329
81: 48.207192 23.555684
82: 48.235734 9.646491
83: 48.609980 27.769398
84: 49.308705 19.695849
85: 50.853492 10.554472
86: 50.888495 35.290882
87: 52.145852 38.326092
88: 52.658359 49.107826
89: 52.720007 32.742300
90: 53.543293 53.866150
91: 54.468461 22.067597
92: 54.501229 16.144029
93: 54.804887 41.392315
94: 55.256075 50.882630
95: 55.575156 56.361321
96: 55.877856 30.944504
97: 57.013989 4.730682
98: 57.059437 48.255536
99: 57.296938 10.859467
Edges
(0,1)
(0,3)
(0,6)
(1,3)
(1,5)
(2,5)
(4,5)
(4,6)
(4,15)
(4,16)
(5,8)
(5,11)
(6,9)
(6,10)
(7,9)
(7,10)
(8,16)
(8,18)
(9,13)
(10,12)
(10,14)
(12,19)
(12,24)
(12,25)
(12,33)
(13,24)
(16,61)
(17,20)
(17,36)
(17,40)
(17,65)
(18,26)
(18,31)
(18,61)
(18,97)
(19,27)
(20,67)
(21,22)
(21,23)
(21,25)
(22,23)
(23,33)
(24,35)
(24,37)
(28,33)
(28,60)
(28,81)
(29,35)
(29,37)
(29,48)
(30,40)
(31,46)
(31,97)
(32,40)
(33,38)
(33,40)
(33,41)
(33,64)
(34,67)
(35,48)
(35,51)
(35,58)
(37,42)
(37,48)
(37,68)
(38,40)
(39,41)
(39,43)
(39,64)
(40,47)
(40,53)
(40,64)
(40,91)
(41,43)
(42,81)
(43,64)
(44,64)
(45,68)
(46,97)
(47,53)
(48,68)
(49,50)
(49,64)
(50,64)
(51,55)
(51,56)
(51,66)
(51,68)
(51,81)
(51,90)
(52,65)
(52,73)
(52,91)
(54,68)
(55,68)
(57,90)
(59,64)
(61,82)
(62,97)
(63,64)
(63,70)
(63,71)
(63,81)
(63,91)
(64,71)
(67,73)
(69,75)
(69,76)
(69,90)
(72,85)
(72,99)
(73,82)
(73,91)
(74,79)
(76,79)
(76,81)
(76,88)
(76,95)
(77,82)
(77,91)
(78,95)
(80,90)
(83,86)
(83,87)
(84,91)
(85,91)
(87,89)
(89,94)
(89,95)
(91,92)
(91,95)
(92,98)
(93,94)
(96,98)
(97,99)
(98,99)
