Nodes: 100
Protection radius: 1.000000
Disaster radius: 0.500000
0: 0.246870 43.602329
1: 0.780619 11.775842
2: 1.606388 32.506086
3: 2.503404 1.465301
4: 3.184075 40.860496
5: 3.263581 13.728510
6: 3.513677 27.891859
7: 3.977317 49.443426
8: 4.394913 56.236463
9: 4.892146 10.591744
10: 5.201703 51.056361
11: 6.037728 29.234588
12: 6.531051 21.600945
13: 7.334569 10.514377
14: 7.798525 43.478927
15: 8.531444 29.529418
16: 8.894631 55.143398
17: 9.769914 37.198030
18: 10.370110 8.940958
19: 10.961277 43.184142
20: 11.460248 1.842104
21: 12.993747 48.417840
22: 13.284440 58.407460
23: 14.683048 54.440554
24: 14.948715 34.992026
25: 15.256476 29.198633
26: 16.109783 13.290295
27: 17.378325 55.851874
28: 17.513522 50.468224
29: 17.557371 34.378084
30: 18.537908 47.335407
31: 18.774998 4.310909
32: 19.230370 40.598471
33: 19.341335 7.453066
34: 19.826864 50.824556
35: 21.584725 41.376372
36: 22.146002 10.181209
37: 23.272086 32.783033
38: 23.406697 58.527179
39: 23.799912 52.546044
40: 25.109613 11.442336
41: 25.126864 36.685048
42: 25.133791 45.197580
43: 25.545726 19.810492
44: 25.781507 58.023831
45: 25.846640 31.076970
46: 25.929497 24.818357
47: 27.061527 55.332215
48: 27.625106 22.913648
49: 28.707539 2.220143
50: 30.437203 54.445984
51: 31.377065 28.485469
52: 31.546071 58.108075
53: 31.643749 49.339370
54: 32.312280 21.294204
55: 33.171371 27.371739
56: 33.200927 53.963755
57: 33.922354 11.307985
58: 34.257415 13.841835
59: 36.378890 55.982930
60: 36.605490 39.289699
61: 36.680223 13.586287
62: 36.710022 57.981556
63: 37.658148 45.721649
64: 38.896265 39.958050
65: 38.919481 29.956317
66: 39.066125 36.569861
67: 41.264302 24.211501
68: 41.742833 12.292728
69: 41.784422 36.742784
70: 42.207972 34.371722
71: 43.667622 8.463418
72: 43.712885 51.998473
73: 44.022926 49.964663
74: 44.407181 33.799452
75: 44.815182 31.664842
76: 45.107437 0.915363
77: 45.742636 56.332645
78: 47.201126 8.855706
79: 48.295960 2.445116
80: 48.954086 19.329535
81: 50.406211 17.273817
82: 50.646986 36.829964
83: 50.779681 41.411590
84: 51.587299 57.327578
85: 52.068634 44.840277
86: 52.213418 55.003825
87: 54.011345 50.537252
88: 54.266773 23.054354
89: 54.565662 1.717996
90: 54.841373 25.910101
91: 54.859394 17.082309
92: 54.861959 29.357159
93: 55.263598 3.785012
94: 56.885670 24.609346
95: 57.131905 17.696912
96: 57.663746 28.115777
97: 57.776960 7.984970
98: 58.454944 47.482537
99: 58.582106 3.813205
Edges
(0,2)
(0,4)
(0,7)
(0,14)
(1,3)
(1,6)
(3,76)
(4,14)
(4,17)
(5,12)
(5,13)
(8,22)
(9,13)
(10,16)
(11,12)
(11,15)
(11,17)
(12,13)
(12,15)
(12,25)
(14,19)
(14,21)
(15,24)
(15,25)
(16,21)
(16,22)
(16,23)
(17,19)
(17,24)
(18,20)
(19,32)
(20,76)
(22,23)
(23,28)
(25,26)
(25,46)
(27,28)
(27,34)
(27,38)
(27,39)
(28,34)
(29,41)
(30,32)
(31,33)
(33,49)
(35,41)
(36,43)
(37,41)
(37,45)
(37,46)
(39,47)
(39,50)
(40,49)
(40,57)
(41,51)
(42,60)
(43,58)
(44,47)
(45,46)
(46,51)
(48,51)
(48,54)
(51,60)
(52,62)
(53,56)
(53,60)
(54,55)
(54,58)
(54,61)
(54,67)
(55,67)
(57,58)
(57,71)
(59,63)
(60,64)
(61,67)
(61,68)
(62,77)
(62,84)
(63,64)
(63,72)
(64,73)
(65,75)
(66,70)
(67,68)
(67,80)
(68,78)
(68,81)
(69,74)
(69,82)
(70,74)
(71,76)
(71,79)
(72,77)
(73,83)
(73,85)
(73,86)
(75,90)
(78,81)
(80,81)
(80,90)
(82,92)
(82,96)
(85,87)
(86,87)
(87,98)
(88,90)
(89,99)
(90,94)
(91,97)
(93,97)
(93,99)
(94,96)
(95,96)
(95,97)
(96,99)
(97,99)
(98,99)
