Nodes: 100
Protection radius: 1.000000
Disaster radius: 0.500000
0: 0.242592 44.655957
1: 0.323149 34.030103
2: 0.447636 5.019966
3: 1.543893 53.477628
4: 2.062373 22.967618
5: 2.505458 39.394474
6: 3.204901 45.878393
7: 3.225517 42.728728
8: 3.299630 34.655684
9: 3.697734 10.624876
10: 4.700660 51.055663
11: 5.013919 19.124225
12: 5.277221 41.630969
13: 6.448599 49.517925
14: 6.488497 29.414049
15: 7.918311 2.364210
16: 8.520366 18.705592
17: 8.793244 22.856997
18: 9.042030 27.076224
19: 9.419023 46.638774
20: 10.284187 3.413010
21: 10.330981 33.205376
22: 11.286114 29.658869
23: 11.478070 39.296396
24: 11.547683 25.886654
25: 12.021545 9.247762
26: 12.164122 53.409921
27: 12.836965 12.264138
28: 13.055044 47.039897
29: 13.614790 29.525516
30: 13.645427 50.005445
31: 14.776593 18.288770
32: 15.264075 4.142217
33: 15.302669 10.176315
34: 15.449017 35.726806
35: 15.790110 22.223640
36: 15.798374 52.946268
37: 15.880089 44.969148
38: 16.312127 7.343102
39: 16.322410 48.231620
40: 17.953699 12.836439
41: 18.111186 43.993436
42: 18.492248 1.177264
43: 18.599850 49.524630
44: 20.072145 5.528830
45: 21.823382 3.278331
46: 22.211180 36.861933
47: 22.309750 5.775264
48: 22.444777 29.975032
49: 22.502342 46.300347
50: 23.216600 9.862709
51: 24.697810 12.611624
52: 26.103542 47.475231
53: 26.366893 18.302560
54: 26.408237 41.758773
55: 26.524348 38.292452
56: 26.726606 49.861799
57: 26.986719 32.093690
58: 27.215387 27.619308
59: 28.690767 1.109799
60: 30.524933 34.804376
61: 31.174789 46.815691
62: 31.570931 10.380160
63: 31.960664 20.662223
64: 32.187540 4.682532
65: 33.683034 37.955921
66: 34.434015 27.203426
67: 35.598663 36.527205
68: 36.521193 1.632990
69: 37.898270 15.616271
70: 38.126503 32.317950
71: 38.246653 28.490551
72: 40.290922 8.993897
73: 40.333206 53.822416
74: 40.335804 3.380929
75: 40.974593 45.802330
76: 41.170515 48.413292
77: 41.591817 25.047350
78: 42.027578 52.536021
79: 42.180659 43.038734
80: 42.187894 7.475754
81: 43.527245 4.853789
82: 44.357827 14.680312
83: 45.037105 2.613332
84: 45.087172 31.657913
85: 45.262859 20.787497
86: 45.302050 50.597077
87: 47.152081 7.140412
88: 47.411260 40.773524
89: 48.817577 13.552214
90: 49.662342 40.807146
91: 50.684183 16.320708
92: 50.932330 13.275318
93: 51.691623 39.541416
94: 51.826302 0.794388
95: 51.882509 24.922120
96: 52.618776 35.413057
97: 53.250494 51.454702
98: 53.663610 14.682971
99: 53.903719 39.823684
Edges
(0,5)
(0,10)
(0,13)
(0,39)
(0,46)
(1,4)
(1,9)
(1,24)
(2,20)
(3,26)
(4,11)
(4,14)
(4,51)
(5,53)
(5,69)
(5,80)
(6,36)
(7,69)
(8,29)
(9,20)
(11,16)
(12,23)
(12,34)
(12,48)
(12,69)
(14,17)
(14,31)
(15,42)
(15,59)
(16,25)
(16,27)
(17,31)
(18,51)
(18,80)
(19,60)
(19,67)
(20,32)
(20,38)
(21,69)
(22,29)
(22,53)
(25,47)
(26,73)
(27,40)
(28,54)
(28,67)
(30,54)
(30,67)
(32,45)
(33,40)
(33,50)
(34,48)
(35,80)
(36,56)
(36,73)
(36,84)
(37,41)
(37,67)
(38,45)
(38,47)
(39,54)
(40,50)
(43,84)
(44,45)
(45,51)
(45,59)
(48,63)
(48,67)
(49,65)
(49,95)
(51,68)
(51,81)
(52,97)
(53,72)
(55,60)
(56,73)
(57,69)
(58,69)
(59,64)
(61,76)
(61,90)
(61,95)
(61,97)
(62,80)
(66,67)
(66,69)
(66,80)
(67,71)
(67,77)
(67,87)
(67,89)
(67,94)
(67,95)
(68,94)
(70,85)
(70,89)
(70,95)
(70,98)
(71,83)
(73,78)
(73,97)
(74,83)
(75,76)
(75,90)
(79,95)
(80,81)
(82,94)
(83,94)
(85,89)
(86,97)
(88,90)
(89,91)
(91,92)
(93,97)
(95,96)
(95,99)
(97,99)
