Nodes: 20
Protection radius: 1.000000
Disaster radius: 0.500000
0: 0.096438 11.413243
1: 0.594687 5.636334
2: 1.249454 13.379328
3: 1.565329 1.979796
4: 2.682331 15.546801
5: 3.197836 5.009870
6: 4.523726 14.670886
7: 5.352771 3.431434
8: 5.512448 6.697282
9: 6.707263 11.932905
10: 6.989666 15.171131
11: 7.420493 0.956085
12: 9.747757 1.291559
13: 10.767409 6.790125
14: 11.325254 14.861626
15: 12.504623 11.831522
16: 13.560790 5.131075
17: 14.574448 1.640640
18: 15.410781 13.918781
19: 15.559421 5.965647
Edges
(0,1)
(0,2)
(1,8)
(2,4)
(3,11)
(5,7)
(5,8)
(6,10)
(7,12)
(8,9)
(9,14)
(10,14)
(11,17)
(12,16)
(13,16)
(14,15)
(15,19)
(16,17)
(18,19)
