Nodes: 20
Protection radius: 1.000000
Disaster radius: 0.500000
0: 0.509161 1.955945
1: 2.683718 9.651084
2: 3.893054 0.273545
3: 4.173648 5.981100
4: 5.041598 11.020183
5: 6.369044 0.950371
6: 6.577143 6.638753
7: 7.629751 11.613561
8: 8.272515 14.416825
9: 8.775514 0.490148
10: 8.869125 9.860917
11: 9.898046 12.372985
12: 10.277140 7.281990
13: 11.240939 5.488977
14: 12.588025 0.428996
15: 12.619853 14.196982
16: 13.295132 4.969558
17: 13.866075 10.652036
18: 14.637723 3.232756
19: 15.186118 15.724676
Edges
(0,2)
(0,4)
(1,8)
(2,3)
(2,14)
(3,5)
(3,7)
(3,8)
(3,15)
(3,17)
(5,13)
(6,13)
(9,17)
(10,17)
(11,15)
(12,17)
(16,17)
(16,18)
(17,19)
