Nodes: 100
Protection radius: 1.000000
Disaster radius: 0.500000
0: 0.032992 45.495759
1: 0.741722 11.418189
2: 1.061456 35.341667
3: 1.347773 17.666857
4: 1.908367 15.006348
5: 2.534952 46.616608
6: 2.714193 8.545514
7: 4.231834 52.340163
8: 4.977855 40.890127
9: 5.179437 24.259347
10: 5.261442 11.570117
11: 5.689142 0.407554
12: 6.011344 8.398437
13: 6.360937 36.815492
14: 6.554041 47.334186
15: 6.617413 22.600546
16: 8.017660 31.445313
17: 8.233210 27.540618
18: 8.939692 2.243636
19: 9.048829 24.960084
20: 9.169182 34.657569
21: 9.187118 49.849008
22: 9.826911 0.299349
23: 9.888553 8.138015
24: 10.258889 14.193519
25: 10.474951 18.651259
26: 11.050213 42.680416
27: 11.697518 51.251960
28: 11.989312 54.672862
29: 12.303205 28.607585
30: 12.845745 21.549230
31: 13.056852 7.482979
32: 15.071531 18.063003
33: 16.101479 27.625509
34: 16.241271 13.667357
35: 17.288492 4.366892
36: 17.665382 20.965270
37: 17.958740 17.482642
38: 19.883305 1.428474
39: 20.092183 45.853735
40: 20.479092 43.212709
41: 21.499394 19.621216
42: 21.538995 7.695096
43: 22.092388 50.055134
44: 22.456428 23.878527
45: 23.136805 28.816128
46: 23.495768 9.684378
47: 23.559221 15.416797
48: 24.558697 19.867107
49: 24.584295 25.116265
50: 24.965621 41.514063
51: 25.002374 51.781000
52: 25.090557 29.922387
53: 26.201018 5.504291
54: 26.402991 16.545043
55: 27.213480 46.773526
56: 27.467738 25.894649
57: 29.312502 30.351072
58: 29.610315 24.331107
59: 30.115254 32.693112
60: 30.393712 17.476433
61: 30.805613 51.931835
62: 31.559428 30.838605
63: 32.179849 26.111830
64: 32.488990 22.425629
65: 34.336086 32.412605
66: 37.007480 29.529549
67: 37.859696 46.176662
68: 37.861744 27.286215
69: 39.216087 33.818110
70: 39.270103 48.989438
71: 40.049746 44.844297
72: 40.115019 3.189369
73: 40.234318 19.989311
74: 41.306049 32.776477
75: 42.427595 47.800699
76: 43.437720 38.410798
77: 44.113688 31.154465
78: 44.338757 41.591576
79: 44.505962 11.645645
80: 45.265517 28.698695
81: 45.849523 4.681937
82: 46.073442 47.292931
83: 46.569580 10.744609
84: 46.593617 33.928532
85: 47.087933 41.984296
86: 48.049275 20.709334
87: 48.448806 37.967405
88: 49.508316 40.569151
89: 50.179774 15.039545
90: 50.494819 20.222522
91: 50.882699 2.454611
92: 51.278707 42.795138
93: 51.455462 23.089191
94: 52.139267 54.276649
95: 52.532883 6.927086
96: 52.866932 31.015592
97: 54.243656 54.769758
98: 54.528675 29.117184
99: 54.919233 42.658205
Edges
(0,7)
(1,5)
(1,11)
(2,5)
(3,6)
(4,7)
(6,8)
(6,12)
(6,19)
(6,48)
(7,27)
(7,61)
(7,92)
(7,94)
(9,14)
(10,19)
(11,22)
(11,31)
(11,48)
(11,91)
(12,23)
(12,34)
(13,16)
(14,21)
(14,26)
(14,60)
(15,17)
(16,17)
(16,20)
(17,29)
(18,35)
(19,30)
(21,55)
(24,30)
(25,30)
(26,39)
(26,50)
(26,71)
(28,94)
(29,32)
(29,37)
(30,32)
(31,35)
(33,36)
(33,37)
(37,41)
(38,48)
(40,76)
(40,85)
(40,88)
(42,46)
(42,47)
(43,51)
(44,54)
(44,72)
(45,56)
(47,53)
(49,56)
(49,60)
(50,57)
(50,73)
(51,70)
(51,82)
(52,58)
(52,63)
(53,54)
(57,59)
(58,64)
(58,72)
(62,73)
(63,73)
(63,81)
(65,68)
(66,69)
(67,75)
(68,69)
(69,81)
(71,92)
(74,81)
(75,82)
(76,77)
(76,86)
(76,87)
(78,88)
(79,81)
(80,81)
(82,94)
(83,91)
(84,90)
(86,89)
(86,90)
(89,91)
(89,93)
(89,99)
(91,95)
(93,94)
(93,97)
(95,98)
(96,97)
