Nodes: 100
Protection radius: 1.000000
Disaster radius: 0.500000
0: 0.695468 3.455877
1: 1.068822 12.732142
2: 3.126912 23.476407
3: 3.298865 18.240363
4: 4.110572 35.559168
5: 4.787215 4.846943
6: 6.102939 25.962040
7: 7.242410 52.286247
8: 7.371501 61.822464
9: 8.302820 35.928798
10: 12.969640 21.335168
11: 13.048517 44.467949
12: 13.072932 52.359494
13: 16.214102 51.341657
14: 16.920830 60.447591
15: 17.025196 2.474490
16: 17.079573 25.568353
17: 17.391329 48.616819
18: 17.947282 23.123153
19: 18.222720 31.627666
20: 18.284161 13.869955
21: 21.460811 31.482278
22: 22.409631 13.773507
23: 22.688658 5.215140
24: 23.257725 37.327049
25: 23.910020 11.510929
26: 24.202192 45.537915
27: 24.385256 8.322839
28: 25.491084 43.114446
29: 25.611844 12.947870
30: 25.729813 39.567166
31: 26.817825 53.076867
32: 26.916231 57.486153
33: 27.379559 24.734475
34: 27.597011 29.116735
35: 27.952252 38.302692
36: 28.822660 31.085163
37: 30.079004 4.225068
38: 30.251705 25.075804
39: 30.786940 54.872970
40: 31.035524 42.854546
41: 31.237662 15.332862
42: 31.346608 40.632351
43: 31.915888 60.246497
44: 32.568275 13.317061
45: 33.463894 62.030952
46: 33.727516 39.014272
47: 34.433233 46.775404
48: 34.652228 58.692538
49: 34.821696 17.261475
50: 35.838023 54.707534
51: 36.055701 9.610725
52: 36.294542 4.193391
53: 36.859366 21.477441
54: 36.862765 43.896005
55: 37.713204 0.288222
56: 38.206202 23.757480
57: 38.606437 13.399516
58: 39.158101 18.519500
59: 39.169161 3.110353
60: 41.469765 57.688140
61: 41.520440 24.012466
62: 42.298909 55.430798
63: 43.997414 52.164035
64: 44.639622 2.950718
65: 45.205774 41.963380
66: 45.401172 27.955695
67: 45.489907 9.987487
68: 46.163792 46.788701
69: 46.698990 3.255138
70: 47.320512 53.131057
71: 47.418667 13.525465
72: 48.916951 58.526681
73: 49.318486 30.259816
74: 49.328557 17.775042
75: 50.600241 5.482683
76: 51.574105 53.131138
77: 52.218537 28.899393
78: 52.515036 9.505615
79: 53.388251 23.023769
80: 53.419279 38.243848
81: 55.280441 42.511634
82: 55.402010 21.775129
83: 55.719091 34.986203
84: 56.822193 32.665975
85: 57.291513 10.074457
86: 57.356125 26.824974
87: 57.400450 63.983370
88: 57.496814 54.770078
89: 57.880431 20.201751
90: 59.311964 25.932669
91: 59.922674 13.739611
92: 60.135015 42.316774
93: 60.609086 55.935924
94: 60.884237 15.938075
95: 61.416114 1.587968
96: 62.074673 59.863684
97: 62.315367 53.814041
98: 62.582482 28.653775
99: 63.637411 21.033717
Edges
(0,55)
(1,2)
(1,3)
(1,5)
(2,3)
(3,10)
(4,7)
(4,11)
(6,9)
(8,12)
(9,19)
(10,18)
(11,24)
(12,14)
(12,17)
(13,14)
(13,31)
(13,32)
(14,45)
(15,20)
(15,23)
(16,19)
(16,33)
(17,26)
(18,33)
(19,21)
(20,27)
(21,34)
(22,25)
(22,29)
(22,33)
(23,37)
(24,28)
(24,35)
(25,27)
(26,31)
(27,44)
(28,30)
(29,33)
(29,41)
(32,39)
(33,34)
(33,38)
(34,36)
(35,40)
(35,46)
(37,52)
(38,41)
(39,43)
(39,50)
(40,47)
(40,54)
(41,49)
(42,46)
(43,45)
(44,57)
(45,60)
(46,54)
(47,63)
(48,50)
(49,58)
(50,60)
(50,62)
(50,63)
(51,52)
(51,67)
(53,56)
(54,68)
(55,95)
(56,58)
(56,61)
(56,66)
(57,58)
(57,67)
(57,71)
(58,71)
(58,74)
(59,64)
(60,62)
(60,72)
(62,70)
(64,67)
(65,80)
(66,73)
(66,79)
(67,69)
(67,78)
(68,76)
(68,81)
(69,75)
(69,95)
(72,76)
(74,79)
(75,78)
(75,95)
(76,88)
(77,79)
(77,84)
(78,85)
(80,83)
(81,88)
(82,90)
(83,84)
(84,86)
(86,90)
(87,88)
(88,92)
(89,90)
(89,91)
(89,99)
(90,98)
(90,99)
(92,98)
(93,96)
(93,97)
(94,95)
(94,99)
(97,98)
