Nodes: 180
Protection radius: 1.000000
Disaster radius: 0.500000
0: 0.411607 81.830144
1: 3.035556 31.256538
2: 3.377007 77.857586
3: 3.645166 39.134563
4: 4.046793 34.599698
5: 4.112313 71.852844
6: 4.691979 21.417922
7: 5.148994 28.506080
8: 6.330559 6.806909
9: 6.967722 9.750200
10: 7.076919 34.032583
11: 8.108870 78.778873
12: 8.220161 47.526721
13: 8.225962 17.548409
14: 8.291682 76.432096
15: 8.396003 88.845458
16: 8.999043 83.633054
17: 9.054070 58.220116
18: 9.584202 61.600090
19: 10.922954 91.389516
20: 11.322350 54.043939
21: 11.761556 66.326350
22: 12.041822 45.841349
23: 12.962461 20.839945
24: 13.039002 15.937671
25: 13.353552 56.398201
26: 13.795054 4.669126
27: 13.951953 35.558955
28: 14.024510 13.011568
29: 14.247738 45.726590
30: 14.715472 43.390382
31: 15.137326 59.105325
32: 16.316138 8.167138
33: 16.378278 27.402507
34: 16.817149 73.577479
35: 17.025237 38.987199
36: 19.317111 59.931968
37: 19.537154 89.482202
38: 19.610525 8.319746
39: 19.793382 25.243331
40: 20.309520 69.013817
41: 20.675465 2.482721
42: 22.484209 22.538417
43: 22.744580 13.239677
44: 23.467440 0.219741
45: 23.715864 4.965272
46: 24.156429 64.054916
47: 24.782675 76.392428
48: 24.886826 26.762726
49: 24.935070 46.794013
50: 25.896217 52.856119
51: 26.351119 13.815022
52: 26.373736 73.278837
53: 26.675914 78.535765
54: 27.838775 32.566587
55: 28.308823 89.277342
56: 28.557652 27.700628
57: 28.780911 62.616591
58: 29.178103 18.931365
59: 29.361568 72.024650
60: 29.529831 16.444784
61: 30.097773 57.347271
62: 30.322202 80.427826
63: 31.554841 71.448334
64: 32.060317 0.167593
65: 32.179156 22.668903
66: 32.546599 6.654359
67: 33.865582 27.657728
68: 34.213225 23.936182
69: 34.683007 69.510901
70: 34.720624 44.303585
71: 35.056075 31.750396
72: 36.011903 80.551724
73: 36.191904 65.325509
74: 36.549333 73.942507
75: 36.765831 21.496699
76: 37.994288 29.644117
77: 38.427067 69.765527
78: 39.364254 66.698540
79: 39.500795 27.641695
80: 39.576285 3.999913
81: 39.856147 46.908414
82: 40.769934 77.405942
83: 41.662871 49.986958
84: 41.959366 84.279820
85: 42.230198 19.768648
86: 42.253860 10.247824
87: 42.295130 40.126633
88: 42.446249 5.616087
89: 42.890683 46.005357
90: 43.502063 32.265299
91: 44.066901 83.746451
92: 44.656825 54.446111
93: 44.677470 14.351839
94: 44.800240 64.368024
95: 44.911768 74.754598
96: 45.314983 0.823492
97: 46.589276 51.347840
98: 46.832416 69.181359
99: 46.967020 86.525069
100: 47.514203 36.957180
101: 47.578143 62.174405
102: 47.650304 27.967635
103: 48.236549 30.683586
104: 49.096130 70.664633
105: 50.089593 46.846628
106: 50.155002 33.934113
107: 50.379255 40.110444
108: 50.833789 20.798432
109: 51.783067 29.632083
110: 52.590509 68.635280
111: 52.653554 25.861215
112: 53.247207 46.379341
113: 54.220587 50.804846
114: 54.229516 43.821873
115: 55.320957 65.226919
116: 56.261022 59.915920
117: 56.474213 41.704981
118: 57.226157 89.313031
119: 58.036805 20.622408
120: 58.064205 10.948573
121: 58.983421 38.135518
122: 59.760299 86.031097
123: 61.948502 55.805285
124: 62.433982 8.858100
125: 63.071494 51.382446
126: 63.092486 37.715473
127: 63.561162 14.639001
128: 63.820757 22.646081
129: 64.778134 70.573686
130: 64.983819 38.832937
131: 65.334415 59.103112
132: 65.972654 78.802240
133: 66.163822 26.616470
134: 66.493943 28.967138
135: 66.737623 15.938426
136: 67.965583 3.618093
137: 68.211934 48.585592
138: 69.277078 59.433325
139: 69.296368 17.824294
140: 69.955493 76.565742
141: 69.994635 49.771741
142: 70.815585 35.398997
143: 71.976078 55.911319
144: 72.237998 6.749159
145: 72.331562 79.193904
146: 72.435487 31.682170
147: 72.489316 86.298802
148: 72.566861 9.257829
149: 73.705985 21.001287
150: 73.957015 60.016773
151: 74.162249 82.182977
152: 74.808488 86.436214
153: 75.668176 1.861800
154: 75.878109 19.369561
155: 77.565182 78.209042
156: 79.197868 40.973188
157: 79.643075 76.050128
158: 79.801581 0.669730
159: 81.446446 54.764891
160: 82.037040 87.599621
161: 82.653636 64.626992
162: 83.374617 85.529323
163: 83.611834 74.854041
164: 85.228778 46.626496
165: 85.667866 23.957923
166: 85.837034 59.930714
167: 86.042319 87.764318
168: 86.080969 3.827052
169: 86.142627 83.292624
170: 86.795460 68.453586
171: 87.070747 71.719882
172: 88.012839 34.522525
173: 90.151291 2.919695
174: 90.430590 29.627049
175: 90.634723 57.587083
176: 91.186724 50.058874
177: 91.215869 79.980597
178: 91.320703 72.187703
179: 91.394211 88.908402
Edges
(0,2)
(1,2)
(1,6)
(2,5)
(2,14)
(2,15)
(2,16)
(2,18)
(3,5)
(3,40)
(4,6)
(4,22)
(5,12)
(6,7)
(6,77)
(7,29)
(7,47)
(7,50)
(7,57)
(7,77)
(7,82)
(7,99)
(8,26)
(8,41)
(9,26)
(9,41)
(9,45)
(9,49)
(9,81)
(9,106)
(9,132)
(10,22)
(11,14)
(12,21)
(13,61)
(14,21)
(14,37)
(14,53)
(14,62)
(16,19)
(17,18)
(20,21)
(21,34)
(21,47)
(22,25)
(23,70)
(23,147)
(24,48)
(24,56)
(24,67)
(24,81)
(24,117)
(25,31)
(25,40)
(27,77)
(28,65)
(28,106)
(28,119)
(29,30)
(29,99)
(32,43)
(32,86)
(33,49)
(33,147)
(34,72)
(34,84)
(34,91)
(35,61)
(35,77)
(36,47)
(36,52)
(36,74)
(37,84)
(38,45)
(38,66)
(38,96)
(38,173)
(39,70)
(40,47)
(41,45)
(42,56)
(42,100)
(43,51)
(43,119)
(44,45)
(44,64)
(44,96)
(44,158)
(46,59)
(47,63)
(48,54)
(48,97)
(48,100)
(49,61)
(49,104)
(49,110)
(51,120)
(51,124)
(51,127)
(54,97)
(55,91)
(57,99)
(58,60)
(59,63)
(60,68)
(60,75)
(60,79)
(60,111)
(61,77)
(61,104)
(62,84)
(63,72)
(63,99)
(65,79)
(66,80)
(66,88)
(66,136)
(67,90)
(69,99)
(70,147)
(71,89)
(72,91)
(73,104)
(75,103)
(75,111)
(76,117)
(77,78)
(77,82)
(77,95)
(77,99)
(77,118)
(78,104)
(78,147)
(80,96)
(80,153)
(81,115)
(83,147)
(85,111)
(85,119)
(86,144)
(86,173)
(87,89)
(87,105)
(89,97)
(90,117)
(91,99)
(92,132)
(92,147)
(93,127)
(94,147)
(95,118)
(95,147)
(96,153)
(97,105)
(98,104)
(100,115)
(101,147)
(102,111)
(102,117)
(104,147)
(107,112)
(107,115)
(107,116)
(107,140)
(107,145)
(107,151)
(108,137)
(108,163)
(109,111)
(111,117)
(111,123)
(111,138)
(111,143)
(112,140)
(112,152)
(113,129)
(113,152)
(114,151)
(115,116)
(116,129)
(116,147)
(118,162)
(118,179)
(119,128)
(119,130)
(119,137)
(120,127)
(120,144)
(120,168)
(121,138)
(121,150)
(121,163)
(122,147)
(125,169)
(125,179)
(126,137)
(127,130)
(127,134)
(127,137)
(127,148)
(128,130)
(130,137)
(131,151)
(131,157)
(133,135)
(134,141)
(135,141)
(135,161)
(135,163)
(135,170)
(136,173)
(137,163)
(138,163)
(139,177)
(140,145)
(142,163)
(143,163)
(146,171)
(147,152)
(148,149)
(148,156)
(148,166)
(150,163)
(152,155)
(152,157)
(152,162)
(154,164)
(154,165)
(154,168)
(156,166)
(157,162)
(157,169)
(158,173)
(159,171)
(160,167)
(160,169)
(161,171)
(164,165)
(165,166)
(165,174)
(165,178)
(166,177)
(167,179)
(172,174)
(174,176)
(174,178)
(175,178)
(178,179)
