Nodes: 180
Protection radius: 1.000000
Disaster radius: 0.500000
0: 0.147576 97.772894
1: 0.954388 47.099576
2: 1.439964 103.151297
3: 1.916135 22.713008
4: 1.980756 0.254247
5: 3.078689 3.486390
6: 3.730622 50.232306
7: 3.921510 67.100438
8: 4.210914 8.544808
9: 4.352298 47.440779
10: 4.570989 4.857865
11: 4.681071 57.643530
12: 6.021916 55.727865
13: 6.309027 59.399635
14: 6.527230 28.342692
15: 7.456821 48.892244
16: 7.777895 16.386115
17: 8.276087 86.318690
18: 8.561515 92.676568
19: 9.034213 47.298104
20: 9.101614 101.576450
21: 9.423552 63.222064
22: 10.812705 86.716329
23: 11.446603 37.387963
24: 13.257455 45.860859
25: 13.448240 28.231177
26: 13.756234 16.867530
27: 14.250327 90.535548
28: 14.828601 22.433530
29: 14.864445 43.504794
30: 15.196901 81.578818
31: 15.427565 71.785900
32: 17.480079 79.067617
33: 18.725291 26.311048
34: 19.399109 100.655523
35: 20.581946 28.584836
36: 20.993565 23.430649
37: 21.793936 32.846132
38: 21.903026 1.623260
39: 22.464211 80.802451
40: 22.476261 73.729026
41: 23.009306 5.596925
42: 23.316841 29.001806
43: 24.666863 86.636278
44: 25.752540 19.258830
45: 25.823787 51.097871
46: 25.902133 29.098377
47: 27.021050 57.547854
48: 27.022008 86.761233
49: 27.232703 44.437845
50: 28.577898 64.918160
51: 29.528523 10.609338
52: 29.708139 23.039991
53: 29.776275 36.502687
54: 30.425757 15.352989
55: 32.166932 1.082757
56: 32.263675 43.792111
57: 32.877717 99.385493
58: 33.933929 48.593225
59: 35.966846 53.316396
60: 37.642960 79.559987
61: 38.534656 49.753049
62: 39.199595 61.923412
63: 40.718836 88.410034
64: 41.241065 21.547445
65: 42.120289 57.530941
66: 43.774349 73.460080
67: 44.020887 103.953575
68: 45.520602 40.802136
69: 45.753394 36.856149
70: 45.809085 81.878194
71: 47.013801 43.710278
72: 48.312157 1.826361
73: 48.845774 30.677951
74: 48.945482 8.468690
75: 49.101495 57.556773
76: 50.539719 24.998240
77: 51.452438 39.697468
78: 51.474612 45.222896
79: 52.074552 5.411824
80: 53.780918 66.095870
81: 54.112060 32.772376
82: 54.468424 75.234195
83: 55.050458 43.357787
84: 55.676191 101.649976
85: 55.968441 53.210215
86: 56.829943 33.954845
87: 57.592302 79.355073
88: 57.802101 92.566007
89: 58.191384 83.123315
90: 58.569512 67.181151
91: 58.873091 50.019999
92: 60.026087 103.746229
93: 60.041989 12.272658
94: 60.405593 43.076197
95: 60.640896 32.123683
96: 61.338602 62.407158
97: 61.775837 29.823644
98: 62.185290 80.857428
99: 62.320301 40.051706
100: 62.968429 105.042642
101: 64.133958 11.718225
102: 64.357646 60.107518
103: 64.542179 6.355906
104: 64.973592 68.307913
105: 65.509727 75.050370
106: 65.891222 97.461539
107: 66.507985 64.808465
108: 67.444716 52.374313
109: 68.772259 100.733490
110: 68.937197 40.777285
111: 69.249166 86.099807
112: 69.362120 7.716443
113: 69.577970 11.941176
114: 69.688998 102.722783
115: 69.779091 26.217486
116: 70.021326 56.072830
117: 70.335439 31.913775
118: 71.870760 10.101219
119: 72.778076 21.724131
120: 73.589395 30.028782
121: 74.415384 92.254038
122: 75.588991 60.364392
123: 75.700775 32.687007
124: 76.231462 76.596432
125: 76.626933 14.017826
126: 76.813846 102.794879
127: 76.935918 0.344279
128: 77.597329 57.818327
129: 78.820045 78.880705
130: 79.073063 90.329717
131: 79.864561 10.401782
132: 79.884539 26.277609
133: 80.892756 65.739092
134: 81.180074 20.878362
135: 81.439358 82.648850
136: 81.454297 15.756156
137: 82.364031 99.278057
138: 82.993128 59.934714
139: 83.888166 12.626110
140: 84.119051 43.520102
141: 84.300706 69.554465
142: 85.333898 9.276916
143: 85.386143 98.492689
144: 85.672744 51.431298
145: 85.748393 104.814215
146: 86.617455 18.133386
147: 87.041940 44.219978
148: 87.941950 47.616364
149: 88.845205 80.850890
150: 89.218646 49.895351
151: 90.182141 68.269095
152: 90.423002 7.923549
153: 90.505334 78.723211
154: 90.599982 57.529367
155: 90.921759 62.358950
156: 90.924557 102.021568
157: 91.313410 41.601977
158: 91.381537 3.622878
159: 93.377786 49.396594
160: 94.118983 23.265586
161: 94.644615 102.647440
162: 96.038149 73.965732
163: 96.189024 52.375276
164: 96.198814 17.961126
165: 96.786421 30.179113
166: 98.199707 33.564357
167: 98.223890 77.506166
168: 99.291945 100.898324
169: 100.233435 103.057541
170: 100.322362 40.461159
171: 102.081375 76.644467
172: 102.196909 72.656659
173: 102.398335 68.971845
174: 103.417632 10.745546
175: 103.548702 89.095398
176: 103.612312 18.561613
177: 103.819030 104.810786
178: 105.490512 38.543700
179: 105.836322 79.222091
Edges
(0,20)
(0,21)
(0,27)
(1,7)
(2,20)
(3,7)
(4,38)
(4,127)
(5,6)
(5,7)
(5,55)
(6,9)
(6,14)
(6,16)
(7,14)
(7,16)
(7,19)
(7,21)
(7,26)
(7,46)
(8,55)
(10,55)
(11,12)
(11,15)
(11,16)
(12,15)
(13,24)
(13,46)
(14,16)
(16,41)
(17,46)
(18,54)
(19,25)
(19,29)
(19,37)
(19,46)
(20,34)
(20,67)
(20,100)
(22,30)
(23,25)
(23,37)
(24,46)
(26,28)
(26,42)
(26,44)
(27,43)
(27,48)
(28,37)
(28,42)
(29,46)
(30,43)
(31,32)
(32,39)
(32,40)
(32,54)
(33,35)
(33,37)
(34,48)
(34,84)
(34,100)
(35,37)
(36,44)
(36,46)
(39,43)
(40,52)
(41,55)
(42,46)
(43,45)
(43,49)
(43,50)
(43,53)
(44,55)
(45,52)
(46,51)
(46,54)
(47,53)
(47,54)
(48,50)
(50,56)
(51,61)
(51,64)
(51,74)
(51,81)
(53,56)
(55,72)
(55,79)
(55,93)
(56,57)
(56,61)
(56,63)
(57,60)
(57,89)
(58,59)
(58,62)
(58,63)
(58,70)
(62,65)
(63,82)
(63,87)
(63,89)
(63,98)
(63,105)
(64,66)
(64,69)
(64,70)
(68,73)
(69,73)
(70,71)
(70,80)
(70,82)
(70,90)
(71,73)
(71,75)
(72,79)
(72,93)
(72,101)
(72,152)
(73,91)
(75,78)
(75,129)
(76,81)
(76,86)
(76,93)
(76,99)
(76,101)
(76,117)
(77,83)
(78,85)
(79,93)
(81,91)
(81,102)
(81,104)
(81,133)
(81,141)
(81,153)
(83,91)
(83,96)
(84,89)
(84,106)
(87,98)
(88,89)
(88,98)
(88,111)
(88,149)
(91,96)
(91,104)
(92,100)
(92,106)
(92,126)
(94,102)
(94,108)
(94,122)
(94,149)
(95,99)
(97,110)
(97,128)
(98,135)
(100,156)
(102,107)
(103,113)
(103,117)
(103,123)
(103,141)
(103,142)
(103,151)
(103,152)
(103,174)
(105,135)
(106,114)
(106,172)
(107,116)
(107,124)
(109,114)
(109,143)
(109,175)
(110,141)
(112,118)
(112,147)
(112,179)
(113,119)
(113,123)
(113,140)
(113,148)
(113,172)
(113,179)
(114,126)
(114,137)
(115,117)
(115,141)
(118,125)
(118,142)
(118,159)
(118,179)
(119,123)
(120,151)
(121,167)
(121,172)
(121,175)
(123,144)
(123,154)
(124,129)
(125,131)
(125,157)
(127,152)
(127,174)
(130,171)
(130,175)
(131,134)
(131,136)
(131,139)
(131,157)
(131,170)
(131,174)
(132,159)
(134,136)
(134,157)
(138,141)
(139,146)
(139,178)
(141,162)
(143,175)
(144,155)
(145,161)
(146,170)
(147,179)
(148,150)
(150,162)
(150,172)
(156,169)
(157,163)
(157,179)
(158,174)
(160,164)
(160,176)
(160,178)
(161,177)
(163,173)
(165,170)
(166,178)
(167,171)
(167,172)
(168,175)
(169,175)
(169,177)
(170,173)
(174,178)
(176,178)
