Nodes: 100
Protection radius: 1.000000
Disaster radius: 0.500000
0: 0.357323 24.569433
1: 1.250110 20.865417
2: 2.323021 48.745046
3: 3.033927 4.939304
4: 3.227167 51.712437
5: 4.226640 54.671415
6: 5.067592 42.294500
7: 5.540951 4.319008
8: 5.699148 16.245230
9: 6.110492 39.114193
10: 7.311344 32.839818
11: 7.504981 24.164720
12: 8.034909 36.643728
13: 8.411691 12.476017
14: 9.341009 15.585842
15: 9.942398 19.397580
16: 10.604662 8.254947
17: 10.647306 40.416811
18: 11.414818 51.730716
19: 11.482211 29.864406
20: 11.629109 54.075663
21: 13.856629 33.032108
22: 14.618295 15.144603
23: 14.638489 0.365363
24: 15.064386 9.565487
25: 15.120820 5.042454
26: 16.691736 29.016908
27: 16.875403 20.970953
28: 17.250328 2.825796
29: 17.434926 24.473538
30: 18.472113 40.287541
31: 19.126350 22.741397
32: 19.144975 52.586089
33: 19.856804 48.898030
34: 20.523397 12.997490
35: 21.246371 15.916672
36: 21.679583 5.310486
37: 22.762437 26.321110
38: 22.962671 2.067234
39: 23.888900 45.063234
40: 24.552980 37.168801
41: 24.736302 17.787911
42: 24.828152 39.354597
43: 25.289961 7.091713
44: 25.684616 44.045981
45: 25.883712 47.788853
46: 26.505769 31.071725
47: 26.662084 14.605293
48: 27.296127 36.209033
49: 28.374633 40.740288
50: 28.583332 31.339015
51: 28.787702 13.339155
52: 28.909744 10.135895
53: 29.090428 20.004563
54: 29.611887 46.704303
55: 32.932514 49.381132
56: 33.254177 6.185003
57: 35.106269 48.808447
58: 35.853218 6.325174
59: 35.863125 52.069926
60: 36.064976 26.475672
61: 36.215422 22.783723
62: 36.640737 16.609872
63: 37.351117 1.319978
64: 37.657988 30.370911
65: 38.653328 18.101078
66: 38.946602 33.075266
67: 39.059717 52.728621
68: 39.562738 12.738607
69: 40.155275 4.514203
70: 40.409950 21.048116
71: 40.836594 18.020322
72: 41.083409 40.749909
73: 41.622663 38.538443
74: 41.813934 6.641078
75: 41.916104 30.930914
76: 43.300746 4.958909
77: 43.618619 0.577396
78: 43.677453 55.328163
79: 45.559734 14.541843
80: 45.774519 46.945321
81: 46.000264 27.046903
82: 47.083994 29.076775
83: 47.377580 7.264504
84: 48.136610 32.100046
85: 48.885567 43.174469
86: 49.031993 9.698331
87: 49.272927 25.986412
88: 51.218507 8.739212
89: 51.363500 13.204129
90: 51.779595 38.527389
91: 51.884624 18.052872
92: 52.294236 31.276118
93: 53.149315 22.416354
94: 53.502636 36.758207
95: 53.672311 15.478143
96: 53.737778 41.536388
97: 54.137160 50.931698
98: 54.208516 26.828205
99: 55.765683 9.195509
Edges
(0,2)
(0,19)
(0,21)
(1,8)
(1,11)
(1,19)
(2,5)
(2,10)
(2,20)
(3,23)
(4,5)
(6,10)
(7,13)
(7,19)
(8,11)
(9,12)
(9,20)
(9,33)
(10,17)
(13,23)
(14,15)
(14,16)
(14,31)
(15,21)
(15,37)
(16,23)
(16,73)
(17,37)
(18,32)
(18,33)
(18,55)
(18,67)
(18,97)
(20,32)
(20,67)
(21,26)
(21,29)
(22,73)
(22,80)
(23,34)
(23,81)
(24,97)
(25,34)
(26,37)
(27,31)
(28,34)
(30,40)
(33,40)
(34,35)
(35,47)
(35,51)
(35,60)
(35,64)
(35,85)
(36,43)
(37,40)
(37,46)
(37,48)
(38,43)
(38,56)
(38,86)
(39,42)
(40,48)
(41,61)
(41,81)
(42,44)
(42,45)
(42,54)
(43,52)
(43,81)
(47,81)
(49,50)
(49,54)
(49,55)
(49,57)
(49,97)
(52,70)
(53,60)
(53,82)
(53,84)
(53,96)
(58,62)
(59,67)
(62,81)
(63,69)
(63,74)
(63,77)
(65,88)
(65,91)
(65,99)
(66,96)
(67,78)
(68,86)
(69,76)
(69,88)
(71,89)
(71,95)
(72,73)
(72,80)
(74,86)
(75,90)
(77,83)
(77,88)
(78,97)
(79,89)
(80,97)
(81,82)
(81,87)
(81,91)
(84,90)
(84,95)
(84,98)
(90,92)
(90,98)
(93,95)
(94,96)
(95,99)
