Nodes: 100
Protection radius: 1.000000
Disaster radius: 0.500000
0: 0.379710 39.738027
1: 0.509196 25.864353
2: 2.254179 8.938581
3: 2.402338 15.559122
4: 2.802300 0.219744
5: 3.422801 11.102979
6: 4.551603 22.502995
7: 5.206959 34.028918
8: 6.183319 41.643649
9: 6.297525 11.050210
10: 6.315132 18.318603
11: 6.670014 14.248041
12: 7.001733 35.178589
13: 7.864048 20.187974
14: 8.310348 32.350148
15: 8.412198 47.878889
16: 8.627502 4.661672
17: 8.795238 11.931587
18: 8.945220 42.671657
19: 9.074739 0.977821
20: 9.316382 28.911862
21: 9.386407 36.190765
22: 10.278164 45.252504
23: 11.051724 8.821942
24: 11.519155 47.738426
25: 11.855934 35.028640
26: 13.208315 49.231653
27: 13.340099 9.443274
28: 15.605958 5.284629
29: 15.940559 2.024619
30: 16.325531 20.314393
31: 17.115650 36.266259
32: 17.197515 41.054636
33: 18.862619 9.922507
34: 20.612663 30.770598
35: 22.640080 42.362355
36: 22.939481 22.331938
37: 23.232112 38.427508
38: 23.987397 13.407344
39: 24.582183 10.221573
40: 25.228728 45.893922
41: 25.733916 43.343235
42: 25.801838 31.397531
43: 26.666493 37.544720
44: 27.306583 12.739183
45: 28.055815 8.182036
46: 29.100382 30.024883
47: 29.971630 19.480278
48: 30.479188 23.019790
49: 30.595270 45.478251
50: 31.148982 25.103314
51: 31.365485 48.794689
52: 31.774739 51.063152
53: 32.432944 40.873374
54: 32.626303 20.861848
55: 33.002217 16.115154
56: 33.137531 32.137531
57: 34.374768 47.823213
58: 34.553357 18.359655
59: 34.871317 2.873308
60: 35.479188 40.721137
61: 36.307283 38.730469
62: 36.374131 52.227954
63: 36.420970 36.438117
64: 37.187289 18.794266
65: 37.461180 0.407243
66: 37.861092 46.201228
67: 38.037261 9.494536
68: 38.663687 15.347710
69: 39.356794 24.378727
70: 39.711936 12.864498
71: 40.011429 49.385017
72: 40.014841 17.273206
73: 40.673428 52.594838
74: 41.047192 34.585444
75: 41.426513 10.612526
76: 41.892629 27.311214
77: 42.561639 41.554259
78: 42.715003 17.526698
79: 42.966623 32.255863
80: 43.123926 36.608072
81: 44.182956 15.333209
82: 44.995046 38.258642
83: 45.101096 6.824328
84: 45.250213 49.761069
85: 45.251836 30.539750
86: 45.616669 34.577039
87: 45.638212 25.883975
88: 46.215931 46.975612
89: 47.195355 40.037463
90: 47.420794 49.018231
91: 47.447180 51.115489
92: 47.839746 30.060902
93: 50.845398 25.234481
94: 50.922510 19.697036
95: 51.243801 30.403145
96: 51.282896 50.823628
97: 51.923584 44.934785
98: 52.545695 2.782048
99: 52.871688 27.148458
Edges
(0,1)
(1,7)
(1,8)
(1,22)
(1,26)
(2,5)
(2,17)
(3,9)
(3,11)
(3,14)
(3,21)
(3,31)
(3,71)
(4,17)
(4,23)
(4,44)
(4,87)
(6,26)
(9,17)
(10,13)
(11,13)
(11,17)
(11,66)
(12,26)
(15,18)
(16,47)
(17,30)
(17,42)
(18,24)
(19,28)
(19,59)
(20,25)
(21,26)
(21,32)
(21,52)
(21,73)
(22,24)
(23,27)
(23,30)
(25,35)
(25,37)
(25,57)
(28,39)
(28,67)
(29,67)
(29,75)
(30,48)
(30,54)
(30,84)
(32,73)
(33,38)
(34,66)
(36,48)
(36,63)
(37,49)
(37,71)
(38,87)
(40,51)
(40,73)
(41,73)
(42,84)
(43,71)
(44,45)
(44,55)
(45,67)
(46,61)
(47,54)
(47,87)
(48,87)
(49,57)
(50,87)
(53,66)
(54,69)
(55,67)
(55,75)
(56,87)
(58,64)
(58,75)
(58,83)
(59,75)
(60,84)
(61,63)
(61,77)
(61,84)
(62,73)
(63,74)
(63,85)
(64,68)
(64,72)
(65,83)
(68,81)
(70,81)
(73,84)
(76,87)
(77,80)
(78,87)
(79,82)
(79,84)
(79,88)
(80,84)
(81,83)
(81,87)
(81,92)
(82,88)
(82,91)
(83,93)
(83,94)
(83,96)
(83,99)
(85,96)
(86,89)
(86,91)
(90,96)
(91,96)
(93,95)
(96,97)
(98,99)
