Nodes: 100
Protection radius: 1.000000
Disaster radius: 0.500000
0: 0.289151 39.907670
1: 0.339889 17.692716
2: 0.951578 42.330387
3: 2.585754 21.473753
4: 2.885770 1.546402
5: 2.906169 11.675719
6: 3.147903 17.524536
7: 4.021491 3.251651
8: 5.577757 7.137478
9: 5.605057 41.243549
10: 5.623519 22.106628
11: 6.116984 47.889361
12: 6.398373 10.602888
13: 8.044690 23.411509
14: 9.117595 50.648010
15: 10.520155 25.235278
16: 10.871369 8.063522
17: 11.315173 54.019962
18: 11.615547 12.970787
19: 12.069251 5.120316
20: 12.257794 20.110033
21: 13.196641 52.449966
22: 14.411296 31.313821
23: 14.429139 39.424306
24: 15.868696 19.096341
25: 16.462027 33.781408
26: 16.834367 56.748985
27: 16.884682 8.861643
28: 17.659824 25.626524
29: 18.018719 28.087251
30: 19.284839 8.887370
31: 19.583894 49.372435
32: 19.752790 24.649679
33: 20.109204 32.227595
34: 20.371584 47.491009
35: 20.377489 39.986655
36: 20.739658 44.392923
37: 21.967936 0.629040
38: 22.018990 22.994974
39: 23.201903 13.668208
40: 23.573675 26.115605
41: 23.792160 17.917882
42: 23.870749 7.972724
43: 25.982226 6.491070
44: 26.460748 51.505514
45: 26.898223 57.204359
46: 27.798101 40.469819
47: 27.801370 4.760662
48: 28.716292 17.977874
49: 29.557443 30.365903
50: 30.227802 14.892859
51: 30.229537 8.246244
52: 31.376352 31.368337
53: 31.949920 29.210865
54: 32.626010 17.647009
55: 32.899049 46.605291
56: 33.054483 13.286453
57: 33.773997 8.598456
58: 33.829096 52.964061
59: 33.872768 0.746949
60: 35.126565 27.217601
61: 35.407092 18.013920
62: 35.777097 54.934215
63: 36.323742 12.652991
64: 36.930501 36.624737
65: 37.321916 0.494183
66: 37.620465 6.783444
67: 38.139019 24.101390
68: 38.380088 18.509882
69: 39.163133 29.489178
70: 40.400016 59.642756
71: 41.990498 35.846620
72: 42.016221 4.598185
73: 42.337690 40.755430
74: 42.879417 7.920226
75: 42.959427 51.139721
76: 43.966812 21.340432
77: 43.967608 25.338273
78: 43.969776 35.368153
79: 44.584840 27.487414
80: 44.625487 41.192810
81: 45.272490 59.100513
82: 45.518137 12.641566
83: 45.751412 32.491758
84: 47.484023 56.036063
85: 47.741841 33.262538
86: 48.285949 50.735037
87: 49.382256 1.194140
88: 49.439663 41.400615
89: 50.303111 35.877025
90: 50.708512 39.209114
91: 53.539335 24.822327
92: 53.678844 15.790218
93: 54.629964 32.850297
94: 56.155880 16.280479
95: 56.988065 57.358813
96: 57.223034 1.953763
97: 57.600385 22.919514
98: 58.398499 29.054929
99: 59.287715 56.688550
Edges
(0,2)
(1,2)
(1,30)
(1,51)
(2,11)
(2,17)
(2,25)
(2,33)
(3,6)
(3,10)
(3,13)
(3,20)
(3,22)
(3,41)
(3,71)
(4,5)
(4,16)
(4,19)
(4,37)
(5,12)
(6,51)
(7,8)
(7,16)
(9,11)
(9,36)
(9,46)
(10,38)
(10,71)
(11,31)
(11,44)
(12,16)
(12,43)
(12,59)
(14,58)
(15,33)
(17,26)
(18,51)
(19,59)
(21,45)
(21,58)
(22,33)
(23,33)
(24,51)
(27,42)
(28,32)
(28,49)
(28,52)
(28,71)
(29,64)
(30,42)
(31,44)
(31,64)
(32,40)
(32,69)
(34,36)
(34,46)
(35,64)
(39,41)
(39,56)
(39,57)
(39,66)
(39,74)
(40,69)
(41,56)
(41,63)
(41,76)
(41,85)
(41,93)
(41,97)
(43,47)
(43,51)
(43,57)
(43,59)
(43,65)
(44,55)
(48,82)
(49,52)
(49,53)
(50,96)
(52,53)
(54,92)
(54,94)
(55,58)
(58,71)
(60,85)
(61,68)
(62,70)
(66,74)
(67,79)
(67,98)
(68,94)
(69,71)
(70,71)
(71,78)
(72,74)
(72,87)
(73,86)
(73,95)
(73,99)
(75,81)
(75,86)
(77,91)
(77,97)
(77,98)
(78,89)
(78,90)
(80,88)
(80,99)
(81,84)
(81,86)
(82,94)
(83,85)
(89,99)
(94,96)
(96,97)
(97,98)
(98,99)
