Nodes: 60
Protection radius: 1.000000
Disaster radius: 0.500000
0: 1.700337 8.241279
1: 1.816325 27.727422
2: 2.421262 21.397684
3: 3.180130 3.460742
4: 4.417600 6.390346
5: 4.823910 1.503223
6: 6.382564 5.044950
7: 6.401878 11.130944
8: 6.991025 13.567519
9: 7.274712 20.579042
10: 7.733091 8.478834
11: 8.600776 26.669391
12: 8.940833 10.578395
13: 9.037087 1.243265
14: 9.314619 28.606990
15: 10.445501 32.033433
16: 10.838822 8.907546
17: 11.387590 1.291193
18: 11.684917 15.865880
19: 11.985302 30.168781
20: 12.387976 10.364717
21: 12.437167 23.045392
22: 12.796908 17.756614
23: 13.790555 31.348210
24: 14.810784 13.045640
25: 15.275115 22.497784
26: 15.763629 18.112502
27: 16.232652 10.271900
28: 17.071492 29.364462
29: 17.895175 6.815667
30: 18.042901 1.862411
31: 18.090589 21.851463
32: 18.850739 19.366600
33: 19.118715 8.524560
34: 20.452709 32.592248
35: 20.613866 1.504169
36: 20.970151 12.211430
37: 21.332278 18.822836
38: 22.658035 29.061389
39: 23.334412 26.573169
40: 23.402388 22.494257
41: 24.407342 32.488841
42: 24.540552 6.229868
43: 25.572013 29.468906
44: 26.090282 18.301652
45: 26.807952 23.118215
46: 26.881524 10.781471
47: 27.778090 1.132260
48: 27.842277 15.780299
49: 28.643617 30.746563
50: 28.643701 26.221502
51: 28.689366 5.804044
52: 28.853304 3.376792
53: 28.970687 18.111748
54: 30.027932 23.299124
55: 30.086569 9.842305
56: 30.940458 16.028112
57: 31.157388 6.792154
58: 31.771744 13.779955
59: 32.441148 4.174329
Edges
(0,1)
(0,3)
(0,7)
(0,8)
(1,2)
(1,11)
(1,14)
(2,9)
(3,4)
(3,6)
(5,6)
(6,10)
(6,17)
(8,18)
(10,12)
(13,17)
(14,19)
(15,34)
(16,20)
(17,29)
(18,20)
(19,28)
(20,24)
(21,22)
(22,24)
(23,28)
(23,34)
(24,26)
(25,26)
(25,31)
(27,36)
(29,30)
(29,33)
(29,35)
(31,37)
(31,39)
(32,36)
(33,36)
(35,47)
(36,42)
(36,44)
(38,39)
(39,40)
(41,43)
(41,49)
(42,51)
(44,48)
(45,50)
(45,53)
(46,51)
(46,55)
(48,56)
(49,54)
(51,52)
(53,56)
(54,56)
(55,58)
(57,58)
(58,59)
