Nodes: 100
Protection radius: 1.000000
Disaster radius: 0.500000
0: 0.650253 57.513040
1: 0.803417 13.710736
2: 1.565090 26.498535
3: 1.709707 37.278314
4: 1.893722 4.572044
5: 2.297286 41.519739
6: 2.379171 20.814613
7: 3.418875 29.947723
8: 3.639558 24.458498
9: 3.728636 38.790359
10: 3.937771 42.977349
11: 6.269299 41.881586
12: 7.260908 7.739879
13: 9.460147 55.492292
14: 9.993706 5.714591
15: 10.038377 28.036808
16: 10.614513 48.955522
17: 11.069551 43.754363
18: 11.079453 1.816289
19: 11.204248 45.935890
20: 11.247871 25.968068
21: 11.342292 36.950892
22: 12.014455 40.332517
23: 12.867080 15.168942
24: 12.972151 56.183362
25: 13.020337 7.113797
26: 13.091191 50.876963
27: 14.218001 24.459202
28: 14.815975 52.308313
29: 15.552888 2.688864
30: 15.654316 19.024618
31: 16.865568 40.591939
32: 18.189199 42.941040
33: 18.270862 16.119738
34: 18.584396 34.494382
35: 19.928521 36.610708
36: 20.276381 54.651336
37: 21.110538 14.555409
38: 22.239432 49.973356
39: 23.489624 37.166681
40: 23.506018 47.798259
41: 23.546758 56.531492
42: 24.010501 1.722131
43: 24.327233 18.001534
44: 24.754273 26.473968
45: 26.822626 45.044389
46: 28.537790 36.386207
47: 28.577942 54.180616
48: 29.115332 3.848099
49: 29.196113 43.156909
50: 29.522387 24.284014
51: 29.651373 10.110401
52: 30.021980 27.051558
53: 30.039822 22.081143
54: 30.761640 49.627050
55: 31.753222 0.778978
56: 32.995334 41.567119
57: 33.013120 26.226899
58: 33.488550 14.196152
59: 34.103000 20.479135
60: 36.252236 52.139759
61: 36.326665 22.727040
62: 36.502465 5.218332
63: 37.035601 18.443025
64: 38.869398 33.198335
65: 39.272679 46.249933
66: 39.539189 23.243617
67: 39.934979 41.211063
68: 41.124402 16.893382
69: 41.231333 4.126517
70: 41.404832 31.161350
71: 41.956039 10.266498
72: 42.846350 1.631210
73: 42.976367 42.103932
74: 44.241884 39.486278
75: 45.185276 50.504624
76: 45.357502 1.395264
77: 45.498586 23.936783
78: 45.689279 57.999018
79: 47.155960 8.991350
80: 48.244172 18.241664
81: 48.579677 43.097263
82: 48.827761 29.388668
83: 49.470516 13.629200
84: 49.609411 52.027414
85: 49.683754 11.235870
86: 50.088345 22.989669
87: 50.112063 35.856682
88: 51.492590 10.079886
89: 51.503200 2.674764
90: 51.695487 50.520550
91: 51.991987 0.644890
92: 52.370302 41.418562
93: 53.843703 17.446610
94: 53.971013 7.461657
95: 54.305669 19.442501
96: 55.005332 35.920673
97: 55.277855 48.535701
98: 55.619848 9.947028
99: 56.855380 31.604912
Edges
(0,9)
(0,28)
(0,60)
(1,2)
(1,3)
(2,3)
(2,5)
(2,11)
(3,5)
(4,6)
(4,12)
(4,18)
(4,20)
(4,21)
(4,29)
(4,34)
(4,72)
(4,89)
(5,9)
(6,7)
(6,11)
(6,21)
(7,11)
(8,16)
(9,10)
(9,11)
(12,14)
(12,25)
(12,51)
(12,79)
(12,94)
(12,98)
(13,38)
(13,60)
(14,25)
(15,35)
(16,17)
(16,19)
(16,21)
(16,28)
(17,26)
(21,22)
(21,26)
(21,54)
(21,56)
(21,67)
(22,32)
(23,30)
(23,88)
(23,98)
(24,78)
(25,89)
(25,94)
(26,28)
(26,32)
(26,38)
(26,40)
(27,30)
(27,44)
(29,55)
(29,76)
(30,44)
(30,53)
(30,61)
(30,77)
(31,40)
(32,40)
(33,68)
(33,83)
(33,98)
(34,44)
(34,61)
(35,67)
(36,41)
(37,98)
(39,67)
(40,54)
(41,47)
(41,60)
(42,55)
(43,59)
(43,63)
(45,56)
(46,52)
(46,67)
(48,89)
(49,56)
(50,53)
(52,64)
(56,65)
(57,64)
(58,98)
(59,63)
(59,77)
(60,65)
(61,64)
(61,78)
(62,69)
(62,89)
(64,67)
(64,78)
(65,78)
(66,77)
(70,81)
(71,98)
(73,74)
(73,75)
(74,75)
(75,78)
(75,81)
(76,89)
(77,80)
(77,81)
(77,82)
(77,87)
(78,87)
(80,83)
(80,86)
(80,87)
(80,98)
(83,98)
(84,90)
(84,92)
(84,93)
(84,98)
(85,98)
(86,93)
(86,98)
(89,94)
(90,96)
(91,94)
(91,98)
(95,96)
(97,98)
(97,99)
(98,99)
