Nodes: 180
Protection radius: 1.000000
Disaster radius: 0.500000
0: 0.454230 7.575368
1: 0.963211 23.331369
2: 0.978749 52.293395
3: 1.178362 68.786118
4: 1.609407 29.364306
5: 1.686220 80.938804
6: 2.465212 35.833209
7: 2.494640 87.189971
8: 4.733920 90.662628
9: 4.892192 29.612984
10: 5.964772 87.398548
11: 6.703654 58.144865
12: 6.732976 84.523815
13: 6.866694 60.691862
14: 6.900577 94.508531
15: 7.446362 19.761304
16: 7.975485 34.756071
17: 8.520062 70.450031
18: 8.574142 36.886415
19: 8.714570 68.105732
20: 9.751641 14.353251
21: 10.422083 90.574144
22: 12.606087 39.595995
23: 12.635825 0.584657
24: 13.440000 88.611521
25: 14.473080 57.553162
26: 14.600939 11.181484
27: 14.900659 40.086307
28: 14.986216 83.656217
29: 15.896486 55.471885
30: 16.409096 66.624746
31: 16.907087 32.435402
32: 17.950167 65.178585
33: 18.827260 6.114329
34: 18.905735 86.082133
35: 19.510291 44.022755
36: 19.597250 94.232794
37: 19.653093 78.357937
38: 19.976233 18.333943
39: 20.519196 61.964381
40: 20.986011 75.003494
41: 21.465553 63.822009
42: 21.701070 11.934923
43: 22.024107 72.042491
44: 22.338310 25.253116
45: 23.118206 0.106003
46: 24.149590 67.576550
47: 24.234388 10.716368
48: 24.280329 52.753996
49: 24.667221 81.483841
50: 24.918605 38.036538
51: 24.952553 92.852183
52: 25.490311 57.632291
53: 25.731748 71.313048
54: 26.312876 0.903019
55: 26.638385 80.921203
56: 26.827613 11.782384
57: 26.874770 7.410728
58: 28.791300 55.279254
59: 28.935908 48.444476
60: 29.402123 90.630499
61: 30.554157 26.721479
62: 31.258960 45.564244
63: 31.328830 69.271307
64: 31.816372 7.386832
65: 32.352491 30.400707
66: 32.457913 96.682623
67: 33.477644 32.423246
68: 33.660164 21.304593
69: 33.958475 38.884357
70: 35.170483 7.237195
71: 35.172919 51.546106
72: 36.232199 25.337340
73: 37.715605 55.653845
74: 37.835404 47.352289
75: 38.640642 61.995524
76: 38.717465 0.037817
77: 40.739636 16.256126
78: 40.978370 82.341043
79: 41.255610 20.125646
80: 41.593466 32.586976
81: 42.615421 52.003534
82: 43.069604 24.796245
83: 43.552284 34.848947
84: 43.766408 84.754028
85: 43.911398 42.164465
86: 44.847033 5.729006
87: 45.531427 54.461369
88: 45.677803 3.438432
89: 45.705646 10.159477
90: 46.267866 82.152802
91: 46.497855 40.082119
92: 46.852526 44.756117
93: 47.487321 32.760394
94: 48.029303 93.191216
95: 48.554991 76.516638
96: 49.731549 59.817770
97: 50.249873 73.716228
98: 50.367046 77.724883
99: 50.652585 35.969113
100: 51.841930 96.320060
101: 52.278106 17.043134
102: 52.339644 12.869597
103: 52.397257 58.302449
104: 52.951076 34.789171
105: 53.092605 87.448588
106: 53.739995 4.784262
107: 54.657314 14.794656
108: 55.574559 45.260355
109: 55.627008 82.682847
110: 55.791067 17.912350
111: 56.069718 23.191640
112: 56.653542 53.421175
113: 58.018297 4.244960
114: 58.278008 40.326872
115: 58.809084 11.562983
116: 59.936971 19.438401
117: 60.085455 71.066410
118: 60.297261 44.946769
119: 60.344536 42.220266
120: 60.370039 3.293370
121: 60.863843 27.276087
122: 62.237418 35.406777
123: 62.499708 92.467194
124: 64.375566 93.409596
125: 64.461931 60.752280
126: 64.938525 56.800832
127: 65.156778 33.321363
128: 66.320906 5.145161
129: 67.010761 46.150492
130: 67.473382 32.526313
131: 67.509686 53.000843
132: 67.956553 12.183858
133: 69.289715 76.971835
134: 69.326349 50.567251
135: 69.676617 44.334817
136: 69.952540 94.816155
137: 70.727579 17.045683
138: 71.600154 20.535089
139: 72.032204 14.438049
140: 72.536442 84.171359
141: 73.492442 77.085725
142: 73.561459 57.185733
143: 73.825131 48.733078
144: 75.876407 58.156443
145: 77.000852 77.775520
146: 77.178046 93.560730
147: 79.075759 40.738197
148: 79.165562 65.450447
149: 79.955071 5.368892
150: 80.130400 85.501614
151: 80.308390 36.323371
152: 80.796927 31.916002
153: 81.053691 0.930464
154: 81.148076 63.087266
155: 81.162681 49.914952
156: 81.419401 3.825091
157: 82.771642 86.270596
158: 82.876031 47.173508
159: 83.503390 18.125554
160: 83.514263 49.176323
161: 84.643560 40.327976
162: 85.840224 53.824693
163: 86.296093 8.715531
164: 87.203661 85.493168
165: 88.609135 47.444646
166: 88.870087 86.912565
167: 90.122919 17.057547
168: 90.250876 90.552483
169: 92.349991 35.448913
170: 92.462947 81.841179
171: 92.497907 85.698108
172: 92.577581 32.839381
173: 93.443072 72.933086
174: 93.815694 59.206338
175: 94.524900 22.155300
176: 95.481033 46.547243
177: 96.209536 81.783845
178: 96.661391 36.426182
179: 96.847030 2.664970
Edges
(0,7)
(1,7)
(1,23)
(1,45)
(2,7)
(3,5)
(3,7)
(4,8)
(4,9)
(4,20)
(5,7)
(6,10)
(7,14)
(8,51)
(9,11)
(10,12)
(10,13)
(11,15)
(11,18)
(11,22)
(11,29)
(11,58)
(11,65)
(11,69)
(11,82)
(11,130)
(11,169)
(13,17)
(13,19)
(13,30)
(13,37)
(14,66)
(15,38)
(16,22)
(17,21)
(17,37)
(17,51)
(18,22)
(20,26)
(20,33)
(21,28)
(21,34)
(22,27)
(22,77)
(22,89)
(22,113)
(23,45)
(24,28)
(25,40)
(25,145)
(26,47)
(26,54)
(26,56)
(28,34)
(29,119)
(29,130)
(29,169)
(30,51)
(30,60)
(31,38)
(31,44)
(31,89)
(32,40)
(32,49)
(33,54)
(35,65)
(35,72)
(36,94)
(36,100)
(36,124)
(36,136)
(38,42)
(38,44)
(39,41)
(39,43)
(39,49)
(39,55)
(40,49)
(41,53)
(41,63)
(41,133)
(41,141)
(41,145)
(45,88)
(46,53)
(47,54)
(47,56)
(48,74)
(48,92)
(48,152)
(48,175)
(49,60)
(50,65)
(51,105)
(51,123)
(51,124)
(52,81)
(52,108)
(53,60)
(53,78)
(53,84)
(53,90)
(53,95)
(53,98)
(53,123)
(53,133)
(53,170)
(54,56)
(54,57)
(56,88)
(56,106)
(56,113)
(57,70)
(58,71)
(59,93)
(61,79)
(62,69)
(62,93)
(64,70)
(65,67)
(68,89)
(70,88)
(71,108)
(72,82)
(73,75)
(73,134)
(74,175)
(75,96)
(76,88)
(78,84)
(79,82)
(80,82)
(81,134)
(82,107)
(82,113)
(83,101)
(83,107)
(85,104)
(85,121)
(85,130)
(86,113)
(87,96)
(87,125)
(87,144)
(88,113)
(90,136)
(90,150)
(91,104)
(93,99)
(93,107)
(94,124)
(95,140)
(96,117)
(96,145)
(97,133)
(99,110)
(99,116)
(99,121)
(102,115)
(102,137)
(103,148)
(104,121)
(107,110)
(107,137)
(108,118)
(108,129)
(108,169)
(108,178)
(109,164)
(111,116)
(112,126)
(112,134)
(113,137)
(114,151)
(116,127)
(116,137)
(118,178)
(120,132)
(120,149)
(120,156)
(120,159)
(120,175)
(122,175)
(124,136)
(126,131)
(126,144)
(127,130)
(127,139)
(128,175)
(130,138)
(130,139)
(130,159)
(130,175)
(132,139)
(134,135)
(135,142)
(135,147)
(135,158)
(136,146)
(136,157)
(136,164)
(136,166)
(137,139)
(138,139)
(140,164)
(140,170)
(140,177)
(143,144)
(143,158)
(144,155)
(145,154)
(146,171)
(147,158)
(147,165)
(147,178)
(148,154)
(148,155)
(148,158)
(149,163)
(149,175)
(150,157)
(151,152)
(152,172)
(153,156)
(153,179)
(154,170)
(156,163)
(157,164)
(158,165)
(158,170)
(159,175)
(160,176)
(161,165)
(162,170)
(163,175)
(164,166)
(164,177)
(165,178)
(167,175)
(168,171)
(170,174)
(170,177)
(172,178)
(173,174)
(173,176)
(174,176)
(177,178)
