Nodes: 60
Protection radius: 1.000000
Disaster radius: 0.500000
0: 1.174799 31.775520
1: 2.694724 35.253713
2: 2.838766 12.908851
3: 2.970981 19.414535
4: 3.082497 7.454421
5: 3.157937 23.020164
6: 3.959810 14.829329
7: 4.099832 26.900774
8: 5.341025 18.095481
9: 5.382838 30.993470
10: 5.413157 3.389629
11: 5.661419 10.110673
12: 6.057578 22.147956
13: 6.163622 26.466295
14: 8.120443 34.718380
15: 8.275527 23.373094
16: 8.349928 25.767259
17: 8.430744 20.363984
18: 8.770599 0.843703
19: 9.105970 14.620497
20: 10.569015 21.478325
21: 11.345497 6.385780
22: 11.686455 18.311281
23: 11.734052 10.263454
24: 12.212871 32.138639
25: 13.379177 7.880808
26: 13.500302 30.215730
27: 13.813655 2.068009
28: 14.266033 17.688203
29: 14.325011 24.900134
30: 15.264530 20.613207
31: 15.344272 30.991638
32: 16.036632 0.270921
33: 17.367069 29.280902
34: 17.546850 11.546460
35: 18.476448 3.226560
36: 19.905448 34.967387
37: 20.186826 6.694032
38: 21.314361 28.025890
39: 21.459765 32.811380
40: 21.809914 2.826834
41: 22.716111 11.723934
42: 23.399856 31.407618
43: 23.771381 16.744709
44: 24.796312 4.092273
45: 26.092282 17.969581
46: 26.873803 10.123375
47: 28.218998 2.217245
48: 28.885478 14.134199
49: 29.247486 12.117711
50: 30.347093 18.549491
51: 30.857764 25.495849
52: 31.007577 6.485032
53: 32.105906 27.247047
54: 32.118164 3.347186
55: 32.159667 8.859621
56: 34.097566 11.074576
57: 34.124337 35.106791
58: 35.097028 20.685296
59: 35.104493 18.612651
Edges
(0,1)
(0,3)
(0,5)
(1,57)
(2,3)
(2,11)
(4,11)
(5,12)
(6,8)
(7,13)
(8,12)
(8,19)
(9,14)
(9,24)
(10,11)
(10,18)
(11,21)
(12,15)
(13,16)
(15,17)
(16,20)
(18,27)
(19,22)
(20,22)
(20,30)
(21,23)
(23,28)
(23,34)
(24,26)
(24,31)
(25,27)
(25,37)
(27,35)
(29,38)
(31,36)
(32,47)
(33,36)
(34,43)
(35,40)
(36,57)
(38,45)
(39,57)
(40,47)
(41,43)
(41,48)
(42,57)
(43,45)
(44,46)
(44,52)
(45,51)
(47,52)
(48,50)
(49,56)
(50,58)
(50,59)
(51,53)
(52,54)
(52,55)
(56,59)
