Nodes: 100
Protection radius: 1.000000
Disaster radius: 0.500000
0: 1.518383 16.016959
1: 1.540385 50.974164
2: 1.936806 28.311062
3: 3.797965 46.223948
4: 4.334803 22.051222
5: 5.206322 13.997662
6: 5.830806 39.420326
7: 5.961958 27.912419
8: 6.063019 51.671283
9: 6.326994 33.838305
10: 6.372295 31.718712
11: 6.667352 49.170749
12: 7.269927 4.549310
13: 7.991484 28.806832
14: 9.182550 10.381650
15: 9.631581 47.689070
16: 9.884753 30.736182
17: 9.966149 4.345505
18: 10.093690 15.557016
19: 10.947836 25.683486
20: 11.530977 37.122668
21: 12.043332 27.880280
22: 12.259789 46.544821
23: 12.574487 44.531998
24: 12.792451 15.905652
25: 12.856388 20.182401
26: 12.914108 1.839330
27: 13.198857 13.321064
28: 15.332745 30.888452
29: 16.356976 7.924887
30: 17.190858 4.828022
31: 17.383809 42.330250
32: 18.812541 30.509053
33: 20.609443 11.748908
34: 20.642492 44.955863
35: 21.024258 19.373598
36: 21.212928 23.471743
37: 21.893874 34.343631
38: 22.139926 4.837044
39: 22.655459 13.985026
40: 23.414326 10.099177
41: 23.744615 20.462103
42: 24.882565 39.651664
43: 25.398513 6.973562
44: 25.633745 9.888530
45: 25.982919 28.387328
46: 27.239391 30.104966
47: 27.639475 21.981346
48: 27.667422 49.671857
49: 28.505252 37.847923
50: 28.602084 19.922714
51: 29.949906 45.417947
52: 31.369219 42.009119
53: 31.945457 39.587727
54: 32.058458 19.223089
55: 32.150400 28.833968
56: 32.912531 34.004473
57: 32.978094 0.152271
58: 33.152337 26.609816
59: 33.383278 11.792764
60: 34.291142 47.317793
61: 34.351734 29.027754
62: 34.644485 24.322522
63: 35.228947 16.185637
64: 35.693645 9.813878
65: 36.019119 31.725507
66: 36.327990 27.749128
67: 36.647740 37.658302
68: 36.683817 45.051231
69: 36.906505 7.697933
70: 36.914620 50.407949
71: 36.927657 17.957633
72: 37.081562 35.670321
73: 37.817617 1.075991
74: 38.578419 38.352501
75: 39.191437 21.926978
76: 39.277824 7.839213
77: 40.002107 36.469060
78: 40.776982 25.280162
79: 40.811867 20.666858
80: 41.316776 12.326048
81: 41.682159 32.106076
82: 43.716605 49.882674
83: 44.044760 43.983315
84: 44.505978 30.081678
85: 45.703739 47.208122
86: 46.290762 6.002909
87: 47.205463 25.010420
88: 47.937254 1.386355
89: 48.153474 35.768284
90: 48.820360 45.416315
91: 49.210154 18.586304
92: 49.505173 15.846711
93: 49.526942 10.897539
94: 49.640687 40.966490
95: 50.491936 48.077724
96: 50.550051 27.995712
97: 51.481515 21.047918
98: 51.785243 29.604228
99: 51.933186 36.011796
Edges
(0,12)
(1,3)
(1,7)
(1,14)
(1,18)
(1,37)
(1,92)
(2,5)
(3,10)
(3,16)
(3,20)
(3,37)
(4,5)
(4,14)
(5,12)
(6,10)
(7,18)
(8,11)
(8,34)
(8,52)
(8,60)
(8,70)
(8,85)
(8,99)
(9,10)
(9,16)
(12,14)
(12,24)
(12,26)
(12,88)
(13,16)
(13,19)
(13,28)
(13,37)
(15,22)
(15,23)
(15,52)
(15,74)
(15,89)
(17,36)
(19,24)
(21,37)
(23,61)
(23,67)
(23,89)
(24,27)
(25,32)
(26,57)
(26,73)
(27,32)
(28,37)
(29,30)
(29,33)
(30,88)
(31,49)
(31,65)
(31,78)
(31,91)
(32,37)
(33,38)
(35,41)
(35,43)
(35,64)
(35,69)
(36,37)
(37,46)
(37,47)
(37,58)
(37,69)
(37,71)
(38,39)
(39,40)
(41,59)
(42,49)
(43,44)
(44,69)
(45,54)
(45,76)
(46,75)
(47,50)
(48,70)
(48,85)
(49,67)
(49,87)
(50,64)
(51,60)
(53,67)
(53,89)
(54,86)
(55,66)
(55,91)
(55,92)
(56,65)
(60,83)
(62,92)
(62,93)
(63,86)
(65,87)
(66,91)
(67,72)
(67,77)
(67,81)
(67,87)
(68,94)
(68,99)
(69,76)
(70,85)
(71,80)
(71,86)
(78,97)
(79,92)
(82,85)
(84,87)
(84,98)
(90,99)
(95,99)
(96,97)
