Nodes: 100
Protection radius: 1.000000
Disaster radius: 0.500000
0: 0.132943 51.443230
1: 0.551254 12.632108
2: 0.975278 16.139914
3: 1.292522 27.859476
4: 2.469508 18.506595
5: 2.920020 9.987516
6: 3.186185 22.932180
7: 3.895155 40.585084
8: 5.768273 16.426841
9: 5.843892 6.756983
10: 5.866982 3.185302
11: 6.102603 10.702398
12: 7.690095 4.632214
13: 8.775082 40.371770
14: 9.489227 46.216563
15: 10.073161 19.793073
16: 10.117301 13.833373
17: 10.439890 30.352488
18: 11.517856 42.876020
19: 11.763514 37.339870
20: 14.402081 12.542669
21: 14.497736 21.836675
22: 15.433801 34.556161
23: 15.981164 16.078857
24: 16.222039 24.569251
25: 16.819865 28.761253
26: 16.894763 46.594386
27: 16.931722 42.481992
28: 18.321364 51.991517
29: 18.873357 19.646777
30: 19.526046 42.573106
31: 20.049972 40.562022
32: 20.107092 3.316179
33: 20.200931 12.193008
34: 21.029239 46.762742
35: 21.457671 25.950984
36: 21.872642 20.276141
37: 23.247023 24.318325
38: 23.343047 5.732728
39: 24.166072 36.829428
40: 24.348532 33.048921
41: 24.466421 39.074289
42: 24.608396 51.397884
43: 25.344005 56.153329
44: 25.358826 14.241143
45: 25.662128 1.726030
46: 25.921492 34.557570
47: 26.067077 53.629864
48: 26.894856 24.924394
49: 28.353383 41.814412
50: 29.058950 44.161857
51: 30.487283 42.275727
52: 31.330708 19.471030
53: 31.481572 49.326427
54: 31.683302 7.924529
55: 31.839785 5.478305
56: 34.379345 38.432611
57: 35.913457 29.754522
58: 36.945494 6.516708
59: 36.970990 35.854366
60: 37.096995 24.511083
61: 38.011885 38.954951
62: 38.299668 28.899818
63: 39.333465 25.287671
64: 39.414132 56.291697
65: 39.759572 32.022104
66: 40.404666 21.940204
67: 40.551345 41.987056
68: 40.727404 15.568717
69: 41.628690 36.860828
70: 41.635322 27.536208
71: 41.681469 6.532048
72: 42.835185 50.810281
73: 43.426139 39.293403
74: 44.562498 22.969991
75: 44.786531 12.214707
76: 44.943299 0.000883
77: 45.310745 42.359471
78: 45.751270 56.414902
79: 46.042803 45.128905
80: 46.667301 51.853874
81: 46.915329 10.502858
82: 46.995072 8.360716
83: 48.805333 50.887684
84: 48.946018 46.771525
85: 50.238543 36.585976
86: 50.549538 38.664469
87: 50.696075 53.618622
88: 51.101972 27.268552
89: 52.049618 21.755114
90: 52.215839 6.319528
91: 52.298245 48.417499
92: 53.091052 30.351472
93: 53.440234 44.134442
94: 54.029118 16.409079
95: 54.807228 13.208874
96: 55.335402 45.546753
97: 55.933332 7.701669
98: 56.057006 10.861838
99: 56.647499 27.342471
Edges
(0,14)
(0,18)
(1,2)
(2,3)
(2,5)
(4,7)
(5,6)
(5,18)
(6,7)
(7,18)
(8,9)
(8,11)
(8,18)
(8,19)
(9,16)
(9,20)
(9,33)
(9,38)
(10,45)
(10,76)
(11,16)
(11,27)
(12,32)
(13,18)
(14,27)
(15,21)
(15,22)
(15,24)
(15,27)
(15,33)
(15,54)
(17,19)
(21,44)
(22,27)
(23,33)
(24,28)
(24,29)
(24,42)
(24,43)
(25,28)
(25,31)
(25,34)
(26,27)
(28,30)
(32,38)
(32,54)
(35,36)
(36,37)
(36,42)
(36,43)
(36,46)
(36,47)
(36,49)
(36,51)
(36,54)
(39,41)
(39,46)
(39,64)
(40,46)
(43,50)
(43,53)
(44,54)
(45,95)
(45,97)
(48,52)
(48,60)
(49,72)
(49,80)
(51,87)
(52,66)
(54,66)
(55,58)
(55,68)
(55,85)
(55,93)
(56,60)
(56,62)
(56,65)
(56,66)
(56,67)
(56,70)
(57,60)
(59,61)
(59,77)
(59,84)
(61,67)
(61,79)
(61,83)
(63,66)
(64,78)
(65,73)
(65,93)
(67,87)
(68,74)
(68,75)
(68,88)
(68,92)
(69,73)
(71,82)
(71,95)
(72,87)
(73,84)
(79,83)
(79,87)
(81,89)
(81,92)
(81,95)
(82,97)
(84,91)
(85,86)
(86,92)
(90,97)
(93,94)
(93,96)
(94,96)
(95,98)
(96,99)
