Nodes: 100
Protection radius: 1.000000
Disaster radius: 0.500000
0: 0.126795 31.321620
1: 0.207575 18.348892
2: 0.492920 5.301296
3: 0.841066 10.088301
4: 1.132037 24.228375
5: 2.110691 35.388206
6: 2.332578 48.354269
7: 3.477691 11.411209
8: 4.841344 8.179663
9: 4.984518 20.303213
10: 5.022773 23.823194
11: 5.048278 39.238580
12: 5.285755 14.684661
13: 5.389830 54.359130
14: 5.983472 41.983931
15: 7.950151 18.332584
16: 8.785336 46.018979
17: 9.206512 40.342073
18: 9.595381 6.774193
19: 9.678871 30.245470
20: 10.753531 14.235144
21: 10.999721 21.246532
22: 12.075489 16.769465
23: 12.659045 0.244666
24: 13.103107 56.556724
25: 13.348066 46.903299
26: 13.411240 20.678592
27: 14.144324 48.750168
28: 14.479810 37.959601
29: 14.730550 53.811740
30: 14.912672 0.539227
31: 15.174501 23.412577
32: 15.254935 51.153343
33: 15.905503 40.709129
34: 15.928399 25.500884
35: 18.059864 6.092392
36: 18.579392 8.601934
37: 18.798894 36.441022
38: 19.166559 54.787289
39: 19.387032 19.593622
40: 20.344332 34.132372
41: 21.368773 44.026935
42: 22.731438 31.106405
43: 22.785099 38.526817
44: 23.233880 1.936857
45: 23.263313 40.911538
46: 23.682603 52.109930
47: 24.314472 5.444245
48: 24.505682 29.315734
49: 25.090956 54.536546
50: 25.978580 44.403067
51: 27.773285 52.550191
52: 28.242302 10.964423
53: 28.843597 24.395636
54: 28.846617 6.684112
55: 29.696333 40.633146
56: 29.850425 0.836013
57: 29.993351 16.315818
58: 31.658412 3.111154
59: 31.917668 7.545006
60: 32.163572 47.304830
61: 32.391922 49.346287
62: 35.589185 1.558811
63: 35.760889 51.573309
64: 35.850090 45.468442
65: 36.968683 9.434677
66: 37.169693 49.159909
67: 37.247637 15.743448
68: 37.448085 21.499136
69: 38.008157 1.556432
70: 38.795614 29.525332
71: 39.543656 22.680700
72: 40.463674 50.640357
73: 40.506352 56.671731
74: 41.855021 26.711571
75: 42.312260 23.669669
76: 44.361769 0.735745
77: 44.501787 14.487639
78: 44.619484 36.753885
79: 45.141559 16.617777
80: 45.551968 39.227143
81: 46.199326 10.412603
82: 47.483322 56.143206
83: 47.514317 29.605759
84: 47.595650 26.015181
85: 47.600272 42.816220
86: 48.642151 17.672068
87: 49.418059 33.731159
88: 51.418154 57.005505
89: 51.492002 4.829300
90: 52.164161 23.983908
91: 52.352937 20.261656
92: 52.502336 11.149369
93: 53.886676 4.472187
94: 54.247534 48.928541
95: 54.409752 45.844939
96: 54.431963 9.415008
97: 56.196736 26.087458
98: 56.432865 30.101979
99: 56.677245 19.653434
Edges
(0,6)
(0,10)
(0,19)
(1,2)
(1,3)
(1,4)
(1,7)
(2,18)
(2,23)
(3,7)
(3,8)
(4,9)
(5,6)
(5,11)
(5,19)
(6,11)
(6,13)
(8,12)
(8,20)
(9,15)
(9,21)
(10,19)
(10,21)
(11,19)
(12,15)
(13,16)
(13,24)
(13,29)
(14,16)
(14,17)
(16,17)
(16,27)
(17,25)
(18,36)
(19,28)
(19,34)
(22,36)
(23,30)
(23,56)
(24,38)
(24,49)
(24,73)
(24,88)
(25,41)
(26,39)
(27,41)
(30,44)
(31,39)
(32,38)
(33,37)
(34,40)
(34,42)
(34,48)
(35,47)
(36,47)
(37,40)
(37,43)
(38,46)
(39,48)
(39,52)
(39,53)
(39,57)
(43,55)
(45,55)
(46,50)
(48,53)
(49,73)
(50,60)
(51,61)
(51,63)
(52,54)
(52,57)
(52,59)
(53,57)
(53,68)
(53,70)
(54,56)
(56,69)
(57,65)
(57,67)
(58,59)
(58,62)
(59,62)
(60,66)
(61,63)
(61,66)
(63,73)
(64,66)
(64,78)
(64,80)
(64,85)
(65,67)
(65,76)
(65,81)
(66,72)
(67,71)
(67,79)
(68,70)
(68,71)
(69,76)
(70,74)
(70,78)
(71,79)
(72,73)
(72,82)
(72,85)
(73,88)
(74,75)
(74,83)
(74,84)
(77,79)
(77,86)
(78,80)
(78,83)
(78,87)
(80,85)
(80,87)
(81,92)
(82,94)
(83,87)
(83,90)
(83,98)
(84,90)
(84,91)
(85,87)
(87,95)
(87,98)
(89,93)
(90,97)
(90,98)
(92,99)
(93,96)
(94,98)
(96,99)
(97,98)
(97,99)
