Nodes: 20
Protection radius: 1.000000
Disaster radius: 0.500000
0: 0.345825 0.711153
1: 1.204374 14.020610
2: 1.382134 9.629691
3: 1.595302 2.555406
4: 3.228580 0.304192
5: 3.548597 10.855500
6: 3.722326 8.595657
7: 4.544305 14.170419
8: 5.007295 1.677043
9: 5.443657 11.872496
10: 5.654333 4.194990
11: 8.249832 7.898607
12: 9.307982 1.339244
13: 10.129093 14.931323
14: 10.780324 4.208343
15: 13.419821 9.656055
16: 13.922057 6.574684
17: 14.115851 1.166920
18: 14.424070 4.060167
19: 14.594353 14.751638
Edges
(0,7)
(1,2)
(1,7)
(3,4)
(4,5)
(4,13)
(5,6)
(5,7)
(5,13)
(6,9)
(8,10)
(8,11)
(8,17)
(10,11)
(11,13)
(11,14)
(11,19)
(12,17)
(13,19)
(14,16)
(14,18)
(15,19)
