Nodes: 100
Protection radius: 1.000000
Disaster radius: 0.500000
0: 0.181315 41.613082
1: 1.734744 47.368049
2: 3.055280 36.931958
3: 3.669564 3.475548
4: 4.692030 29.539000
5: 5.212999 1.873399
6: 5.462393 50.428345
7: 5.971768 36.194955
8: 6.231039 43.854132
9: 6.335017 13.545647
10: 7.228314 28.842196
11: 7.583218 31.063649
12: 7.916544 8.082703
13: 8.764224 16.815738
14: 9.091711 3.019690
15: 9.908774 5.967845
16: 10.115189 42.108661
17: 10.336512 51.152239
18: 10.414470 9.006255
19: 10.441984 38.822448
20: 10.584282 33.554628
21: 10.968049 47.008144
22: 11.792028 16.673023
23: 11.904911 52.732300
24: 13.295763 22.404466
25: 13.760458 32.036091
26: 13.842005 5.352875
27: 14.163977 16.896491
28: 15.188704 29.194814
29: 15.870966 4.830237
30: 18.379148 11.239691
31: 18.714785 2.156318
32: 18.912941 51.160048
33: 19.135627 15.398740
34: 19.750485 47.341599
35: 20.044895 23.110209
36: 20.350529 37.175334
37: 20.572179 31.342385
38: 20.957184 3.879631
39: 21.859508 17.254422
40: 22.641204 39.523545
41: 23.083390 22.388862
42: 23.233934 33.405760
43: 23.420944 26.685545
44: 23.421766 49.273295
45: 24.676581 5.323739
46: 24.894662 29.658906
47: 25.494029 34.728613
48: 26.355747 26.295692
49: 26.410865 53.899543
50: 27.842068 51.708694
51: 27.888661 39.530129
52: 28.286928 43.981502
53: 29.572448 34.803435
54: 29.903650 0.338187
55: 30.139497 22.489193
56: 30.792377 3.588994
57: 31.868082 49.880716
58: 32.295231 17.558094
59: 32.471275 4.922297
60: 33.177622 48.331823
61: 34.017515 27.983179
62: 34.679639 56.598970
63: 34.835821 19.525869
64: 35.203061 33.484348
65: 35.626751 25.760072
66: 36.833526 13.944167
67: 36.978938 42.330940
68: 38.243920 38.682031
69: 38.641134 9.918629
70: 39.625242 44.406970
71: 39.630537 18.604179
72: 39.677565 31.540228
73: 40.622396 38.881465
74: 41.635539 28.591644
75: 42.040517 44.346508
76: 44.645451 26.537062
77: 44.684695 35.036224
78: 45.360783 31.023446
79: 45.697655 7.476541
80: 46.316325 28.671094
81: 47.030958 32.148700
82: 47.200307 38.897673
83: 47.596984 15.701877
84: 48.368671 19.630779
85: 48.536384 56.487955
86: 49.295081 22.987533
87: 50.361289 49.268832
88: 50.970712 10.688429
89: 51.531711 55.087435
90: 51.960772 32.250448
91: 52.793317 22.895747
92: 53.708371 6.276742
93: 54.187625 14.491645
94: 54.296413 36.150277
95: 54.851596 54.640276
96: 55.807609 33.299605
97: 56.202699 24.696966
98: 57.779174 10.948670
99: 57.904887 40.772449
Edges
(0,8)
(1,6)
(2,4)
(2,7)
(3,4)
(3,9)
(3,14)
(4,13)
(5,14)
(5,31)
(5,54)
(6,17)
(6,21)
(8,19)
(9,12)
(10,11)
(10,24)
(15,18)
(16,19)
(16,21)
(16,34)
(16,36)
(18,30)
(19,20)
(19,25)
(20,25)
(21,32)
(22,27)
(23,32)
(23,62)
(24,27)
(24,28)
(24,35)
(26,30)
(27,35)
(28,35)
(29,38)
(30,39)
(31,38)
(31,54)
(32,44)
(33,39)
(35,37)
(36,37)
(36,40)
(36,42)
(36,47)
(37,43)
(38,45)
(38,54)
(39,41)
(41,55)
(44,52)
(45,59)
(46,48)
(46,61)
(48,61)
(49,50)
(50,57)
(51,53)
(53,61)
(54,59)
(54,79)
(54,92)
(55,58)
(55,65)
(56,59)
(57,62)
(58,59)
(58,63)
(59,66)
(60,62)
(60,67)
(61,65)
(62,70)
(62,85)
(63,65)
(63,66)
(63,71)
(64,68)
(64,72)
(65,72)
(65,74)
(66,71)
(67,73)
(69,71)
(69,79)
(69,83)
(70,73)
(70,75)
(71,74)
(71,76)
(71,83)
(72,74)
(73,77)
(74,78)
(74,80)
(75,82)
(75,87)
(77,78)
(77,82)
(78,81)
(82,99)
(83,88)
(84,91)
(85,95)
(86,90)
(87,89)
(87,99)
(88,98)
(89,95)
(90,96)
(90,97)
(91,97)
(93,97)
(94,96)
(95,99)
(97,98)
