Nodes: 20
Protection radius: 1.000000
Disaster radius: 0.500000
0: 0.420735 5.879989
1: 1.145563 17.938095
2: 1.473872 1.326178
3: 1.674362 11.836017
4: 3.186777 6.285165
5: 3.689737 8.418900
6: 5.420037 18.084737
7: 6.188765 11.287408
8: 7.234600 2.563340
9: 9.782212 15.832099
10: 10.711318 11.618780
11: 11.198045 3.077453
12: 11.421565 18.291378
13: 12.355287 7.826191
14: 13.215024 3.657333
15: 14.585237 1.895949
16: 15.097777 13.879218
17: 16.715405 9.375542
18: 18.293981 17.524786
19: 18.699796 7.416971
Edges
(0,1)
(0,2)
(0,4)
(1,6)
(2,8)
(3,6)
(3,7)
(4,8)
(5,8)
(5,13)
(6,7)
(6,9)
(6,12)
(8,15)
(9,16)
(10,17)
(11,14)
(12,16)
(12,18)
(13,14)
(16,17)
(16,18)
(17,19)
