Nodes: 60
Protection radius: 1.000000
Disaster radius: 0.500000
0: 0.137390 12.105453
1: 1.097005 18.882005
2: 1.915112 3.439529
3: 3.039520 10.409461
4: 3.422602 28.395303
5: 3.950111 20.791902
6: 4.466557 23.553727
7: 5.004713 4.369709
8: 6.752104 0.323622
9: 7.002585 7.649703
10: 8.182652 35.500712
11: 8.417692 10.952695
12: 8.789588 8.909694
13: 9.974098 23.136172
14: 10.291344 16.410866
15: 10.595948 0.985421
16: 11.542515 5.871759
17: 11.711477 30.249352
18: 12.521245 34.884099
19: 12.837521 15.616323
20: 14.405411 3.176911
21: 15.315536 7.920536
22: 16.836344 29.961719
23: 17.064737 17.616376
24: 17.188858 2.082782
25: 17.720365 31.864207
26: 18.740239 20.500077
27: 18.823501 9.645295
28: 18.839438 27.352881
29: 19.052286 17.973314
30: 20.021890 32.515180
31: 20.285378 36.559803
32: 20.472383 6.767670
33: 22.217088 35.600914
34: 22.483455 21.841056
35: 22.514915 0.739516
36: 22.541082 14.960834
37: 22.826477 33.015174
38: 23.334106 8.365604
39: 23.940948 17.416207
40: 24.284391 31.530031
41: 24.706001 1.940580
42: 25.476899 27.264331
43: 26.167326 36.858234
44: 26.531709 3.440870
45: 26.533900 20.866413
46: 27.032278 7.089625
47: 27.254833 18.081311
48: 28.441605 28.890075
49: 30.796920 15.444067
50: 31.034155 3.478551
51: 32.023178 8.099590
52: 32.881339 17.778804
53: 32.980708 31.314038
54: 32.998211 35.009047
55: 33.949072 11.276962
56: 34.888216 16.521312
57: 35.683746 33.079403
58: 35.860115 36.507998
59: 35.906973 9.642948
Edges
(0,2)
(1,4)
(2,4)
(2,5)
(3,9)
(3,12)
(3,13)
(3,17)
(5,18)
(6,18)
(7,8)
(8,19)
(8,23)
(10,18)
(11,18)
(11,28)
(11,30)
(11,31)
(14,22)
(15,16)
(15,20)
(16,32)
(16,39)
(16,44)
(16,51)
(17,18)
(18,22)
(19,28)
(21,38)
(23,39)
(24,41)
(25,31)
(26,42)
(27,36)
(28,42)
(29,34)
(31,37)
(33,42)
(34,48)
(34,54)
(35,50)
(36,39)
(38,47)
(40,43)
(40,54)
(41,44)
(44,46)
(44,59)
(45,54)
(47,49)
(49,52)
(50,59)
(51,52)
(51,58)
(52,54)
(53,58)
(55,56)
(55,59)
(57,59)
