Nodes: 20
Protection radius: 1.000000
Disaster radius: 0.500000
0: 0.656176 14.726026
1: 0.819567 10.889518
2: 1.205977 0.427150
3: 1.333551 4.384052
4: 3.147227 0.927005
5: 3.694220 11.749962
6: 4.373211 3.882727
7: 4.617343 6.248485
8: 7.050219 3.916766
9: 7.068369 12.884122
10: 8.383047 1.361607
11: 9.549708 4.069605
12: 9.966948 13.881744
13: 10.905725 11.197841
14: 11.241031 7.740529
15: 12.092554 0.530320
16: 13.010943 10.277209
17: 13.774248 4.495852
18: 13.796964 13.243928
19: 14.773061 1.899750
Edges
(0,2)
(0,9)
(1,2)
(1,3)
(1,8)
(1,14)
(1,15)
(1,16)
(1,17)
(3,4)
(3,10)
(4,10)
(5,9)
(5,13)
(6,7)
(6,8)
(9,16)
(9,18)
(11,17)
(12,18)
(13,16)
(16,19)
