Nodes: 100
Protection radius: 1.000000
Disaster radius: 0.500000
0: 0.316232 16.071888
1: 0.385007 20.007608
2: 0.905898 2.505570
3: 1.172024 5.257550
4: 1.995595 44.234301
5: 2.792382 9.995474
6: 3.037119 48.095048
7: 3.047633 22.585581
8: 3.849858 37.825904
9: 3.938125 3.466947
10: 5.233078 7.541991
11: 6.111912 22.845110
12: 6.369517 50.040591
13: 6.377148 42.766966
14: 6.432544 9.232071
15: 6.760165 18.933340
16: 7.909235 31.381587
17: 7.954863 27.071031
18: 9.601142 36.817859
19: 9.612076 18.078768
20: 9.759579 34.237698
21: 11.469815 53.583930
22: 12.238583 23.588171
23: 13.015014 18.398569
24: 13.158202 51.500066
25: 14.109678 20.193446
26: 14.591928 29.813926
27: 15.031135 12.489060
28: 15.133712 42.776980
29: 15.301343 6.016654
30: 15.896221 37.290944
31: 15.947958 25.670201
32: 16.473669 3.504116
33: 16.970489 17.664531
34: 17.419639 53.759270
35: 17.695038 11.059249
36: 19.127344 26.271543
37: 19.860488 0.054394
38: 20.052728 49.052159
39: 20.192321 17.866124
40: 20.811749 43.240940
41: 22.240859 14.064099
42: 23.331016 34.150587
43: 23.584826 43.154311
44: 25.013913 10.875586
45: 25.030036 46.033829
46: 25.140586 13.038644
47: 25.493369 21.697651
48: 26.349225 28.188219
49: 26.483016 55.418711
50: 28.123176 15.978289
51: 28.224762 11.370433
52: 28.467350 33.196901
53: 29.079675 20.704652
54: 29.385992 7.145172
55: 29.743203 48.947246
56: 29.792928 26.276880
57: 29.879254 31.123370
58: 30.290728 46.157126
59: 31.347137 44.142032
60: 33.503120 26.571081
61: 33.813535 6.128221
62: 33.852691 34.426026
63: 34.499273 31.623730
64: 34.606962 13.931084
65: 34.774534 50.554920
66: 35.154725 2.156474
67: 35.624226 20.944597
68: 37.007308 30.475116
69: 37.474136 44.975896
70: 37.704644 28.226561
71: 38.287038 15.015576
72: 38.570776 42.056426
73: 38.940947 39.145571
74: 39.640356 44.617408
75: 39.974584 5.035661
76: 41.000211 29.241723
77: 41.382870 37.374580
78: 41.845550 10.282403
79: 42.255436 44.862168
80: 42.664458 27.961326
81: 43.963945 49.165081
82: 44.909428 42.571668
83: 45.397009 46.648480
84: 46.266987 14.698867
85: 47.057975 34.033842
86: 47.954448 20.067768
87: 48.188293 31.973034
88: 48.905201 49.603691
89: 48.970019 24.360423
90: 49.001640 13.097521
91: 49.806960 5.382780
92: 50.158686 20.893100
93: 50.595372 40.050364
94: 50.659201 0.880645
95: 51.379473 46.850182
96: 52.843275 23.087515
97: 53.804194 15.773118
98: 54.005636 4.527897
99: 54.433633 13.697704
Edges
(0,1)
(0,2)
(0,3)
(1,15)
(2,3)
(2,9)
(3,10)
(4,6)
(5,10)
(6,21)
(7,15)
(8,13)
(8,18)
(9,29)
(9,32)
(9,37)
(11,15)
(11,17)
(12,13)
(12,21)
(13,24)
(14,29)
(16,20)
(17,22)
(18,20)
(18,28)
(19,27)
(20,26)
(21,34)
(22,31)
(23,33)
(24,28)
(24,34)
(24,38)
(25,31)
(25,33)
(26,31)
(27,29)
(28,30)
(28,38)
(30,40)
(32,37)
(33,36)
(33,39)
(34,49)
(35,41)
(36,47)
(37,66)
(37,94)
(39,50)
(40,45)
(41,46)
(41,50)
(42,43)
(42,48)
(43,52)
(44,46)
(46,51)
(48,56)
(48,57)
(49,81)
(50,53)
(52,59)
(54,61)
(54,64)
(54,66)
(55,58)
(55,65)
(56,57)
(56,60)
(57,60)
(57,63)
(58,59)
(59,69)
(59,72)
(59,73)
(60,68)
(62,68)
(62,73)
(63,68)
(64,67)
(64,71)
(65,81)
(66,94)
(68,70)
(68,77)
(69,81)
(70,80)
(71,84)
(72,73)
(72,74)
(73,77)
(73,82)
(75,94)
(76,77)
(76,80)
(77,82)
(77,85)
(78,84)
(78,90)
(79,81)
(79,82)
(80,86)
(80,89)
(81,83)
(81,88)
(82,83)
(82,93)
(83,88)
(86,97)
(87,93)
(91,94)
(91,99)
(92,97)
(93,95)
(95,96)
(96,97)
(98,99)
