Nodes: 180
Protection radius: 1.000000
Disaster radius: 0.500000
0: 0.169501 78.575424
1: 0.895062 28.066905
2: 1.261021 10.276183
3: 1.697381 34.144387
4: 2.074851 17.589559
5: 2.371282 91.738412
6: 2.721673 61.484811
7: 3.299162 22.298757
8: 4.008051 26.733851
9: 4.555134 88.119004
10: 5.362157 5.737529
11: 5.386605 53.619939
12: 5.518598 62.314911
13: 5.647644 90.674940
14: 5.988908 27.492255
15: 6.341694 74.700300
16: 6.842160 60.292697
17: 7.319821 10.840073
18: 7.438054 2.213812
19: 8.287089 6.201465
20: 9.124821 68.324637
21: 9.502982 56.490431
22: 9.851723 78.096957
23: 10.448851 25.320394
24: 10.708414 0.037061
25: 12.730218 85.766797
26: 13.436817 13.497900
27: 14.351646 63.144438
28: 14.760847 33.605131
29: 15.314290 87.347162
30: 16.141852 89.928842
31: 16.453520 62.376880
32: 16.694362 43.537769
33: 17.754271 69.448601
34: 18.290841 90.756712
35: 18.590123 81.115825
36: 18.698663 87.742901
37: 18.915597 76.299848
38: 19.325580 30.319368
39: 19.616728 95.617685
40: 19.870518 39.850255
41: 20.284430 42.598092
42: 20.614449 14.160743
43: 21.086208 81.512844
44: 21.511813 36.180808
45: 22.026028 51.490672
46: 22.520465 70.532807
47: 22.897470 87.118146
48: 24.718939 24.196144
49: 25.453015 51.098528
50: 25.530634 59.081957
51: 26.090068 37.206438
52: 26.359860 42.434986
53: 27.955762 90.709925
54: 28.223479 6.723883
55: 28.502682 35.178005
56: 29.728367 65.077952
57: 31.126194 45.649088
58: 31.228877 22.279315
59: 31.481800 2.753597
60: 32.354822 80.470878
61: 33.045579 70.022036
62: 33.754769 31.720424
63: 33.891651 66.578082
64: 33.975897 59.321746
65: 34.128298 37.398043
66: 34.996588 46.585163
67: 35.353483 78.313988
68: 35.520216 75.069851
69: 35.711690 2.331872
70: 35.869214 42.895709
71: 36.677800 55.453490
72: 37.079494 33.854590
73: 37.173650 92.419348
74: 37.864637 90.228032
75: 38.736160 52.033523
76: 38.831086 19.519837
77: 39.135825 84.150094
78: 39.611856 87.699548
79: 40.246968 27.172696
80: 40.359013 4.027335
81: 40.889721 7.898020
82: 41.093954 82.377698
83: 41.826420 44.600183
84: 42.542586 87.902062
85: 44.080545 64.588033
86: 44.790449 14.564802
87: 45.576417 39.224132
88: 45.699443 6.349106
89: 45.955689 55.483429
90: 47.139844 33.896123
91: 47.482621 76.704203
92: 48.290206 12.855586
93: 49.153506 48.375371
94: 49.412840 66.661353
95: 49.477408 3.754591
96: 49.681904 39.976962
97: 50.488767 19.371725
98: 52.783355 3.187467
99: 53.101908 13.519528
100: 53.190091 47.959793
101: 53.989372 5.074673
102: 54.251326 27.675345
103: 55.576491 62.640843
104: 55.593443 35.427904
105: 56.557506 4.367464
106: 56.955129 89.444908
107: 57.210259 1.849458
108: 57.377389 66.900141
109: 57.625724 87.296905
110: 58.290993 47.787907
111: 60.017923 56.319568
112: 61.171658 7.394447
113: 62.269424 75.712497
114: 62.415546 5.070595
115: 62.847936 10.892163
116: 63.377443 56.642825
117: 64.047287 33.582071
118: 65.068509 86.569827
119: 65.170649 4.114194
120: 66.285397 37.000398
121: 66.627256 67.374211
122: 66.828890 43.827620
123: 67.029167 0.976234
124: 67.117839 53.258259
125: 67.183022 64.418505
126: 67.399769 85.093270
127: 68.202004 22.294191
128: 68.830459 56.025877
129: 69.145251 73.984488
130: 69.564148 46.858265
131: 70.143251 69.666181
132: 70.186621 31.042737
133: 70.811569 57.160434
134: 71.056560 27.351089
135: 71.231705 40.643558
136: 72.306124 51.954470
137: 72.518663 17.827916
138: 72.995516 47.616409
139: 73.784863 45.302691
140: 74.248660 79.199990
141: 74.496701 66.646410
142: 76.405066 58.945630
143: 76.664499 10.331201
144: 77.142900 80.174920
145: 77.332536 65.705282
146: 77.752247 76.041763
147: 79.598489 65.238010
148: 80.788614 25.257123
149: 81.578673 19.517453
150: 81.753993 68.402526
151: 82.103874 40.850915
152: 82.308239 71.697415
153: 82.341323 91.997790
154: 82.411948 88.201097
155: 82.567625 3.657037
156: 86.154791 33.411630
157: 86.869043 36.053700
158: 87.360586 25.347796
159: 88.098926 67.439790
160: 88.595791 28.680097
161: 88.892928 70.924653
162: 89.413919 89.731868
163: 89.628776 93.960760
164: 90.385999 34.061152
165: 91.199941 26.302991
166: 91.668435 75.970891
167: 92.263378 93.337413
168: 92.474732 36.357032
169: 92.723836 90.304557
170: 92.940020 39.245472
171: 93.470194 78.453431
172: 93.664817 18.823422
173: 94.071045 31.455209
174: 94.648489 86.054989
175: 94.728901 20.836852
176: 94.960534 72.890594
177: 94.999437 46.676996
178: 95.537152 78.557397
179: 95.894781 38.315391
Edges
(0,5)
(0,6)
(0,9)
(1,7)
(2,4)
(2,17)
(2,18)
(3,14)
(3,32)
(4,17)
(4,26)
(6,11)
(7,14)
(7,23)
(7,26)
(8,14)
(9,13)
(9,22)
(9,25)
(10,17)
(10,18)
(10,19)
(11,16)
(12,16)
(12,27)
(13,25)
(14,28)
(15,20)
(15,22)
(16,27)
(17,19)
(17,26)
(18,19)
(18,24)
(19,26)
(21,27)
(21,31)
(21,32)
(21,45)
(22,35)
(23,28)
(23,42)
(27,31)
(28,38)
(28,40)
(29,30)
(29,36)
(30,34)
(31,33)
(31,45)
(32,40)
(32,41)
(32,45)
(33,46)
(35,37)
(35,43)
(36,43)
(38,48)
(39,53)
(40,44)
(40,51)
(41,45)
(41,52)
(42,48)
(43,46)
(43,47)
(44,55)
(46,60)
(46,61)
(47,53)
(47,60)
(48,55)
(48,58)
(48,62)
(49,50)
(49,52)
(49,57)
(49,64)
(49,71)
(51,55)
(52,65)
(54,58)
(54,59)
(54,76)
(54,81)
(55,62)
(55,65)
(56,61)
(56,64)
(57,65)
(57,66)
(57,71)
(58,62)
(58,79)
(60,68)
(63,85)
(65,70)
(65,72)
(66,71)
(66,83)
(67,68)
(67,77)
(68,82)
(68,85)
(69,80)
(69,81)
(70,83)
(70,87)
(71,75)
(72,79)
(72,87)
(72,90)
(73,84)
(73,153)
(73,163)
(74,78)
(74,84)
(75,89)
(76,79)
(76,97)
(80,95)
(81,88)
(82,84)
(82,91)
(83,93)
(84,106)
(85,91)
(85,94)
(86,97)
(87,90)
(87,96)
(88,95)
(89,93)
(89,100)
(89,103)
(90,96)
(90,104)
(91,94)
(91,108)
(91,113)
(92,95)
(92,97)
(92,99)
(92,101)
(93,96)
(93,100)
(94,103)
(96,100)
(96,104)
(96,110)
(97,102)
(98,101)
(98,105)
(98,107)
(100,111)
(101,105)
(101,112)
(102,117)
(105,112)
(106,109)
(106,153)
(107,114)
(107,123)
(108,121)
(110,120)
(111,124)
(113,121)
(113,126)
(114,115)
(115,119)
(116,124)
(116,128)
(117,127)
(117,132)
(118,126)
(120,135)
(121,125)
(121,131)
(122,124)
(123,143)
(123,155)
(124,130)
(126,129)
(126,153)
(127,137)
(129,131)
(129,140)
(130,136)
(131,141)
(131,146)
(132,134)
(132,135)
(132,148)
(133,136)
(133,141)
(133,142)
(135,139)
(135,151)
(136,138)
(137,143)
(137,149)
(138,151)
(139,151)
(141,142)
(141,145)
(141,152)
(142,159)
(142,177)
(143,149)
(144,154)
(146,152)
(146,166)
(147,159)
(149,155)
(149,158)
(150,152)
(151,156)
(151,157)
(151,170)
(152,159)
(152,161)
(152,166)
(153,162)
(154,166)
(155,172)
(156,157)
(157,170)
(158,160)
(158,165)
(158,172)
(159,161)
(161,166)
(161,176)
(162,163)
(162,167)
(162,169)
(163,167)
(164,168)
(165,173)
(166,171)
(167,174)
(168,170)
(168,179)
(170,177)
(170,179)
(175,179)
(176,178)
(177,178)
