Nodes: 20
Protection radius: 1.000000
Disaster radius: 0.500000
0: 1.822765 5.932284
1: 1.949393 2.093750
2: 2.222134 14.457819
3: 2.318579 9.890210
4: 2.381871 16.595818
5: 3.763658 11.866162
6: 6.616594 12.949846
7: 7.231846 2.292888
8: 8.035223 5.713051
9: 8.686085 7.638060
10: 10.018308 10.914438
11: 10.407665 0.397163
12: 10.435421 15.005385
13: 11.434574 7.426618
14: 12.786296 9.358626
15: 13.959913 1.470644
16: 14.292494 7.277596
17: 15.669263 13.322125
18: 15.758790 8.838728
19: 16.628319 6.277367
Edges
(0,1)
(0,7)
(2,7)
(2,10)
(2,12)
(3,7)
(4,12)
(5,7)
(5,8)
(5,18)
(6,10)
(9,14)
(9,18)
(10,12)
(11,13)
(11,15)
(14,18)
(15,19)
(16,19)
(17,19)
(18,19)
