Nodes: 100
Protection radius: 1.000000
Disaster radius: 0.500000
0: 0.180723 6.376203
1: 0.957820 40.677753
2: 0.974062 18.208452
3: 0.975729 9.637465
4: 2.662060 42.581052
5: 2.775470 3.011188
6: 3.238467 16.677546
7: 3.894633 6.902870
8: 4.119681 36.874523
9: 5.619839 48.398830
10: 6.565639 1.453015
11: 6.632352 15.160514
12: 7.099550 44.324781
13: 7.312222 18.235362
14: 7.497108 40.169694
15: 9.533233 9.420654
16: 9.904400 44.172835
17: 9.957599 49.563639
18: 9.960372 6.076159
19: 13.506938 31.467109
20: 13.970754 39.282128
21: 14.115681 7.473336
22: 14.289654 1.698556
23: 15.391442 16.683107
24: 15.541488 22.185026
25: 15.565283 29.462145
26: 15.686458 36.187700
27: 16.323524 44.423875
28: 16.324573 18.787537
29: 16.690425 33.998578
30: 17.022158 8.692414
31: 17.331572 42.007834
32: 18.022360 21.297422
33: 18.540998 52.096210
34: 19.503302 32.352843
35: 19.908487 35.213131
36: 19.971024 26.228973
37: 20.348482 17.554715
38: 21.333035 0.425002
39: 22.610028 20.444254
40: 22.735754 50.432574
41: 23.630874 12.569852
42: 23.846170 35.822545
43: 24.331189 2.803673
44: 24.522802 41.536074
45: 26.323556 25.888051
46: 27.012012 30.730424
47: 27.246420 16.323804
48: 27.671148 4.071052
49: 27.959358 38.301943
50: 28.289962 33.959694
51: 29.354676 42.544835
52: 29.529795 50.546228
53: 30.524086 33.328356
54: 31.019497 23.594505
55: 31.184224 31.302326
56: 32.562631 15.746006
57: 32.890858 8.073612
58: 33.427172 20.220526
59: 33.587521 28.781158
60: 34.313514 11.307715
61: 34.448600 0.132207
62: 35.364032 42.650105
63: 35.472296 52.067639
64: 35.838348 9.456645
65: 36.017753 22.278773
66: 36.931529 30.308854
67: 37.073791 11.644649
68: 37.439286 45.321631
69: 37.980529 43.186639
70: 38.428582 47.842113
71: 38.804036 13.427866
72: 38.865597 36.860749
73: 39.105135 10.702556
74: 39.213744 18.887886
75: 39.892247 3.920634
76: 40.103277 50.917783
77: 41.108302 23.966038
78: 41.353843 8.596593
79: 41.505770 13.155822
80: 41.622153 5.331004
81: 42.931287 19.288086
82: 43.174608 16.943299
83: 43.240943 10.303561
84: 44.347859 29.922250
85: 44.931848 38.127196
86: 45.453838 52.720683
87: 46.281402 44.048421
88: 46.673227 12.622433
89: 47.201449 37.353108
90: 48.084669 41.021614
91: 48.657212 30.604756
92: 49.774620 9.718717
93: 50.018509 47.069242
94: 50.354995 39.655287
95: 50.454502 19.546023
96: 50.659975 25.853220
97: 51.254791 33.413802
98: 52.449273 6.687108
99: 52.740835 23.668115
Edges
(0,1)
(0,3)
(1,23)
(1,24)
(2,5)
(2,60)
(4,8)
(5,7)
(5,11)
(5,15)
(6,11)
(6,41)
(8,24)
(8,32)
(9,14)
(9,25)
(9,26)
(9,29)
(9,39)
(9,47)
(9,64)
(10,18)
(12,32)
(13,60)
(15,18)
(15,30)
(16,20)
(17,42)
(17,46)
(17,75)
(18,21)
(18,22)
(19,39)
(20,26)
(23,28)
(23,47)
(23,60)
(27,40)
(31,42)
(33,52)
(33,70)
(33,94)
(34,75)
(35,56)
(35,67)
(36,47)
(37,47)
(38,48)
(38,60)
(40,72)
(43,48)
(43,57)
(44,51)
(44,72)
(45,75)
(46,49)
(46,50)
(46,53)
(46,55)
(46,66)
(46,79)
(52,76)
(52,86)
(52,93)
(54,79)
(55,72)
(58,78)
(58,80)
(59,65)
(60,75)
(61,75)
(61,98)
(62,69)
(63,86)
(65,77)
(67,80)
(68,93)
(69,84)
(71,78)
(73,78)
(74,77)
(74,81)
(74,94)
(77,84)
(78,79)
(78,82)
(80,88)
(82,94)
(83,97)
(84,85)
(85,89)
(87,94)
(88,95)
(88,97)
(90,94)
(91,94)
(92,95)
(96,97)
(97,99)
