Nodes: 100
Protection radius: 1.000000
Disaster radius: 0.500000
0: 0.006769 3.352591
1: 0.392928 13.510244
2: 0.710436 16.295746
3: 1.130261 0.256484
4: 3.249324 14.834711
5: 4.172350 36.370489
6: 4.723911 49.230891
7: 4.886018 28.321590
8: 5.085626 40.325556
9: 5.600964 43.688043
10: 6.071186 3.760052
11: 7.242847 41.271719
12: 7.336255 35.932096
13: 7.847726 20.181186
14: 8.132138 33.965688
15: 8.448020 8.508063
16: 8.527257 28.115757
17: 8.570980 22.525292
18: 9.730581 17.957681
19: 10.163674 48.581644
20: 11.117700 36.075894
21: 12.259994 24.360092
22: 12.406931 20.065493
23: 12.810627 34.291862
24: 13.243209 39.046840
25: 13.453545 31.508102
26: 13.741660 6.736899
27: 14.441783 43.539471
28: 14.649597 27.782313
29: 15.250978 22.504901
30: 16.188573 9.715947
31: 17.023836 6.724290
32: 17.027707 28.996197
33: 17.700580 4.535880
34: 17.986543 11.124469
35: 18.336060 14.673976
36: 18.510307 35.201802
37: 19.346653 19.577005
38: 20.109852 8.270773
39: 20.288149 41.476666
40: 20.385727 33.511917
41: 20.449753 45.286771
42: 20.861461 23.912902
43: 21.558756 49.270567
44: 21.737537 38.403175
45: 22.261054 42.040510
46: 22.569327 5.695010
47: 22.929597 2.348057
48: 23.265267 34.694682
49: 23.679778 31.469626
50: 25.369317 8.004278
51: 25.943502 37.560273
52: 26.301295 16.432344
53: 26.305777 18.618562
54: 26.338492 21.014986
55: 26.708597 29.729493
56: 27.080312 14.305622
57: 28.220302 11.873886
58: 28.409106 33.628936
59: 28.689249 22.971489
60: 28.989293 4.790287
61: 29.035041 40.288504
62: 30.477891 11.358082
63: 30.504523 48.471079
64: 31.710584 43.477010
65: 32.468669 33.154404
66: 33.462989 21.240113
67: 33.602578 4.688007
68: 34.399520 14.879807
69: 34.649078 18.556631
70: 34.894029 8.069449
71: 35.249490 41.380359
72: 36.005506 10.958087
73: 36.391039 0.070402
74: 36.592004 3.211747
75: 37.616857 39.780047
76: 38.023174 50.067684
77: 38.255411 10.749902
78: 39.058310 6.423665
79: 39.428486 16.162250
80: 39.546317 44.151373
81: 39.578069 0.728091
82: 40.395958 30.451823
83: 41.541964 14.883846
84: 41.935546 22.137512
85: 42.352021 32.775153
86: 42.656386 25.503203
87: 42.953350 7.704885
88: 43.280071 20.526978
89: 43.540099 41.992003
90: 43.758446 12.828248
91: 44.049322 10.715098
92: 44.133235 47.311869
93: 45.652769 31.227552
94: 47.006655 35.248298
95: 48.109255 0.603466
96: 48.432103 31.140307
97: 49.175707 19.353422
98: 49.656294 25.777546
99: 49.874033 28.279374
Edges
(0,1)
(0,3)
(1,2)
(2,6)
(2,7)
(4,18)
(5,8)
(6,8)
(7,16)
(7,17)
(8,9)
(8,11)
(8,12)
(10,26)
(11,19)
(13,22)
(14,25)
(15,26)
(16,21)
(16,28)
(17,22)
(18,22)
(18,30)
(18,35)
(19,43)
(20,23)
(22,37)
(23,36)
(24,27)
(25,28)
(25,32)
(26,30)
(26,31)
(26,33)
(27,39)
(29,42)
(30,38)
(32,36)
(32,42)
(34,38)
(35,52)
(35,56)
(37,54)
(39,41)
(40,48)
(41,43)
(42,49)
(42,55)
(42,59)
(44,48)
(45,61)
(46,50)
(47,60)
(48,49)
(48,51)
(50,57)
(53,59)
(53,66)
(53,69)
(56,57)
(57,62)
(58,65)
(60,67)
(61,71)
(62,68)
(62,70)
(63,64)
(64,80)
(65,71)
(66,82)
(66,84)
(67,73)
(68,79)
(70,78)
(71,75)
(72,79)
(73,95)
(74,78)
(75,82)
(76,92)
(77,83)
(77,87)
(78,81)
(79,88)
(80,89)
(81,95)
(82,93)
(85,94)
(86,99)
(87,95)
(88,97)
(89,92)
(89,94)
(90,91)
(90,97)
(93,96)
(94,99)
(97,99)
(98,99)
