Nodes: 180
Protection radius: 1.000000
Disaster radius: 0.500000
0: 0.089176 52.902748
1: 1.049335 19.291692
2: 1.727641 25.046673
3: 2.102857 59.575352
4: 2.277504 47.108360
5: 2.511563 78.773084
6: 2.751599 44.100925
7: 2.800663 0.665621
8: 3.343140 20.657460
9: 4.427603 2.111778
10: 4.434569 70.513474
11: 5.138736 83.005502
12: 5.860111 4.599918
13: 6.705113 44.884120
14: 7.087771 69.245251
15: 7.389254 90.545257
16: 7.567786 26.186302
17: 8.927830 75.633524
18: 8.944388 6.839780
19: 8.953767 64.904265
20: 9.243453 60.686280
21: 10.109251 17.666518
22: 10.347309 70.322026
23: 10.920551 31.804851
24: 11.700596 7.280177
25: 11.720714 36.513433
26: 12.072907 68.046718
27: 13.124463 20.958663
28: 13.282435 56.669996
29: 13.455938 54.550003
30: 13.632402 52.196413
31: 13.885883 61.472652
32: 15.421424 34.545572
33: 17.049396 42.620693
34: 17.175488 75.367404
35: 18.170253 21.610057
36: 18.363487 26.955879
37: 19.163515 49.738217
38: 19.543702 36.199643
39: 21.400696 44.328000
40: 21.403470 64.084315
41: 22.441589 53.493519
42: 23.442049 17.704457
43: 23.444116 8.730781
44: 24.235967 37.262993
45: 25.200079 68.118766
46: 25.852334 11.754431
47: 25.944741 47.780602
48: 26.059250 75.438324
49: 26.628000 43.282225
50: 27.629853 64.081337
51: 27.960005 83.090213
52: 28.351242 68.385817
53: 28.890234 13.710808
54: 29.706207 16.163939
55: 31.350108 17.788723
56: 32.380071 48.938597
57: 32.535117 81.977490
58: 33.872029 76.304775
59: 34.350339 90.405133
60: 34.490751 50.574188
61: 34.646921 39.167570
62: 35.690749 46.521494
63: 37.133451 35.539640
64: 37.395812 78.495951
65: 37.805467 54.500745
66: 39.139641 67.570676
67: 39.270346 37.642647
68: 39.385107 77.559262
69: 40.057711 7.493126
70: 40.668298 79.589341
71: 41.802108 85.572104
72: 42.652943 16.814176
73: 43.116239 33.627612
74: 43.322455 50.385138
75: 43.510701 43.943056
76: 44.124475 78.704806
77: 44.637216 53.334689
78: 45.702475 42.139053
79: 45.717850 65.093456
80: 46.186998 6.641434
81: 47.399464 62.841993
82: 47.422976 52.642193
83: 47.993127 76.564499
84: 48.192274 5.287280
85: 49.419142 54.422888
86: 49.900850 31.809064
87: 50.211877 13.084044
88: 50.524618 41.495150
89: 50.742360 74.182179
90: 50.802884 85.069050
91: 50.997322 63.800731
92: 51.134788 18.558004
93: 52.277463 51.535413
94: 52.307881 55.039711
95: 52.390072 14.873570
96: 53.278101 1.179282
97: 53.693407 33.309513
98: 54.841987 4.944274
99: 54.880878 29.870849
100: 55.053902 76.047142
101: 55.612542 81.127922
102: 56.200651 3.365952
103: 56.761073 23.803247
104: 57.524537 41.109507
105: 60.002889 24.948486
106: 60.015614 2.787731
107: 60.425826 44.062446
108: 60.517758 15.273298
109: 60.915101 12.320960
110: 61.308601 28.764269
111: 62.353266 36.375737
112: 63.951248 56.177275
113: 64.384780 72.592828
114: 64.600516 8.627602
115: 64.897084 45.627802
116: 65.481925 23.165812
117: 65.569886 78.242406
118: 65.724645 84.367547
119: 67.321046 80.838338
120: 67.812504 47.877720
121: 67.837167 55.891322
122: 68.262791 76.082146
123: 68.447962 30.334147
124: 68.712339 67.811496
125: 69.685249 15.360043
126: 70.418363 83.444938
127: 70.430917 7.650299
128: 70.778587 18.025266
129: 70.940889 45.404543
130: 71.277652 52.334351
131: 71.893950 41.153346
132: 72.042858 63.105742
133: 72.679731 35.582660
134: 73.215867 8.183408
135: 74.097636 0.548358
136: 74.277203 78.606388
137: 74.956355 45.522029
138: 75.739291 75.100929
139: 76.392343 27.886108
140: 76.710549 13.018721
141: 76.896788 56.636086
142: 77.243086 69.774425
143: 77.622941 82.222189
144: 79.140177 73.875857
145: 79.565738 64.070121
146: 79.642952 43.098465
147: 80.220459 35.724024
148: 80.288568 46.690164
149: 80.718166 40.371623
150: 80.830217 61.139856
151: 81.104689 65.462526
152: 81.306623 81.065368
153: 82.076457 85.113588
154: 82.614435 45.976604
155: 82.661839 3.755830
156: 83.314272 53.834865
157: 83.816931 1.776097
158: 83.831710 82.143697
159: 84.200697 29.942285
160: 84.502023 49.082423
161: 84.593614 9.371566
162: 85.727840 24.806434
163: 86.503139 46.853841
164: 86.524949 69.403662
165: 87.233990 20.936978
166: 87.247148 5.476937
167: 87.471753 80.349396
168: 88.073792 74.764539
169: 88.383876 55.013214
170: 88.597297 68.175141
171: 88.911950 82.687522
172: 88.983477 60.137977
173: 89.470616 46.064511
174: 89.503007 57.779663
175: 89.720962 22.841740
176: 89.839060 34.439514
177: 89.995874 90.571627
178: 90.894232 24.843459
179: 90.936322 87.917988
Edges
(0,1)
(0,5)
(0,10)
(1,7)
(2,3)
(2,7)
(3,7)
(3,20)
(3,29)
(3,38)
(3,39)
(3,44)
(3,54)
(3,72)
(3,92)
(3,114)
(4,13)
(4,16)
(4,21)
(5,22)
(5,26)
(6,7)
(6,8)
(7,8)
(7,21)
(7,80)
(9,12)
(9,80)
(10,14)
(10,26)
(10,28)
(10,29)
(10,31)
(11,22)
(11,26)
(12,18)
(12,69)
(12,92)
(13,21)
(13,23)
(15,17)
(15,48)
(15,57)
(15,177)
(17,26)
(17,40)
(17,41)
(17,66)
(18,21)
(18,24)
(19,28)
(19,41)
(23,24)
(23,35)
(24,92)
(25,32)
(26,31)
(26,41)
(27,42)
(27,53)
(28,37)
(28,41)
(28,49)
(28,63)
(28,109)
(30,37)
(30,49)
(30,114)
(32,36)
(32,54)
(33,54)
(34,48)
(34,66)
(35,36)
(35,42)
(36,42)
(40,45)
(40,52)
(40,79)
(43,127)
(44,72)
(46,72)
(47,81)
(48,66)
(50,79)
(51,58)
(51,66)
(53,54)
(55,72)
(56,65)
(59,66)
(59,70)
(59,163)
(59,177)
(60,62)
(61,63)
(61,85)
(61,109)
(62,65)
(62,74)
(62,81)
(62,82)
(64,66)
(64,68)
(67,73)
(67,85)
(67,86)
(68,70)
(68,79)
(68,83)
(68,112)
(68,121)
(68,130)
(70,76)
(71,90)
(71,100)
(71,113)
(71,118)
(71,143)
(71,153)
(71,156)
(71,163)
(73,86)
(73,109)
(74,82)
(75,103)
(75,109)
(76,83)
(77,81)
(77,82)
(78,88)
(79,130)
(79,137)
(79,146)
(80,96)
(80,102)
(81,85)
(81,105)
(81,114)
(81,120)
(83,154)
(83,176)
(84,102)
(87,95)
(88,99)
(88,109)
(89,154)
(90,143)
(91,112)
(92,95)
(93,104)
(93,116)
(94,107)
(97,108)
(97,114)
(98,127)
(98,155)
(100,132)
(101,119)
(101,122)
(101,143)
(101,158)
(104,107)
(104,116)
(104,120)
(104,125)
(104,134)
(104,159)
(104,162)
(104,165)
(105,125)
(105,127)
(105,134)
(106,135)
(106,155)
(108,109)
(110,116)
(110,125)
(111,134)
(111,139)
(113,132)
(115,120)
(117,119)
(117,122)
(117,136)
(117,152)
(120,133)
(121,130)
(122,124)
(123,128)
(123,139)
(124,136)
(124,138)
(126,143)
(127,134)
(127,155)
(128,155)
(129,131)
(129,146)
(129,149)
(131,147)
(132,138)
(132,177)
(133,176)
(134,155)
(135,157)
(137,146)
(138,158)
(139,140)
(139,166)
(141,156)
(142,144)
(142,156)
(143,158)
(144,145)
(144,151)
(144,164)
(144,167)
(144,172)
(145,150)
(145,151)
(146,149)
(147,149)
(148,154)
(150,151)
(150,172)
(155,157)
(155,161)
(155,166)
(156,160)
(156,169)
(156,174)
(159,162)
(162,175)
(162,178)
(163,173)
(164,172)
(165,175)
(167,168)
(167,177)
(168,170)
(168,172)
(168,174)
(171,174)
(173,174)
(173,177)
(176,179)
(177,179)
