Nodes: 100
Protection radius: 1.000000
Disaster radius: 0.500000
0: 0.010169 56.851480
1: 0.994414 28.680891
2: 1.146532 52.862039
3: 1.741650 47.221768
4: 2.451209 9.466307
5: 2.605133 41.732804
6: 3.254236 32.759127
7: 3.452298 23.006865
8: 4.438381 3.818121
9: 4.998313 44.140683
10: 5.049171 31.024460
11: 5.067247 10.877867
12: 5.275991 56.915988
13: 5.288301 21.608944
14: 6.031971 33.963678
15: 6.709192 53.517759
16: 7.845716 25.239743
17: 8.203400 49.275723
18: 8.330709 14.089193
19: 8.524067 20.406188
20: 8.851954 5.670586
21: 9.290295 56.959591
22: 9.984742 44.571982
23: 9.984846 53.368725
24: 10.107565 37.444344
25: 10.855518 7.666675
26: 11.211854 21.702188
27: 11.826911 35.780976
28: 12.014979 4.361922
29: 12.318649 15.302798
30: 12.870004 55.257890
31: 12.981662 18.306597
32: 13.547144 39.539499
33: 14.754286 42.477644
34: 15.967807 47.293951
35: 16.270173 34.552229
36: 16.498886 21.394071
37: 16.636344 29.497602
38: 17.643023 17.979975
39: 17.664078 9.610957
40: 18.530551 50.588065
41: 19.029873 13.901125
42: 19.097055 44.420794
43: 19.537401 55.925786
44: 19.647588 16.810204
45: 19.746302 47.503510
46: 21.814539 1.336221
47: 21.925766 43.083207
48: 23.336905 29.093468
49: 24.708441 13.559862
50: 25.611260 21.389238
51: 26.348828 17.576230
52: 26.784098 39.225357
53: 27.194053 35.096846
54: 27.210378 24.373047
55: 27.688070 14.951621
56: 28.153598 21.319418
57: 28.734968 12.120880
58: 30.481817 38.776175
59: 31.611646 6.659216
60: 31.842610 10.773890
61: 32.571522 37.559742
62: 32.905200 15.127167
63: 34.839211 40.975637
64: 34.879281 3.597741
65: 36.285263 11.205457
66: 36.695046 38.567274
67: 37.233160 48.542285
68: 37.765337 46.068247
69: 37.978604 52.338674
70: 39.073436 27.100738
71: 40.142898 35.219481
72: 41.386716 0.205594
73: 42.454339 57.457358
74: 42.703071 35.268658
75: 42.757867 43.809931
76: 43.336782 38.422231
77: 43.533017 21.273734
78: 43.964585 40.741197
79: 44.957839 27.778832
80: 45.073832 15.958238
81: 45.897289 12.016895
82: 46.104073 33.720041
83: 46.105824 7.236408
84: 47.073832 51.415344
85: 47.340361 24.714835
86: 47.400413 42.985172
87: 47.804175 4.010270
88: 48.585279 13.121184
89: 48.915299 46.114241
90: 50.819509 12.680765
91: 51.112072 44.809330
92: 52.079680 29.612347
93: 53.237650 24.253194
94: 53.835515 56.090669
95: 54.109370 5.143329
96: 56.389431 48.023468
97: 57.369793 0.840640
98: 57.390692 28.595772
99: 57.489775 32.274993
Edges
(0,1)
(0,3)
(0,12)
(1,4)
(1,7)
(1,10)
(2,3)
(3,5)
(3,15)
(4,8)
(5,9)
(5,24)
(6,14)
(8,20)
(8,28)
(11,13)
(12,73)
(13,18)
(14,24)
(16,19)
(16,37)
(17,23)
(18,25)
(18,29)
(19,26)
(19,31)
(21,30)
(22,32)
(22,33)
(23,30)
(25,28)
(26,36)
(27,32)
(27,37)
(30,34)
(30,43)
(34,40)
(35,37)
(35,47)
(35,52)
(35,53)
(36,38)
(38,44)
(39,41)
(39,46)
(41,44)
(42,47)
(43,45)
(43,73)
(45,47)
(46,59)
(48,53)
(49,51)
(50,51)
(51,55)
(51,62)
(52,67)
(53,54)
(53,61)
(54,70)
(56,62)
(57,62)
(58,63)
(59,60)
(60,65)
(62,70)
(63,67)
(63,68)
(64,72)
(65,80)
(66,68)
(66,71)
(66,76)
(69,73)
(71,74)
(72,83)
(73,84)
(75,78)
(76,78)
(76,86)
(77,80)
(77,85)
(79,82)
(81,83)
(81,88)
(82,91)
(82,92)
(83,87)
(83,90)
(83,95)
(84,94)
(85,93)
(86,89)
(89,91)
(89,96)
(90,93)
(92,99)
(95,97)
(97,98)
