Nodes: 20
Protection radius: 1.000000
Disaster radius: 0.500000
0: 0.996245 12.490001
1: 1.411979 6.593474
2: 1.559089 1.712879
3: 2.756649 3.976069
4: 3.094307 9.432259
5: 3.484500 6.220601
6: 4.335732 0.540380
7: 4.600061 11.941388
8: 6.038829 6.299505
9: 6.593825 4.166490
10: 7.032504 12.208597
11: 7.118378 0.981931
12: 7.492639 9.446544
13: 9.065507 7.063521
14: 9.183902 4.768828
15: 10.281328 11.318225
16: 10.930911 2.622853
17: 10.946902 0.471455
18: 11.485612 6.053445
19: 12.544135 10.183850
Edges
(0,2)
(0,10)
(1,3)
(1,5)
(2,3)
(4,7)
(4,12)
(6,11)
(6,17)
(8,12)
(9,14)
(10,12)
(10,15)
(13,14)
(14,16)
(15,19)
(16,18)
(17,18)
(18,19)
