Nodes: 60
Protection radius: 1.000000
Disaster radius: 0.500000
0: 0.220195 19.296010
1: 0.619236 32.903880
2: 1.204736 12.250278
3: 1.217392 21.748008
4: 1.708336 37.186159
5: 2.092910 34.570820
6: 2.700640 28.905698
7: 2.871068 6.476940
8: 4.325207 8.312473
9: 4.360215 32.793109
10: 4.425899 19.863506
11: 5.278263 5.556856
12: 5.279405 26.637042
13: 6.090429 17.084222
14: 7.123442 25.633683
15: 7.272380 6.050942
16: 7.831826 32.568293
17: 9.903442 24.173637
18: 10.986318 12.993312
19: 11.134344 1.916196
20: 12.446325 29.333710
21: 12.721785 10.557668
22: 13.551633 27.497516
23: 14.171631 22.624114
24: 14.285354 3.777324
25: 14.851798 17.965005
26: 15.710811 1.165248
27: 15.747811 8.810852
28: 17.849901 32.799236
29: 18.091273 15.768175
30: 18.508622 9.233109
31: 18.600582 35.141895
32: 19.028791 23.447108
33: 22.178256 35.883275
34: 22.525887 7.027187
35: 22.546723 10.738157
36: 25.413488 37.304572
37: 25.526856 17.503459
38: 26.051815 20.262060
39: 26.683676 0.477532
40: 26.736569 24.644741
41: 27.946787 34.467411
42: 28.018453 2.313105
43: 28.210270 6.969260
44: 29.387565 27.248270
45: 30.601663 34.202686
46: 30.805862 4.972653
47: 32.193898 14.453600
48: 33.069211 16.527003
49: 34.089865 21.738048
50: 34.174940 35.186958
51: 34.373117 25.049324
52: 34.710539 17.781158
53: 35.367934 10.583490
54: 35.738078 26.972623
55: 36.099836 32.873164
56: 36.419992 20.223055
57: 36.464608 15.352585
58: 37.803953 8.886485
59: 37.845817 28.114128
Edges
(0,16)
(1,5)
(2,16)
(3,5)
(4,31)
(4,36)
(4,50)
(5,6)
(5,41)
(5,50)
(6,16)
(7,19)
(8,15)
(8,19)
(8,22)
(9,28)
(10,13)
(11,19)
(12,16)
(13,22)
(14,20)
(16,20)
(16,40)
(16,52)
(17,22)
(18,22)
(19,23)
(19,27)
(20,32)
(20,46)
(21,25)
(24,26)
(25,46)
(26,27)
(27,30)
(27,34)
(27,43)
(27,46)
(28,44)
(28,45)
(28,50)
(29,46)
(30,35)
(32,48)
(33,50)
(34,42)
(37,53)
(38,52)
(39,42)
(45,51)
(45,55)
(47,53)
(47,57)
(49,52)
(52,54)
(54,56)
(55,58)
(55,59)
(57,58)
