Nodes: 60
Protection radius: 1.000000
Disaster radius: 0.500000
0: 0.204059 20.516397
1: 0.277392 3.825618
2: 0.424280 16.314215
3: 1.441241 35.280058
4: 1.919955 9.093702
5: 2.092173 30.492946
6: 2.145733 12.655003
7: 2.430807 3.657112
8: 2.835962 23.443205
9: 3.029015 16.390772
10: 4.773336 4.008898
11: 6.988551 20.619194
12: 7.001530 34.517817
13: 8.865600 14.083199
14: 11.038195 18.479209
15: 11.170211 3.881421
16: 11.328924 1.721039
17: 11.571444 34.192243
18: 12.535475 23.628876
19: 12.874680 11.753204
20: 13.236304 26.033286
21: 13.554809 19.545346
22: 14.306882 29.136415
23: 14.550500 33.379215
24: 16.151220 8.608485
25: 16.661203 0.605072
26: 16.919287 22.112998
27: 17.590179 18.987182
28: 17.727671 27.877107
29: 17.915481 6.174651
30: 18.035254 32.556871
31: 18.669869 13.581281
32: 18.823551 3.650957
33: 19.210548 11.562866
34: 19.901776 9.502461
35: 20.276450 34.508097
36: 20.710250 15.730961
37: 21.846167 8.216465
38: 23.712959 25.972955
39: 23.827222 6.555546
40: 23.849907 9.673389
41: 24.088082 20.125127
42: 24.501887 22.318864
43: 25.938616 31.780789
44: 28.838687 34.954541
45: 29.010763 15.156260
46: 29.880127 33.245725
47: 30.009426 27.154666
48: 30.288887 17.403559
49: 31.195579 29.800390
50: 31.341784 35.417007
51: 32.051690 26.952250
52: 33.230667 20.915723
53: 34.143903 35.150622
54: 34.361202 10.128953
55: 34.715929 26.842357
56: 34.814290 14.875240
57: 35.126989 7.561263
58: 35.377954 3.040240
59: 35.790964 28.747110
Edges
(0,9)
(1,16)
(2,6)
(2,9)
(3,50)
(4,10)
(5,8)
(6,13)
(7,16)
(8,11)
(9,11)
(10,13)
(12,22)
(13,15)
(13,19)
(14,21)
(15,16)
(15,25)
(17,22)
(17,35)
(18,20)
(19,21)
(19,24)
(19,33)
(20,26)
(21,26)
(22,23)
(22,28)
(25,32)
(26,27)
(26,38)
(26,41)
(29,34)
(29,37)
(30,38)
(31,33)
(33,34)
(33,36)
(35,44)
(36,45)
(37,40)
(38,43)
(39,58)
(42,47)
(42,48)
(42,52)
(43,44)
(43,46)
(45,54)
(45,56)
(49,51)
(50,53)
(51,55)
(51,59)
(52,55)
(53,59)
(54,57)
(56,59)
(58,59)
