Nodes: 180
Protection radius: 1.000000
Disaster radius: 0.500000
0: 0.037824 75.111677
1: 0.961124 52.416003
2: 1.124573 63.692422
3: 1.127320 12.945784
4: 1.341859 78.861744
5: 1.815372 2.796326
6: 3.205951 18.987812
7: 3.852184 44.433214
8: 6.891163 8.842366
9: 7.076022 56.456825
10: 7.701691 87.963181
11: 8.070691 1.488861
12: 8.117278 52.930209
13: 8.122037 69.661947
14: 8.961637 55.003101
15: 9.239714 82.524911
16: 9.794872 90.242714
17: 10.328857 58.846671
18: 10.373819 3.982281
19: 10.622095 62.196628
20: 10.676628 10.155848
21: 11.142844 29.335272
22: 11.170559 74.708746
23: 13.462484 43.539686
24: 13.785938 18.499302
25: 14.342906 39.500132
26: 14.965760 64.421320
27: 15.131822 84.177563
28: 16.303451 59.662997
29: 16.430805 72.471973
30: 16.576156 42.122668
31: 17.114639 86.913922
32: 17.350611 20.844543
33: 17.405841 30.177532
34: 17.863239 39.636435
35: 18.860477 15.898460
36: 19.025917 77.132782
37: 19.690162 18.463413
38: 19.690533 47.219803
39: 19.854043 38.502479
40: 19.890456 20.751127
41: 19.903681 58.112282
42: 20.325627 89.270096
43: 20.937746 34.525440
44: 22.481181 59.042305
45: 22.577217 54.191106
46: 22.712698 73.316827
47: 22.972692 31.941936
48: 23.414863 37.697109
49: 24.115977 79.760221
50: 24.136715 11.145802
51: 24.742423 2.300478
52: 25.098266 14.010352
53: 25.487590 70.523521
54: 25.521849 55.052647
55: 25.860944 86.487958
56: 26.401863 23.836303
57: 27.876617 21.732755
58: 28.609815 46.946659
59: 28.911188 41.849594
60: 28.912356 32.956827
61: 29.282719 54.523509
62: 30.449028 3.792073
63: 30.643208 53.027165
64: 31.426456 77.178804
65: 32.126454 41.457979
66: 32.238255 57.008811
67: 32.327796 54.804568
68: 32.678622 63.709241
69: 32.764714 89.728141
70: 32.892442 25.648281
71: 34.320011 79.389282
72: 35.165190 64.652291
73: 35.230620 83.758558
74: 35.916280 54.810185
75: 36.833932 67.094617
76: 37.597923 49.498138
77: 38.296484 33.991677
78: 39.749070 7.943004
79: 39.785546 86.729274
80: 40.037341 70.027263
81: 40.232534 0.279674
82: 40.635630 52.618757
83: 40.874362 18.311734
84: 40.902618 31.633586
85: 41.448583 47.258121
86: 42.070816 20.110712
87: 42.474747 13.453241
88: 43.087738 5.200346
89: 43.122928 90.717350
90: 43.818785 2.221565
91: 44.545646 35.625699
92: 45.066110 71.497771
93: 45.922075 55.825262
94: 46.039561 37.676237
95: 47.441918 92.541519
96: 47.488798 13.401532
97: 47.521966 66.634397
98: 47.620307 18.490383
99: 48.554102 60.873701
100: 48.709814 51.060407
101: 48.746074 6.012687
102: 48.785073 2.856221
103: 48.847801 83.464120
104: 50.078414 91.796352
105: 50.336107 37.045992
106: 50.571678 49.360375
107: 52.047282 11.082913
108: 52.436164 71.944943
109: 52.673398 38.198930
110: 52.994813 23.064619
111: 53.428558 56.166101
112: 55.041527 0.103444
113: 55.114966 33.992299
114: 55.391962 20.519693
115: 55.640720 57.900580
116: 55.684358 62.461505
117: 55.921101 90.986769
118: 55.951773 83.990355
119: 56.739949 32.803799
120: 57.952636 5.087230
121: 57.969816 30.551872
122: 58.301685 58.944124
123: 59.039852 62.929826
124: 59.886550 88.310058
125: 60.531166 66.087094
126: 60.802099 81.015339
127: 61.408379 61.929419
128: 62.774605 7.499654
129: 62.834378 0.222115
130: 63.391221 12.372748
131: 63.729922 40.248894
132: 63.795866 56.634509
133: 64.720865 32.454109
134: 65.269034 51.312258
135: 65.466343 21.487629
136: 65.986681 4.609408
137: 66.309209 92.721795
138: 67.571906 27.023757
139: 69.533009 0.174106
140: 70.785490 73.982139
141: 71.073342 4.914234
142: 71.467180 27.599942
143: 73.260546 65.972628
144: 73.279003 83.875004
145: 74.487916 77.292391
146: 74.896710 47.559790
147: 75.008656 36.154493
148: 75.153913 74.124723
149: 76.107179 11.049666
150: 76.173048 18.052791
151: 76.781157 21.915149
152: 76.952077 86.179215
153: 77.031795 27.222185
154: 79.740344 10.026736
155: 80.306692 65.220238
156: 80.452849 3.882848
157: 81.393239 80.824740
158: 81.432654 20.802578
159: 82.853599 0.542139
160: 83.208310 42.519569
161: 83.301805 26.766555
162: 83.482080 30.365544
163: 84.007623 56.168847
164: 85.104837 49.309506
165: 86.002793 38.510352
166: 86.554884 86.252387
167: 86.711370 4.951450
168: 87.506757 7.955747
169: 88.994779 90.002685
170: 89.035606 63.327916
171: 89.060155 58.501621
172: 89.365562 25.783183
173: 90.561556 30.940904
174: 91.160875 42.506356
175: 91.309183 47.109407
176: 91.856176 19.415828
177: 92.131547 11.808103
178: 92.263314 36.181922
179: 92.582685 40.605801
Edges
(0,13)
(0,22)
(1,3)
(1,9)
(2,13)
(4,22)
(5,8)
(6,7)
(6,24)
(7,12)
(7,21)
(7,23)
(8,20)
(9,19)
(10,15)
(11,18)
(12,38)
(13,26)
(14,28)
(15,27)
(16,31)
(16,42)
(16,95)
(17,19)
(18,51)
(19,26)
(19,28)
(20,24)
(20,35)
(21,32)
(25,34)
(25,43)
(26,29)
(27,31)
(27,36)
(27,49)
(28,41)
(29,46)
(30,38)
(31,55)
(32,37)
(33,43)
(34,39)
(35,50)
(37,57)
(38,48)
(40,56)
(43,47)
(43,48)
(44,54)
(44,68)
(45,58)
(46,49)
(48,59)
(49,64)
(50,52)
(51,62)
(52,62)
(52,78)
(52,83)
(53,64)
(54,61)
(54,63)
(55,71)
(56,57)
(56,60)
(58,59)
(58,76)
(61,67)
(63,74)
(65,76)
(65,77)
(66,68)
(69,73)
(69,79)
(69,89)
(69,95)
(70,86)
(72,74)
(72,99)
(74,82)
(75,97)
(77,84)
(77,91)
(78,81)
(80,92)
(81,88)
(81,90)
(83,86)
(83,87)
(83,98)
(84,110)
(85,100)
(89,103)
(90,102)
(91,105)
(92,97)
(93,100)
(93,111)
(94,109)
(95,137)
(96,98)
(97,108)
(98,107)
(99,111)
(99,115)
(101,107)
(103,104)
(103,108)
(105,109)
(106,109)
(106,111)
(108,126)
(109,131)
(110,113)
(111,134)
(112,139)
(114,121)
(114,130)
(115,122)
(115,132)
(116,122)
(116,125)
(117,118)
(117,137)
(118,124)
(119,121)
(119,131)
(120,130)
(121,135)
(122,127)
(123,127)
(128,136)
(129,136)
(130,149)
(131,133)
(131,147)
(132,143)
(132,146)
(136,141)
(137,169)
(138,142)
(139,141)
(140,143)
(140,144)
(141,149)
(141,156)
(142,153)
(143,163)
(144,157)
(145,157)
(147,153)
(147,162)
(148,155)
(149,154)
(150,151)
(151,158)
(152,157)
(153,158)
(153,161)
(155,163)
(156,159)
(157,166)
(158,176)
(160,165)
(160,175)
(162,165)
(163,171)
(164,175)
(165,173)
(167,177)
(168,177)
(169,170)
(169,175)
(172,173)
(174,175)
(176,178)
(177,179)
(178,179)
