Nodes: 100
Protection radius: 1.000000
Disaster radius: 0.500000
0: 0.392659 11.780942
1: 0.971874 2.608056
2: 1.031278 22.709962
3: 1.135115 51.869743
4: 1.236043 8.065741
5: 1.287320 38.715929
6: 1.777000 35.825539
7: 2.021309 29.691649
8: 3.715638 31.372139
9: 4.218897 55.468527
10: 4.837536 8.132117
11: 5.034079 52.703033
12: 5.103679 14.774448
13: 5.173718 26.755918
14: 5.504585 34.436919
15: 5.648737 37.652355
16: 5.754669 17.965139
17: 6.980196 43.360668
18: 8.553558 2.142265
19: 9.168061 42.740079
20: 9.759634 49.025045
21: 10.326215 21.679623
22: 11.322695 50.607465
23: 11.352936 40.464013
24: 12.220702 30.816380
25: 12.943091 19.123321
26: 14.033636 45.856163
27: 14.822703 23.259970
28: 14.958978 40.049081
29: 15.765690 30.621694
30: 15.831650 36.845171
31: 15.890759 1.361787
32: 16.057619 10.149158
33: 17.876066 49.229616
34: 18.173951 33.573015
35: 19.033233 12.083875
36: 19.186236 36.166689
37: 19.229676 14.370171
38: 20.538144 53.739819
39: 20.862844 25.867390
40: 20.954413 41.127564
41: 21.228391 2.256500
42: 21.716694 44.569005
43: 22.633024 19.934055
44: 23.256811 54.752716
45: 24.406394 30.819157
46: 24.964802 49.473758
47: 25.318019 37.944658
48: 25.341429 54.388035
49: 25.753066 18.720579
50: 27.097877 14.781616
51: 27.998060 53.317577
52: 28.607047 4.090444
53: 28.886240 32.419929
54: 29.098797 17.043971
55: 29.580337 19.932319
56: 30.517952 34.306623
57: 30.721816 8.604903
58: 31.596242 40.439146
59: 32.146532 55.958644
60: 32.740331 47.912222
61: 32.798165 6.321399
62: 32.836510 20.062657
63: 33.075657 8.703800
64: 34.264054 46.521405
65: 34.418962 28.155306
66: 34.684477 23.201697
67: 37.070491 54.534442
68: 37.744055 49.749085
69: 38.034240 0.041087
70: 40.719080 20.675159
71: 40.968315 53.944937
72: 41.024833 2.003152
73: 41.096875 31.357337
74: 41.166836 37.100827
75: 41.380434 5.121248
76: 42.210191 15.964987
77: 42.489351 0.212084
78: 42.592001 25.089545
79: 44.106789 7.901320
80: 44.176346 12.228217
81: 44.191988 50.184653
82: 46.161948 2.277399
83: 47.772457 22.363412
84: 48.021084 24.451324
85: 48.633551 18.138043
86: 48.737147 30.138520
87: 48.830465 14.890362
88: 50.072575 21.250985
89: 50.715901 27.213454
90: 51.969253 9.547550
91: 52.349439 3.437432
92: 52.352526 35.544240
93: 52.357141 42.312152
94: 52.588211 53.669821
95: 52.680619 19.478429
96: 53.919826 12.030484
97: 54.350864 45.634784
98: 54.823528 37.870589
99: 55.757858 52.419570
Edges
(0,2)
(0,10)
(1,4)
(1,18)
(2,5)
(2,16)
(3,17)
(5,6)
(6,7)
(6,15)
(8,13)
(9,59)
(10,18)
(11,22)
(12,16)
(12,25)
(13,21)
(14,23)
(14,24)
(16,21)
(17,19)
(17,20)
(18,32)
(19,20)
(20,26)
(22,33)
(22,38)
(23,26)
(25,37)
(26,28)
(26,33)
(26,42)
(27,29)
(27,39)
(27,43)
(28,40)
(29,34)
(30,36)
(31,32)
(31,41)
(31,69)
(32,35)
(32,37)
(33,38)
(34,36)
(35,37)
(35,52)
(35,57)
(36,47)
(38,44)
(38,46)
(39,45)
(39,49)
(39,55)
(40,42)
(41,69)
(44,46)
(44,59)
(46,48)
(50,54)
(51,59)
(51,60)
(52,69)
(53,65)
(54,55)
(54,57)
(54,62)
(54,63)
(55,66)
(56,73)
(57,61)
(57,63)
(58,64)
(59,60)
(59,94)
(60,67)
(60,68)
(62,76)
(63,75)
(64,68)
(65,66)
(66,70)
(67,68)
(68,81)
(70,78)
(70,83)
(71,94)
(72,77)
(72,82)
(73,74)
(73,78)
(74,81)
(75,80)
(76,80)
(78,83)
(79,80)
(79,82)
(80,87)
(81,94)
(82,90)
(82,91)
(83,84)
(83,88)
(85,87)
(86,92)
(87,90)
(87,95)
(87,96)
(89,92)
(90,91)
(90,96)
(91,96)
(92,93)
(92,98)
(93,97)
(95,96)
(96,98)
(97,99)
