Nodes: 100
Protection radius: 1.000000
Disaster radius: 0.500000
0: 1.925604 45.403503
1: 2.017454 13.790230
2: 2.455116 49.106467
3: 2.912551 3.457710
4: 3.834446 50.856473
5: 4.443985 36.080143
6: 4.774925 31.129444
7: 5.476682 4.576056
8: 5.594697 18.877760
9: 6.089528 7.302350
10: 7.013150 23.653576
11: 7.113144 34.243819
12: 7.177172 28.536331
13: 8.084809 41.376836
14: 8.159837 32.331860
15: 8.973666 48.963712
16: 9.059383 6.300385
17: 9.803734 46.187729
18: 10.878044 49.759199
19: 11.243739 38.355915
20: 11.278735 19.916591
21: 12.126852 26.652759
22: 12.327036 17.722756
23: 12.964814 33.159662
24: 13.157257 22.303863
25: 13.257972 45.811465
26: 13.386206 2.264277
27: 14.339615 24.312536
28: 14.435485 35.774325
29: 14.556308 18.561811
30: 15.974322 21.930586
31: 16.416163 46.458308
32: 16.499231 42.846519
33: 16.993340 12.662134
34: 18.485360 4.095017
35: 18.670668 17.515571
36: 18.820047 49.373277
37: 19.151303 6.215821
38: 19.663979 42.230988
39: 20.225039 31.639821
40: 20.515578 19.767679
41: 21.840487 41.086793
42: 22.388119 22.255964
43: 22.968476 46.203409
44: 23.575416 25.674933
45: 23.862696 28.899456
46: 23.977037 43.911645
47: 24.416729 23.229150
48: 24.515213 50.027076
49: 24.721560 4.519806
50: 24.883937 30.850884
51: 25.112471 1.644830
52: 25.388296 14.826077
53: 25.594225 34.039893
54: 26.081215 28.811838
55: 26.456978 10.557987
56: 26.918305 45.451010
57: 27.962449 13.862055
58: 29.692783 21.808570
59: 29.726166 29.949404
60: 30.406257 49.081767
61: 30.875773 40.958929
62: 31.407613 26.901391
63: 31.641169 37.052517
64: 32.799092 1.286063
65: 33.617923 23.361043
66: 33.787137 14.359131
67: 34.455799 44.249091
68: 34.525459 9.400638
69: 35.944974 29.565290
70: 37.282378 26.923826
71: 37.432162 35.202848
72: 37.689295 12.528794
73: 38.273838 46.440706
74: 38.996589 31.928640
75: 39.672239 16.353793
76: 40.227217 39.000937
77: 40.501010 49.916931
78: 40.726727 9.980252
79: 40.943266 22.261327
80: 41.479341 40.693488
81: 42.138811 3.100523
82: 42.330858 17.332830
83: 43.485270 36.122286
84: 43.794011 25.206360
85: 43.985589 18.886873
86: 44.297320 3.051884
87: 44.565191 32.618152
88: 44.641114 44.665585
89: 45.119779 5.088403
90: 46.193916 34.816129
91: 46.207828 50.873707
92: 46.593335 39.252390
93: 47.174749 7.133136
94: 48.589874 14.419224
95: 48.868434 41.024761
96: 49.685911 16.463878
97: 50.148869 34.045722
98: 50.360459 36.472269
99: 50.792295 11.863279
Edges
(0,1)
(0,2)
(0,5)
(0,6)
(0,13)
(1,3)
(1,6)
(1,9)
(2,4)
(3,7)
(4,91)
(5,13)
(6,8)
(6,14)
(8,10)
(8,22)
(10,12)
(10,20)
(10,24)
(11,14)
(11,19)
(11,23)
(12,21)
(13,19)
(14,21)
(14,23)
(15,17)
(16,22)
(16,37)
(17,18)
(18,25)
(18,36)
(19,25)
(19,28)
(19,32)
(20,24)
(20,29)
(21,39)
(24,27)
(24,29)
(25,31)
(25,32)
(26,37)
(26,51)
(27,39)
(27,44)
(28,32)
(28,38)
(28,41)
(29,30)
(31,36)
(33,35)
(33,37)
(34,37)
(36,43)
(37,49)
(38,41)
(38,43)
(39,45)
(39,50)
(40,42)
(40,52)
(41,61)
(43,48)
(43,56)
(44,47)
(44,54)
(46,56)
(46,61)
(47,52)
(47,54)
(47,58)
(48,56)
(48,60)
(48,77)
(49,55)
(49,64)
(49,68)
(50,53)
(50,54)
(50,59)
(51,64)
(54,58)
(54,59)
(54,62)
(55,57)
(55,68)
(56,61)
(57,58)
(58,62)
(58,65)
(58,66)
(59,62)
(59,69)
(60,73)
(61,63)
(62,70)
(63,69)
(63,71)
(64,81)
(65,70)
(65,79)
(66,75)
(67,76)
(68,78)
(69,71)
(71,74)
(71,76)
(71,83)
(72,75)
(73,77)
(73,80)
(73,88)
(76,80)
(77,88)
(77,91)
(78,93)
(78,94)
(79,82)
(80,83)
(80,92)
(81,89)
(82,85)
(83,92)
(84,87)
(84,97)
(86,99)
(88,95)
(89,93)
(90,92)
(90,97)
(92,98)
(93,94)
(93,99)
(94,99)
(95,98)
(96,97)
