Nodes: 180
Protection radius: 1.000000
Disaster radius: 0.500000
0: 0.592041 36.180689
1: 1.151387 23.710549
2: 2.540345 89.107269
3: 2.651575 40.378067
4: 3.506337 51.490409
5: 4.499101 10.573195
6: 4.558887 53.463407
7: 4.657765 35.338112
8: 5.577288 74.558051
9: 5.610549 17.950580
10: 5.679887 47.274922
11: 5.903060 86.753895
12: 6.549865 42.579032
13: 6.901886 88.714623
14: 7.334584 58.479397
15: 8.716985 92.229923
16: 9.179954 14.300925
17: 9.421469 27.214849
18: 10.439057 86.889872
19: 11.127619 20.886794
20: 12.846353 2.100294
21: 14.296381 4.890984
22: 14.389408 28.842965
23: 14.990146 65.684989
24: 16.087229 38.140653
25: 16.526986 10.108752
26: 16.617938 15.661063
27: 17.029980 44.362346
28: 17.064132 70.411847
29: 17.199219 83.227175
30: 17.274778 68.306293
31: 17.615597 31.097005
32: 18.495403 37.715772
33: 19.196000 81.654269
34: 19.558706 22.273362
35: 19.779948 66.007474
36: 19.919561 8.664167
37: 19.932330 77.531495
38: 20.914164 60.172744
39: 21.807287 75.442842
40: 22.257131 40.014556
41: 23.606618 82.898026
42: 23.636059 66.939818
43: 25.032675 94.551978
44: 26.012132 5.494457
45: 26.148396 75.415486
46: 26.170349 48.084157
47: 26.538082 82.242343
48: 27.121410 0.019204
49: 27.485340 94.501380
50: 27.793706 70.934860
51: 28.210762 64.895960
52: 29.100318 57.861802
53: 29.313351 54.842103
54: 29.945077 90.786295
55: 30.826802 88.786493
56: 30.885872 40.928005
57: 31.183434 43.041408
58: 32.335289 31.915192
59: 32.504532 64.677272
60: 32.635702 72.436727
61: 33.497653 78.382447
62: 33.794672 8.640946
63: 34.517103 81.158052
64: 34.795626 74.086372
65: 35.838109 96.578461
66: 36.503709 49.309697
67: 37.780442 59.989872
68: 37.897221 62.524994
69: 38.046465 37.283479
70: 39.762425 57.430731
71: 40.040443 32.367259
72: 40.335982 51.254772
73: 40.447743 70.752521
74: 41.280178 24.211881
75: 41.686202 2.879333
76: 41.822001 85.385680
77: 42.298754 5.389769
78: 42.832840 82.465964
79: 44.417426 10.390068
80: 44.539620 7.209674
81: 44.679080 93.900187
82: 45.876363 69.596996
83: 46.450124 82.842051
84: 48.431177 53.527607
85: 48.658533 57.423954
86: 48.688423 0.157458
87: 49.375217 96.588735
88: 49.616415 70.861934
89: 49.973097 8.300334
90: 50.201082 85.143512
91: 50.450313 35.637470
92: 53.185711 83.523526
93: 53.319264 33.545389
94: 53.605512 52.000274
95: 53.797803 42.675382
96: 53.884861 39.507663
97: 54.134583 22.385401
98: 54.419036 67.199945
99: 54.606849 19.813562
100: 55.853722 32.147159
101: 55.927093 40.548797
102: 56.031375 50.479500
103: 57.709031 1.275406
104: 57.888730 63.295839
105: 58.663271 38.201980
106: 59.027447 85.769630
107: 59.589308 67.339210
108: 60.435056 70.215691
109: 61.309108 57.463825
110: 61.589396 32.499733
111: 62.178652 91.385954
112: 62.569133 46.588129
113: 64.642394 47.352412
114: 66.435117 86.151297
115: 66.592591 30.828113
116: 67.872667 92.469531
117: 68.270379 35.559535
118: 68.303652 6.728294
119: 69.160459 42.658346
120: 69.430638 78.176733
121: 69.786943 16.166959
122: 71.009062 18.526240
123: 71.667655 90.634018
124: 71.731723 46.807856
125: 72.168741 78.430494
126: 73.900024 73.482189
127: 74.487979 9.412714
128: 74.995122 40.023620
129: 75.282633 60.968890
130: 75.580764 23.593336
131: 75.650821 69.605874
132: 75.799686 30.658816
133: 76.325289 15.619961
134: 76.348160 58.920069
135: 76.627582 43.450141
136: 77.352759 53.813268
137: 77.492949 26.209934
138: 78.218434 64.595681
139: 78.234219 62.460494
140: 78.350619 42.057172
141: 79.555288 22.503784
142: 79.630556 19.415421
143: 80.584625 44.128634
144: 80.830911 28.762716
145: 80.983181 68.327787
146: 81.174374 13.869922
147: 81.679676 78.198238
148: 82.420511 22.219391
149: 82.979606 39.616000
150: 83.422269 19.565688
151: 83.679579 9.168638
152: 83.966577 61.076912
153: 84.183898 66.170938
154: 85.498550 17.180015
155: 85.524238 5.486226
156: 85.721384 72.166744
157: 86.134917 82.634065
158: 86.193447 94.076167
159: 86.644125 55.119088
160: 86.892242 64.740703
161: 86.900837 52.229175
162: 86.934896 45.220694
163: 87.050523 19.910428
164: 87.813531 75.339100
165: 88.538251 63.442731
166: 88.699417 70.926558
167: 90.659425 80.391158
168: 90.806188 86.121131
169: 91.968043 9.854458
170: 92.248352 17.755800
171: 92.252795 42.507143
172: 92.526306 73.610703
173: 93.207260 21.642593
174: 93.208222 34.077510
175: 93.835736 59.745132
176: 93.941726 1.063640
177: 94.608134 8.236737
178: 96.425625 89.549143
179: 96.746192 1.500613
Edges
(0,3)
(0,4)
(0,30)
(1,42)
(2,6)
(2,8)
(3,14)
(3,29)
(3,33)
(5,16)
(5,17)
(6,29)
(7,30)
(8,49)
(9,38)
(9,42)
(10,23)
(10,37)
(11,13)
(11,18)
(11,49)
(12,30)
(13,15)
(15,43)
(17,27)
(17,32)
(19,22)
(20,21)
(20,31)
(20,42)
(20,53)
(20,55)
(22,32)
(23,65)
(24,42)
(25,34)
(25,48)
(25,122)
(26,52)
(28,65)
(29,54)
(30,35)
(30,45)
(30,47)
(30,65)
(31,32)
(34,56)
(34,148)
(36,142)
(39,65)
(40,52)
(41,65)
(44,48)
(45,55)
(46,52)
(48,62)
(48,86)
(48,176)
(50,51)
(51,61)
(51,67)
(51,69)
(51,70)
(52,71)
(55,64)
(55,106)
(56,57)
(57,71)
(58,144)
(59,67)
(59,84)
(59,113)
(60,64)
(62,79)
(62,142)
(63,73)
(63,90)
(64,68)
(64,85)
(64,109)
(64,113)
(65,81)
(66,94)
(66,113)
(71,96)
(71,110)
(71,113)
(71,115)
(72,94)
(74,144)
(75,89)
(76,106)
(77,80)
(78,98)
(78,104)
(78,107)
(80,89)
(82,88)
(82,104)
(83,106)
(83,108)
(83,114)
(87,158)
(89,118)
(89,127)
(89,176)
(90,106)
(91,93)
(92,108)
(92,120)
(93,105)
(93,134)
(94,102)
(95,113)
(97,137)
(99,142)
(100,132)
(101,113)
(103,176)
(104,120)
(109,125)
(109,129)
(109,131)
(110,134)
(111,114)
(112,113)
(116,147)
(117,119)
(119,135)
(121,150)
(123,147)
(124,134)
(126,131)
(128,135)
(130,141)
(130,148)
(132,138)
(132,143)
(133,150)
(133,155)
(135,136)
(135,138)
(137,148)
(138,140)
(139,147)
(140,145)
(143,150)
(144,150)
(146,150)
(147,150)
(149,153)
(149,154)
(149,155)
(149,162)
(149,171)
(151,155)
(152,158)
(152,160)
(155,163)
(156,157)
(157,158)
(157,164)
(157,168)
(159,161)
(159,165)
(159,168)
(162,165)
(163,176)
(164,166)
(165,167)
(165,172)
(167,178)
(169,170)
(169,174)
(169,175)
(172,175)
(173,174)
(174,177)
(174,179)
