Nodes: 20
Protection radius: 1.000000
Disaster radius: 0.500000
0: 0.395165 10.081000
1: 1.703114 11.787017
2: 2.337218 0.317092
3: 3.115810 6.327766
4: 3.333085 3.874272
5: 3.692501 13.467611
6: 4.352657 1.818238
7: 4.360184 10.990131
8: 5.583749 6.776227
9: 6.644858 2.501288
10: 6.829530 8.900896
11: 8.036493 11.921589
12: 8.640855 5.915073
13: 9.258970 13.685572
14: 9.520521 8.316064
15: 11.521675 13.136261
16: 12.934305 2.018929
17: 13.053819 4.456682
18: 13.681710 8.323763
19: 13.769092 10.997514
Edges
(0,2)
(1,3)
(1,7)
(2,9)
(2,16)
(4,6)
(5,10)
(5,13)
(5,16)
(5,19)
(6,9)
(6,12)
(7,8)
(7,10)
(7,16)
(11,17)
(11,19)
(13,15)
(14,16)
(15,19)
(16,18)
