Nodes: 60
Protection radius: 1.000000
Disaster radius: 0.500000
0: 1.220151 21.945574
1: 1.223992 6.572641
2: 1.246268 12.891018
3: 2.242700 18.501929
4: 2.317046 15.955060
5: 2.609290 32.030696
6: 3.162742 25.212431
7: 4.247398 9.029639
8: 6.518679 5.048636
9: 6.779856 18.900953
10: 6.901830 23.646714
11: 7.060025 0.883023
12: 8.169399 15.375737
13: 9.367497 33.858887
14: 10.142661 26.346008
15: 11.199198 0.747170
16: 12.944080 32.366250
17: 13.142412 19.166869
18: 13.387916 4.050621
19: 13.781284 10.529767
20: 15.299235 33.548478
21: 15.543779 22.605953
22: 15.704123 14.020449
23: 16.151568 27.061313
24: 16.803724 24.738567
25: 17.691415 11.433292
26: 18.151938 15.169652
27: 18.572956 0.496898
28: 19.103744 32.797306
29: 19.913899 21.211804
30: 21.003697 23.073049
31: 21.273005 6.055713
32: 21.958304 19.819224
33: 23.694265 2.196878
34: 24.419111 35.099327
35: 24.420703 15.333521
36: 24.664905 10.819169
37: 24.956666 6.674484
38: 25.034521 21.834309
39: 25.601339 29.204064
40: 25.619427 2.754859
41: 26.390336 24.593245
42: 27.086972 18.693528
43: 28.303390 12.724615
44: 29.730404 28.052861
45: 30.503173 0.071027
46: 30.585461 25.443688
47: 30.708042 22.055013
48: 30.806816 31.608716
49: 30.858602 34.110197
50: 31.136853 15.878485
51: 31.964586 2.482461
52: 33.020492 19.225926
53: 33.246376 23.011433
54: 34.408143 8.835725
55: 34.572013 11.212681
56: 34.847035 3.155635
57: 35.080006 5.934115
58: 35.330569 34.913539
59: 35.797209 32.933099
Edges
(0,1)
(0,26)
(0,36)
(1,2)
(1,3)
(1,7)
(1,9)
(1,19)
(3,4)
(5,6)
(5,14)
(5,16)
(5,23)
(5,46)
(5,48)
(5,56)
(6,10)
(6,17)
(7,12)
(7,22)
(8,11)
(8,25)
(8,31)
(8,36)
(8,37)
(11,40)
(11,45)
(13,34)
(15,45)
(16,20)
(18,31)
(21,24)
(21,57)
(24,35)
(24,41)
(24,53)
(27,45)
(28,34)
(28,48)
(29,35)
(30,35)
(31,51)
(32,35)
(33,45)
(34,49)
(35,38)
(35,43)
(35,54)
(35,55)
(38,47)
(38,50)
(39,46)
(41,46)
(42,50)
(44,46)
(44,58)
(47,52)
(51,56)
(52,59)
