Nodes: 26
Protection radius: 1
Disaster radius: 0.5
0: 0 0 
1: 0 3 
2: 69 3 
3: 3 0.000945179584120983 
4: 6 0.022727272727272728 
5: 9 0.044513457556935816 
6: 12 0.06630434782608695 
7: 15 0.08810068649885583 
8: 18 0.10990338164251208 
9: 21 0.13171355498721227 
10: 24 0.15353260869565216 
11: 27 0.1753623188405797 
12: 30 0.19720496894409936 
13: 33 0.21906354515050167 
14: 36 0.24094202898550726 
15: 39 0.2628458498023716 
16: 42 0.28478260869565214 
17: 45 0.30676328502415456 
18: 48 0.328804347826087 
19: 51 0.35093167701863354 
20: 54 0.3731884057971015 
21: 57 0.39565217391304347 
22: 60 0.41847826086956524 
23: 63 0.44202898550724634 
24: 66 0.4673913043478261 
25: 69 0.5 
Edges
(0,1)
(1,2)
(0, 3)
(0, 4)
(0, 5)
(0, 6)
(0, 7)
(0, 8)
(0, 9)
(0, 10)
(0, 11)
(0, 12)
(0, 13)
(0, 14)
(0, 15)
(0, 16)
(0, 17)
(0, 18)
(0, 19)
(0, 20)
(0, 21)
(0, 22)
(0, 23)
(0, 24)
(0, 25)
