Nodes: 20
Protection radius: 1
Disaster radius: 0.5
0: 0 0 
1: 0 3 
2: 51 3 
3: 3 0.0017301038062283738 
4: 6 0.03125 
5: 9 0.0607843137254902 
6: 12 0.09033613445378152 
7: 15 0.11990950226244343 
8: 18 0.14950980392156862 
9: 21 0.17914438502673796 
10: 24 0.20882352941176469 
11: 27 0.23856209150326796 
12: 30 0.26838235294117646 
13: 33 0.29831932773109243 
14: 36 0.3284313725490196 
15: 39 0.3588235294117647 
16: 42 0.3897058823529412 
17: 45 0.4215686274509804 
18: 48 0.45588235294117646 
19: 51 0.5 
Edges
(0,1)
(1,2)
(0, 3)
(0, 4)
(0, 5)
(0, 6)
(0, 7)
(0, 8)
(0, 9)
(0, 10)
(0, 11)
(0, 12)
(0, 13)
(0, 14)
(0, 15)
(0, 16)
(0, 17)
(0, 18)
(0, 19)
