Nodes: 21
Protection radius: 1
Disaster radius: 0.5
0: 0 0 
1: 0 3 
2: 54 3 
3: 3 0.0015432098765432098 
4: 6 0.029411764705882353 
5: 9 0.057291666666666664 
6: 12 0.0851851851851852 
7: 15 0.11309523809523808 
8: 18 0.14102564102564102 
9: 21 0.16898148148148148 
10: 24 0.19696969696969696 
11: 27 0.22499999999999998 
12: 30 0.25308641975308643 
13: 33 0.28125 
14: 36 0.30952380952380953 
15: 39 0.33796296296296297 
16: 42 0.36666666666666664 
17: 45 0.3958333333333333 
18: 48 0.42592592592592593 
19: 51 0.4583333333333333 
20: 54 0.5 
Edges
(0,1)
(1,2)
(0, 3)
(0, 4)
(0, 5)
(0, 6)
(0, 7)
(0, 8)
(0, 9)
(0, 10)
(0, 11)
(0, 12)
(0, 13)
(0, 14)
(0, 15)
(0, 16)
(0, 17)
(0, 18)
(0, 19)
(0, 20)
