Nodes: 29
Protection radius: 1
Disaster radius: 0.5
0: 0 0 
1: 0 3 
2: 78 3 
3: 3 0.0007396449704142013 
4: 6 0.02 
5: 9 0.03926282051282051 
6: 12 0.05852842809364549 
7: 15 0.0777972027972028 
8: 18 0.09706959706959707 
9: 21 0.11634615384615385 
10: 24 0.13562753036437247 
11: 27 0.15491452991452992 
12: 30 0.17420814479638008 
13: 33 0.1935096153846154 
14: 36 0.2128205128205128 
15: 39 0.23214285714285715 
16: 42 0.2514792899408284 
17: 45 0.27083333333333337 
18: 48 0.2902097902097902 
19: 51 0.3096153846153846 
20: 54 0.32905982905982906 
21: 57 0.3485576923076923 
22: 60 0.3681318681318681 
23: 63 0.38782051282051283 
24: 66 0.4076923076923077 
25: 69 0.42788461538461536 
26: 72 0.4487179487179487 
27: 75 0.47115384615384615 
28: 78 0.5 
Edges
(0,1)
(1,2)
(0, 3)
(0, 4)
(0, 5)
(0, 6)
(0, 7)
(0, 8)
(0, 9)
(0, 10)
(0, 11)
(0, 12)
(0, 13)
(0, 14)
(0, 15)
(0, 16)
(0, 17)
(0, 18)
(0, 19)
(0, 20)
(0, 21)
(0, 22)
(0, 23)
(0, 24)
(0, 25)
(0, 26)
(0, 27)
(0, 28)
