Nodes: 27
Protection radius: 1
Disaster radius: 0.5
0: 0 0 
1: 0 3 
2: 72 3 
3: 3 0.0008680555555555555 
4: 6 0.021739130434782608 
5: 9 0.04261363636363636 
6: 12 0.06349206349206349 
7: 15 0.08437499999999999 
8: 18 0.10526315789473684 
9: 21 0.1261574074074074 
10: 24 0.14705882352941177 
11: 27 0.16796875 
12: 30 0.18888888888888888 
13: 33 0.20982142857142858 
14: 36 0.23076923076923075 
15: 39 0.2517361111111111 
16: 42 0.27272727272727276 
17: 45 0.29375 
18: 48 0.3148148148148148 
19: 51 0.3359375 
20: 54 0.35714285714285715 
21: 57 0.37847222222222227 
22: 60 0.39999999999999997 
23: 63 0.421875 
24: 66 0.4444444444444444 
25: 69 0.46875 
26: 72 0.5 
Edges
(0,1)
(1,2)
(0, 3)
(0, 4)
(0, 5)
(0, 6)
(0, 7)
(0, 8)
(0, 9)
(0, 10)
(0, 11)
(0, 12)
(0, 13)
(0, 14)
(0, 15)
(0, 16)
(0, 17)
(0, 18)
(0, 19)
(0, 20)
(0, 21)
(0, 22)
(0, 23)
(0, 24)
(0, 25)
(0, 26)
