Nodes: 22
Protection radius: 1
Disaster radius: 0.5
0: 0 0 
1: 0 3 
2: 57 3 
3: 3 0.0013850415512465374 
4: 6 0.02777777777777778 
5: 9 0.054179566563467486 
6: 12 0.0805921052631579 
7: 15 0.10701754385964912 
8: 18 0.13345864661654136 
9: 21 0.15991902834008095 
10: 24 0.18640350877192982 
11: 27 0.21291866028708137 
12: 30 0.2394736842105263 
13: 33 0.26608187134502925 
14: 36 0.29276315789473684 
15: 39 0.31954887218045114 
16: 42 0.3464912280701754 
17: 45 0.3736842105263158 
18: 48 0.40131578947368424 
19: 51 0.4298245614035087 
20: 54 0.4605263157894737 
21: 57 0.5 
Edges
(0,1)
(1,2)
(0, 3)
(0, 4)
(0, 5)
(0, 6)
(0, 7)
(0, 8)
(0, 9)
(0, 10)
(0, 11)
(0, 12)
(0, 13)
(0, 14)
(0, 15)
(0, 16)
(0, 17)
(0, 18)
(0, 19)
(0, 20)
(0, 21)
