Nodes: 33
Protection radius: 1
Disaster radius: 0.5
0: 0 0 
1: 0 3 
2: 90 3 
3: 3 0.0005555555555555556 
4: 6 0.017241379310344827 
5: 9 0.033928571428571426 
6: 12 0.050617283950617285 
7: 15 0.0673076923076923 
8: 18 0.084 
9: 21 0.10069444444444445 
10: 24 0.11739130434782609 
11: 27 0.1340909090909091 
12: 30 0.15079365079365079 
13: 33 0.1675 
14: 36 0.18421052631578946 
15: 39 0.20092592592592592 
16: 42 0.21764705882352942 
17: 45 0.234375 
18: 48 0.2511111111111111 
19: 51 0.2678571428571429 
20: 54 0.2846153846153846 
21: 57 0.3013888888888889 
22: 60 0.3181818181818182 
23: 63 0.335 
24: 66 0.35185185185185186 
25: 69 0.36875 
26: 72 0.38571428571428573 
27: 75 0.4027777777777778 
28: 78 0.42 
29: 81 0.4375 
30: 84 0.45555555555555555 
31: 87 0.475 
32: 90 0.5 
Edges
(0,1)
(1,2)
(0, 3)
(0, 4)
(0, 5)
(0, 6)
(0, 7)
(0, 8)
(0, 9)
(0, 10)
(0, 11)
(0, 12)
(0, 13)
(0, 14)
(0, 15)
(0, 16)
(0, 17)
(0, 18)
(0, 19)
(0, 20)
(0, 21)
(0, 22)
(0, 23)
(0, 24)
(0, 25)
(0, 26)
(0, 27)
(0, 28)
(0, 29)
(0, 30)
(0, 31)
(0, 32)
