Nodes: 31
Protection radius: 1
Disaster radius: 0.5
0: 0 0 
1: 0 3 
2: 84 3 
3: 3 0.0006377551020408163 
4: 6 0.018518518518518517 
5: 9 0.0364010989010989 
6: 12 0.054285714285714284 
7: 15 0.07217261904761905 
8: 18 0.09006211180124224 
9: 21 0.10795454545454546 
10: 24 0.12585034013605442 
11: 27 0.14375000000000002 
12: 30 0.16165413533834586 
13: 33 0.17956349206349206 
14: 36 0.19747899159663865 
15: 39 0.21540178571428573 
16: 42 0.23333333333333334 
17: 45 0.2512755102040816 
18: 48 0.2692307692307692 
19: 51 0.28720238095238093 
20: 54 0.3051948051948052 
21: 57 0.32321428571428573 
22: 60 0.3412698412698413 
23: 63 0.359375 
24: 66 0.37755102040816324 
25: 69 0.39583333333333337 
26: 72 0.41428571428571426 
27: 75 0.4330357142857143 
28: 78 0.4523809523809524 
29: 81 0.4732142857142857 
30: 84 0.5 
Edges
(0,1)
(1,2)
(0, 3)
(0, 4)
(0, 5)
(0, 6)
(0, 7)
(0, 8)
(0, 9)
(0, 10)
(0, 11)
(0, 12)
(0, 13)
(0, 14)
(0, 15)
(0, 16)
(0, 17)
(0, 18)
(0, 19)
(0, 20)
(0, 21)
(0, 22)
(0, 23)
(0, 24)
(0, 25)
(0, 26)
(0, 27)
(0, 28)
(0, 29)
(0, 30)
