Nodes: 18
Protection radius: 1
Disaster radius: 0.5
0: 0 0 
1: 0 3 
2: 45 3 
3: 3 0.0022222222222222222 
4: 6 0.03571428571428571 
5: 9 0.06923076923076923 
6: 12 0.10277777777777779 
7: 15 0.13636363636363635 
8: 18 0.16999999999999998 
9: 21 0.2037037037037037 
10: 24 0.2375 
11: 27 0.2714285714285714 
12: 30 0.3055555555555555 
13: 33 0.33999999999999997 
14: 36 0.375 
15: 39 0.41111111111111115 
16: 42 0.45 
17: 45 0.5 
Edges
(0,1)
(1,2)
(0, 3)
(0, 4)
(0, 5)
(0, 6)
(0, 7)
(0, 8)
(0, 9)
(0, 10)
(0, 11)
(0, 12)
(0, 13)
(0, 14)
(0, 15)
(0, 16)
(0, 17)
