Nodes: 30
Protection radius: 1
Disaster radius: 0.5
0: 0 0 
1: 0 3 
2: 81 3 
3: 3 0.0006858710562414266 
4: 6 0.019230769230769232 
5: 9 0.03777777777777778 
6: 12 0.05632716049382716 
7: 15 0.0748792270531401 
8: 18 0.09343434343434344 
9: 21 0.11199294532627865 
10: 24 0.13055555555555556 
11: 27 0.14912280701754385 
12: 30 0.1676954732510288 
13: 33 0.18627450980392157 
14: 36 0.2048611111111111 
15: 39 0.2234567901234568 
16: 42 0.24206349206349206 
17: 45 0.2606837606837607 
18: 48 0.279320987654321 
19: 51 0.29797979797979796 
20: 54 0.3166666666666667 
21: 57 0.3353909465020576 
22: 60 0.3541666666666667 
23: 63 0.373015873015873 
24: 66 0.39197530864197533 
25: 69 0.4111111111111111 
26: 72 0.4305555555555556 
27: 75 0.4506172839506173 
28: 78 0.4722222222222222 
29: 81 0.5 
Edges
(0,1)
(1,2)
(0, 3)
(0, 4)
(0, 5)
(0, 6)
(0, 7)
(0, 8)
(0, 9)
(0, 10)
(0, 11)
(0, 12)
(0, 13)
(0, 14)
(0, 15)
(0, 16)
(0, 17)
(0, 18)
(0, 19)
(0, 20)
(0, 21)
(0, 22)
(0, 23)
(0, 24)
(0, 25)
(0, 26)
(0, 27)
(0, 28)
(0, 29)
