Nodes: 23
Protection radius: 1
Disaster radius: 0.5
0: 0 0 
1: 0 3 
2: 60 3 
3: 3 0.00125 
4: 6 0.02631578947368421 
5: 9 0.05138888888888889 
6: 12 0.07647058823529411 
7: 15 0.1015625 
8: 18 0.12666666666666665 
9: 21 0.15178571428571427 
10: 24 0.1769230769230769 
11: 27 0.20208333333333334 
12: 30 0.2272727272727273 
13: 33 0.2525 
14: 36 0.2777777777777778 
15: 39 0.303125 
16: 42 0.32857142857142857 
17: 45 0.35416666666666663 
18: 48 0.38 
19: 51 0.40625 
20: 54 0.4333333333333333 
21: 57 0.4625 
22: 60 0.5 
Edges
(0,1)
(1,2)
(0, 3)
(0, 4)
(0, 5)
(0, 6)
(0, 7)
(0, 8)
(0, 9)
(0, 10)
(0, 11)
(0, 12)
(0, 13)
(0, 14)
(0, 15)
(0, 16)
(0, 17)
(0, 18)
(0, 19)
(0, 20)
(0, 21)
(0, 22)
