Nodes: 25
Protection radius: 1
Disaster radius: 0.5
0: 0 0 
1: 0 3 
2: 66 3 
3: 3 0.0010330578512396695 
4: 6 0.02380952380952381 
5: 9 0.046590909090909086 
6: 12 0.06937799043062201 
7: 15 0.09217171717171717 
8: 18 0.11497326203208556 
9: 21 0.1377840909090909 
10: 24 0.1606060606060606 
11: 27 0.18344155844155843 
12: 30 0.20629370629370627 
13: 33 0.22916666666666669 
14: 36 0.25206611570247933 
15: 39 0.27499999999999997 
16: 42 0.29797979797979796 
17: 45 0.3210227272727273 
18: 48 0.34415584415584416 
19: 51 0.36742424242424243 
20: 54 0.3909090909090909 
21: 57 0.4147727272727273 
22: 60 0.4393939393939394 
23: 63 0.4659090909090909 
24: 66 0.5 
Edges
(0,1)
(1,2)
(0, 3)
(0, 4)
(0, 5)
(0, 6)
(0, 7)
(0, 8)
(0, 9)
(0, 10)
(0, 11)
(0, 12)
(0, 13)
(0, 14)
(0, 15)
(0, 16)
(0, 17)
(0, 18)
(0, 19)
(0, 20)
(0, 21)
(0, 22)
(0, 23)
(0, 24)
