Nodes: 24
Protection radius: 1
Disaster radius: 0.5
0: 0 0 
1: 0 3 
2: 63 3 
3: 3 0.0011337868480725624 
4: 6 0.025 
5: 9 0.048872180451127824 
6: 12 0.07275132275132275 
7: 15 0.09663865546218486 
8: 18 0.12053571428571429 
9: 21 0.14444444444444443 
10: 24 0.1683673469387755 
11: 27 0.1923076923076923 
12: 30 0.21626984126984128 
13: 33 0.24025974025974028 
14: 36 0.2642857142857143 
15: 39 0.28835978835978837 
16: 42 0.3125 
17: 45 0.336734693877551 
18: 48 0.3611111111111111 
19: 51 0.3857142857142857 
20: 54 0.4107142857142857 
21: 57 0.43650793650793646 
22: 60 0.4642857142857143 
23: 63 0.5 
Edges
(0,1)
(1,2)
(0, 3)
(0, 4)
(0, 5)
(0, 6)
(0, 7)
(0, 8)
(0, 9)
(0, 10)
(0, 11)
(0, 12)
(0, 13)
(0, 14)
(0, 15)
(0, 16)
(0, 17)
(0, 18)
(0, 19)
(0, 20)
(0, 21)
(0, 22)
(0, 23)
