Nodes: 17
Protection radius: 1
Disaster radius: 0.5
0: 0 0 
1: 0 3 
2: 42 3 
3: 3 0.002551020408163265 
4: 6 0.03846153846153846 
5: 9 0.0744047619047619 
6: 12 0.11038961038961038 
7: 15 0.1464285714285714 
8: 18 0.18253968253968253 
9: 21 0.21875 
10: 24 0.25510204081632654 
11: 27 0.29166666666666663 
12: 30 0.32857142857142857 
13: 33 0.36607142857142855 
14: 36 0.40476190476190477 
15: 39 0.44642857142857145 
16: 42 0.5 
Edges
(0,1)
(1,2)
(0, 3)
(0, 4)
(0, 5)
(0, 6)
(0, 7)
(0, 8)
(0, 9)
(0, 10)
(0, 11)
(0, 12)
(0, 13)
(0, 14)
(0, 15)
(0, 16)
