Nodes: 16
Protection radius: 1
Disaster radius: 0.5
0: 0 0 
1: 0 3 
2: 39 3 
3: 3 0.002958579881656805 
4: 6 0.041666666666666664 
5: 9 0.08041958041958042 
6: 12 0.11923076923076924 
7: 15 0.1581196581196581 
8: 18 0.1971153846153846 
9: 21 0.23626373626373628 
10: 24 0.27564102564102566 
11: 27 0.3153846153846154 
12: 30 0.3557692307692308 
13: 33 0.39743589743589747 
14: 36 0.4423076923076923 
15: 39 0.5 
Edges
(0,1)
(1,2)
(0, 3)
(0, 4)
(0, 5)
(0, 6)
(0, 7)
(0, 8)
(0, 9)
(0, 10)
(0, 11)
(0, 12)
(0, 13)
(0, 14)
(0, 15)
