Nodes: 28
Protection radius: 1
Disaster radius: 0.5
0: 0 0 
1: 0 3 
2: 75 3 
3: 3 0.0008 
4: 6 0.020833333333333336 
5: 9 0.04086956521739131 
6: 12 0.060909090909090906 
7: 15 0.08095238095238094 
8: 18 0.10099999999999999 
9: 21 0.12105263157894736 
10: 24 0.1411111111111111 
11: 27 0.16117647058823528 
12: 30 0.18125 
13: 33 0.20133333333333334 
14: 36 0.22142857142857142 
15: 39 0.24153846153846154 
16: 42 0.26166666666666666 
17: 45 0.28181818181818186 
18: 48 0.302 
19: 51 0.3222222222222222 
20: 54 0.3425 
21: 57 0.3628571428571428 
22: 60 0.38333333333333336 
23: 63 0.40399999999999997 
24: 66 0.425 
25: 69 0.44666666666666666 
26: 72 0.47 
27: 75 0.5 
Edges
(0,1)
(1,2)
(0, 3)
(0, 4)
(0, 5)
(0, 6)
(0, 7)
(0, 8)
(0, 9)
(0, 10)
(0, 11)
(0, 12)
(0, 13)
(0, 14)
(0, 15)
(0, 16)
(0, 17)
(0, 18)
(0, 19)
(0, 20)
(0, 21)
(0, 22)
(0, 23)
(0, 24)
(0, 25)
(0, 26)
(0, 27)
