Nodes: 32
Protection radius: 1
Disaster radius: 0.5
0: 0 0 
1: 0 3 
2: 87 3 
3: 3 0.0005945303210463733 
4: 6 0.01785714285714286 
5: 9 0.0351213282247765 
6: 12 0.05238726790450928 
7: 15 0.0696551724137931 
8: 18 0.08692528735632185 
9: 21 0.10419790104947527 
10: 24 0.12147335423197493 
11: 27 0.138752052545156 
12: 30 0.1560344827586207 
13: 33 0.1733212341197822 
14: 36 0.19061302681992337 
15: 39 0.2079107505070994 
16: 42 0.2252155172413793 
17: 45 0.2425287356321839 
18: 48 0.25985221674876846 
19: 51 0.27718832891246686 
20: 54 0.29454022988505746 
21: 57 0.3119122257053291 
22: 60 0.32931034482758625 
23: 63 0.34674329501915707 
24: 66 0.3642241379310345 
25: 69 0.3817733990147783 
26: 72 0.3994252873563219 
27: 75 0.41724137931034483 
28: 78 0.4353448275862069 
29: 81 0.4540229885057471 
30: 84 0.47413793103448276 
31: 87 0.5 
Edges
(0,1)
(1,2)
(0, 3)
(0, 4)
(0, 5)
(0, 6)
(0, 7)
(0, 8)
(0, 9)
(0, 10)
(0, 11)
(0, 12)
(0, 13)
(0, 14)
(0, 15)
(0, 16)
(0, 17)
(0, 18)
(0, 19)
(0, 20)
(0, 21)
(0, 22)
(0, 23)
(0, 24)
(0, 25)
(0, 26)
(0, 27)
(0, 28)
(0, 29)
(0, 30)
(0, 31)
