Nodes: 19
Protection radius: 1
Disaster radius: 0.5
0: 0 0 
1: 0 3 
2: 48 3 
3: 3 0.001953125 
4: 6 0.03333333333333333 
5: 9 0.06473214285714286 
6: 12 0.09615384615384616 
7: 15 0.12760416666666666 
8: 18 0.1590909090909091 
9: 21 0.190625 
10: 24 0.2222222222222222 
11: 27 0.25390625 
12: 30 0.2857142857142857 
13: 33 0.3177083333333333 
14: 36 0.35 
15: 39 0.3828125 
16: 42 0.4166666666666667 
17: 45 0.453125 
18: 48 0.5 
Edges
(0,1)
(1,2)
(0, 3)
(0, 4)
(0, 5)
(0, 6)
(0, 7)
(0, 8)
(0, 9)
(0, 10)
(0, 11)
(0, 12)
(0, 13)
(0, 14)
(0, 15)
(0, 16)
(0, 17)
(0, 18)
